기준_년분기_코드,상권_구분_코드,상권_구분_코드_명,상권_코드,상권_코드_명,총_직장_인구_수,남성_직장_인구_수,여성_직장_인구_수,연령대_10_직장_인구_수,연령대_20_직장_인구_수,연령대_30_직장_인구_수,연령대_40_직장_인구_수,연령대_50_직장_인구_수,연령대_60_이상_직장_인구_수,남성연령대_10_직장_인구_수,남성연령대_20_직장_인구_수,남성연령대_30_직장_인구_수,남성연령대_40_직장_인구_수,남성연령대_50_직장_인구_수,남성연령대_60_이상_직장_인구_수,여성연령대_10_직장_인구_수,여성연령대_20_직장_인구_수,여성연령대_30_직장_인구_수,여성연령대_40_직장_인구_수,여성연령대_50_직장_인구_수,여성연령대_60_이상_직장_인구_수
20241,U,관광특구,3001491,이태원 관광특구,28395,15935,12460,8,6830,9855,6365,4305,1032,8,2203,4986,4313,3583,842,0,4627,4869,2052,722,190
20241,U,관광특구,3001492,명동 남대문 북창동 다동 무교동 관광특구,214604,123445,91159,396,43270,71925,55534,34108,9371,87,16696,38123,36717,25448,6374,309,26574,33802,18817,8660,2997
20241,U,관광특구,3001493,동대문패션타운 관광특구,33474,16833,16641,273,9661,8613,6813,5378,2736,109,4636,4972,3883,2050,1183,164,5025,3641,2930,3328,1553
20241,U,관광특구,3001494,종로?청계 관광특구,47296,26388,20908,670,9566,14142,12876,7558,2484,242,4114,7326,7672,5302,1732,428,5452,6816,5204,2256,752
20241,U,관광특구,3001495,잠실 관광특구,111557,65817,45740,195,18343,29274,28408,24388,10949,80,9089,18331,18070,13050,7197,115,9254,10943,10338,11338,3752
20241,U,관광특구,3001496,강남 마이스 관광특구,113536,76610,36926,286,22874,34048,30408,20154,5766,142,12294,22506,22424,15800,3444,144,10580,11542,7984,4354,2322
20241,A,골목상권,3110001,이북5도청사,2441,1370,1071,0,303,654,800,532,152,0,146,334,473,319,98,0,157,320,327,213,54
20241,A,골목상권,3110002,독립문역 1번,403,109,294,0,114,114,103,50,22,0,26,26,33,13,11,0,88,88,70,37,11
20241,A,골목상권,3110003,세검정초등학교,1186,667,519,0,157,325,375,251,78,0,71,172,220,151,53,0,86,153,155,100,25
20241,A,골목상권,3110004,대신고등학교,27,9,18,0,6,8,9,3,1,0,1,2,4,1,1,0,5,6,5,2,0
20241,A,골목상권,3110005,세검정,394,219,175,0,67,115,106,75,31,0,27,63,60,46,23,0,40,52,46,29,8
20241,A,골목상권,3110006,부암동주민센터,142,79,63,0,24,41,39,28,10,0,10,22,22,17,8,0,14,19,17,11,2
20241,A,골목상권,3110007,사직공원(한국사회과학도서관),302,189,113,0,40,87,91,60,24,0,16,53,62,42,16,0,24,34,29,18,8
20241,A,골목상권,3110008,배화여자대학교(박노수미술관),1045,673,372,0,171,302,301,197,74,0,72,189,218,141,53,0,99,113,83,56,21
20241,A,골목상권,3110009,자하문터널,239,135,104,0,39,72,69,45,14,0,15,40,39,30,11,0,24,32,30,15,3
20241,A,골목상권,3110010,평창동서측,3988,2238,1750,0,490,1072,1308,866,252,0,236,548,773,520,161,0,254,524,535,346,91
20241,A,골목상권,3110011,청운초등학교,166,107,59,0,31,47,46,31,11,0,14,29,34,22,8,0,17,18,12,9,3
20241,A,골목상권,3110012,성곡미술관,2803,1756,1047,0,368,796,846,559,234,0,153,488,581,389,145,0,215,308,265,170,89
20241,A,골목상권,3110013,체부동홍종문가옥,96,62,34,0,16,27,28,18,7,0,7,17,20,13,5,0,9,10,8,5,2
20241,A,골목상권,3110014,경복고등학교,1501,972,529,0,275,436,420,267,103,0,121,274,311,193,73,0,154,162,109,74,30
20241,A,골목상권,3110015,청와대사랑채,823,532,291,1,153,241,228,145,55,0,66,151,170,106,39,1,87,90,58,39,16
20241,A,골목상권,3110016,평창동동측,2949,1656,1293,0,365,792,967,644,181,0,176,404,572,388,116,0,189,388,395,256,65
20241,A,골목상권,3110017,정독도서관,408,324,84,0,46,125,129,86,22,0,28,94,108,75,19,0,18,31,21,11,3
20241,A,골목상권,3110018,중앙고등학교,1215,910,305,0,128,419,366,231,71,0,67,308,288,190,57,0,61,111,78,41,14
20241,A,골목상권,3110019,창덕궁,962,528,434,7,195,300,266,151,43,3,83,150,156,106,30,4,112,150,110,45,13
20241,A,골목상권,3110020,서울국제고등학교,887,433,454,0,139,247,219,180,102,0,45,121,117,92,58,0,94,126,102,88,44
20241,A,골목상권,3110021,성균관대학교,899,440,459,0,146,247,218,180,108,0,50,121,117,94,58,0,96,126,101,86,50
20241,A,골목상권,3110022,경신고등학교,238,117,121,0,38,65,59,48,28,0,13,32,32,25,15,0,25,33,27,23,13
20241,A,골목상권,3110023,서울대병원,62,35,27,0,10,14,17,13,8,0,3,7,10,9,6,0,7,7,7,4,2
20241,A,골목상권,3110024,혜회동주민센터,444,217,227,0,72,122,109,87,54,0,25,60,58,44,30,0,47,62,51,43,24
20241,A,골목상권,3110025,충신시장옆,470,295,175,8,110,135,116,73,28,1,46,87,85,56,20,7,64,48,31,17,8
20241,A,골목상권,3110026,종로5가역 4번,498,313,185,9,118,145,122,77,27,1,50,94,89,59,20,8,68,51,33,18,7
20241,A,골목상권,3110027,혜화역 1번,103,60,43,0,13,29,27,23,11,0,4,13,18,16,9,0,9,16,9,7,2
20241,A,골목상권,3110028,이화달팽이길,509,309,200,1,103,143,132,91,39,0,38,80,88,70,33,1,65,63,44,21,6
20241,A,골목상권,3110029,동대문역 1번,58,14,44,0,1,7,16,26,8,0,0,2,3,7,2,0,1,5,13,19,6
20241,A,골목상권,3110030,동대문역 3번,24,10,14,0,1,4,8,7,4,0,0,1,3,3,3,0,1,3,5,4,1
20241,A,골목상권,3110031,창신역 1번,82,35,47,0,8,22,21,26,5,0,1,8,8,13,5,0,7,14,13,13,0
20241,A,골목상권,3110032,수족관거리,78,32,46,0,2,12,28,24,12,0,0,2,10,10,10,0,2,10,18,14,2
20241,A,골목상권,3110033,창신역 4번,138,62,76,0,24,31,34,32,17,0,0,13,17,17,15,0,24,18,17,15,2
20241,A,골목상권,3110034,창신1동주민센터,49,21,28,0,1,8,18,13,9,0,0,2,6,6,7,0,1,6,12,7,2
20241,A,골목상권,3110035,동묘앞역 2번,246,120,126,0,36,45,60,60,45,0,6,20,33,35,26,0,30,25,27,25,19
20241,A,골목상권,3110036,동묘앞역 3번,138,71,67,0,20,23,34,34,27,0,5,11,19,21,15,0,15,12,15,13,12
20241,A,골목상권,3110037,신설동역 12번,410,293,117,0,40,111,91,93,75,0,18,84,69,71,51,0,22,27,22,22,24
20241,A,골목상권,3110038,경향신문사,4022,2135,1887,22,1164,1270,884,532,150,6,378,632,631,388,100,16,786,638,253,144,50
20241,A,골목상권,3110039,회현역 1번,629,389,240,0,118,222,173,91,25,0,55,132,113,72,17,0,63,90,60,19,8
20241,A,골목상권,3110040,중구회현체육센터(정화예술대남산캠퍼스),1162,718,444,0,219,411,320,169,43,0,101,245,208,134,30,0,118,166,112,35,13
20241,A,골목상권,3110041,남산케이블카,1045,608,437,0,171,354,284,185,51,0,68,183,184,138,35,0,103,171,100,47,16
20241,A,골목상권,3110042,남산골공원옆,2278,1072,1206,0,326,580,703,499,170,0,111,287,331,233,110,0,215,293,372,266,60
20241,A,골목상권,3110043,충무초등학교,1714,864,850,1,328,454,483,350,98,0,115,241,258,185,65,1,213,213,225,165,33
20241,A,골목상권,3110044,관성묘,625,330,295,1,143,171,163,121,26,0,51,96,96,70,17,1,92,75,67,51,9
20241,A,골목상권,3110045,동대문역사문화공원역 5번,1301,668,633,5,336,350,303,229,78,2,143,198,177,109,39,3,193,152,126,120,39
20241,A,골목상권,3110046,버티고개,109,71,38,0,19,38,28,18,6,0,8,27,20,11,5,0,11,11,8,7,1
20241,A,골목상권,3110047,다산성곽길,367,235,132,0,65,119,91,62,30,0,27,82,64,39,23,0,38,37,27,23,7
20241,A,골목상권,3110048,장충동주민센터,1193,651,542,1,266,339,304,223,60,0,97,200,187,127,40,1,169,139,117,96,20
20241,A,골목상권,3110049,장충단 고개,2333,1479,854,0,412,749,565,408,199,0,168,515,398,250,148,0,244,234,167,158,51
20241,A,골목상권,3110050,약수역 7번,2475,956,1519,5,398,926,685,339,122,0,122,326,227,194,87,5,276,600,458,145,35
20241,A,골목상권,3110051,한양공고앞 교차로,22,13,9,0,8,5,4,3,2,0,3,3,2,3,2,0,5,2,2,0,0
20241,A,골목상권,3110052,장충초등학교,796,506,290,0,142,258,196,137,63,0,59,178,137,84,48,0,83,80,59,53,15
20241,A,골목상권,3110053,청구역 1번,77,39,38,0,34,14,14,11,4,0,13,7,7,8,4,0,21,7,7,3,0
20241,A,골목상권,3110054,청구역 3번,11732,6410,5322,0,1703,3095,2770,2524,1640,0,574,1603,1734,1541,958,0,1129,1492,1036,983,682
20241,A,골목상권,3110055,황학동벼룩시장,84,62,22,0,11,25,24,15,9,0,9,16,15,13,9,0,2,9,9,2,0
20241,A,골목상권,3110056,신당역 3번,408,204,204,0,33,99,113,102,61,0,8,36,56,55,49,0,25,63,57,47,12
20241,A,골목상권,3110057,황학코아루아파트,117,86,31,0,15,35,33,22,12,0,11,23,22,18,12,0,4,12,11,4,0
20241,A,골목상권,3110058,성심여자고등학교,1485,1087,398,0,235,457,416,240,137,0,136,329,322,183,117,0,99,128,94,57,20
20241,A,골목상권,3110059,새남터성지,1693,1143,550,0,245,462,500,367,119,0,113,288,375,281,86,0,132,174,125,86,33
20241,A,골목상권,3110060,효창공원앞역 6번,1225,714,511,0,239,332,339,230,85,0,100,196,203,155,60,0,139,136,136,75,25
20241,A,골목상권,3110061,효창동주민센터,475,276,199,0,72,125,132,100,46,0,35,73,79,53,36,0,37,52,53,47,10
20241,A,골목상권,3110062,한강로동땡땡거리(은행나무길),2317,1142,1175,0,474,728,663,339,113,0,192,340,330,206,74,0,282,388,333,133,39
20241,A,골목상권,3110063,효창공원앞역 5번,1161,734,427,0,202,317,317,216,109,0,99,206,204,148,77,0,103,111,113,68,32
20241,A,골목상권,3110064,효창공원앞역 2번,743,424,319,0,101,190,202,163,87,0,49,109,119,83,64,0,52,81,83,80,23
20241,A,골목상권,3110065,남정초등학교,179,122,57,0,28,49,47,33,22,0,16,35,33,22,16,0,12,14,14,11,6
20241,A,골목상권,3110066,서울역 15번,1037,562,475,0,158,268,252,223,136,0,52,123,134,140,113,0,106,145,118,83,23
20241,A,골목상권,3110067,배문고등학교,487,263,224,0,73,127,119,105,63,0,23,58,63,66,53,0,50,69,56,39,10
20241,A,골목상권,3110068,남영역 1번,767,513,254,0,116,212,202,144,93,0,65,144,137,100,67,0,51,68,65,44,26
20241,A,골목상권,3110069,숙대입구,1130,609,521,0,169,291,272,246,152,0,54,134,148,152,121,0,115,157,124,94,31
20241,A,골목상권,3110070,용산세무서,207,101,106,0,43,65,59,30,10,0,18,30,29,18,6,0,25,35,30,12,4
20241,A,골목상권,3110071,한강미주맨션아파트,1700,1090,610,5,275,458,477,348,137,4,136,282,337,235,96,1,139,176,140,113,41
20241,A,골목상권,3110072,열정도,236,159,77,0,36,64,63,44,29,0,21,45,44,30,19,0,15,19,19,14,10
20241,A,골목상권,3110073,삼각지역 3번,1907,942,965,4,389,597,545,280,92,2,158,279,271,171,61,2,231,318,274,109,31
20241,A,골목상권,3110074,서울역 12번,4774,2012,2762,34,1818,1181,913,612,216,1,341,633,542,330,165,33,1477,548,371,282,51
20241,A,골목상권,3110075,숙대입구역 1번,1728,736,992,11,654,427,335,226,75,0,127,230,199,122,58,11,527,197,136,104,17
20241,A,골목상권,3110076,삼각지역 14번,181,90,91,0,37,57,52,26,9,0,15,27,26,16,6,0,22,30,26,10,3
20241,A,골목상권,3110077,삼광초등학교,175,104,71,0,25,40,50,42,18,0,8,24,33,25,14,0,17,16,17,17,4
20241,A,골목상권,3110078,이촌동점보아파트,608,389,219,1,99,164,170,125,49,1,49,101,120,84,34,0,50,63,50,41,15
20241,A,골목상권,3110079,후암동주민센터,1044,619,425,0,151,235,301,247,110,0,48,139,198,144,90,0,103,96,103,103,20
20241,A,골목상권,3110080,해방촌예술마을,222,145,77,0,26,44,73,62,17,0,9,26,53,43,14,0,17,18,20,19,3
20241,A,골목상권,3110081,해방촌 남동측,234,175,59,0,1,40,98,94,1,0,0,21,78,75,1,0,1,19,20,19,0
20241,A,골목상권,3110082,용산구청,5140,2262,2878,0,1512,1968,1008,496,156,0,398,822,558,358,126,0,1114,1146,450,138,30
20241,A,골목상권,3110083,서빙고역 1번,3456,2266,1190,0,616,1029,1067,548,196,0,297,601,779,436,153,0,319,428,288,112,43
20241,A,골목상권,3110084,경리단길북측,360,205,155,0,52,128,104,52,24,0,24,71,56,30,24,0,28,57,48,22,0
20241,A,골목상권,3110085,경리단길남측,361,202,159,0,57,131,102,47,24,0,25,70,55,28,24,0,32,61,47,19,0
20241,A,골목상권,3110086,이태원역 북측,307,164,143,0,77,108,70,41,11,0,25,53,44,32,10,0,52,55,26,9,1
20241,A,골목상권,3110087,이태원엔틱가구거리,820,363,457,0,243,315,160,78,24,0,64,133,88,58,20,0,179,182,72,20,4
20241,A,골목상권,3110088,오산고등학교,1315,862,453,0,232,391,408,211,73,0,110,229,297,167,59,0,122,162,111,44,14
20241,A,골목상권,3110089,서빙고동주민센터,1671,1100,571,0,296,499,515,267,94,0,143,292,377,213,75,0,153,207,138,54,19
20241,A,골목상권,3110090,한국폴리텍대학서울정수캠퍼스,997,648,349,0,172,290,311,165,59,0,80,168,223,130,47,0,92,122,88,35,12
20241,A,골목상권,3110091,리움미술관,908,669,239,0,151,268,240,209,40,0,73,180,194,188,34,0,78,88,46,21,6
20241,A,골목상권,3110092,NH농협은행 보광동지점,125,66,59,0,13,27,37,34,14,0,0,13,20,20,13,0,13,14,17,14,1
20241,A,골목상권,3110093,우사단길,5478,3978,1500,4,915,1633,1437,1249,240,4,425,1076,1157,1119,197,0,490,557,280,130,43
20241,A,골목상권,3110094,오산중학교,27,14,13,0,3,6,8,7,3,0,0,3,4,4,3,0,3,3,4,3,0
20241,A,골목상권,3110095,한강진역 3번,2799,2056,743,1,461,832,737,643,125,1,220,556,598,579,102,0,241,276,139,64,23
20241,A,골목상권,3110096,한남힐사이드아파트,985,720,265,0,163,292,259,228,43,0,77,194,210,204,35,0,86,98,49,24,8
20241,A,골목상권,3110097,한남초등학교,263,193,70,0,44,77,70,60,12,0,21,52,56,54,10,0,23,25,14,6,2
20241,A,골목상권,3110098,서울독일학교,1343,984,359,0,222,400,354,308,59,0,106,267,286,277,48,0,116,133,68,31,11
20241,A,골목상권,3110099,유엔빌리지길,1612,1180,432,1,267,479,424,371,70,1,125,319,344,333,58,0,142,160,80,38,12
20241,A,골목상권,3110100,옥수동우편취급국,450,175,275,0,116,133,102,68,31,0,30,49,48,32,16,0,86,84,54,36,15
20241,A,골목상권,3110101,옥정중학교,1830,711,1119,0,469,542,414,276,129,0,120,201,194,130,66,0,349,341,220,146,63
20241,A,골목상권,3110102,옥수역 6번,2049,796,1253,0,526,606,462,311,144,0,135,224,216,147,74,0,391,382,246,164,70
20241,A,골목상권,3110103,옥수터널,245,96,149,0,61,72,56,38,18,0,15,27,26,18,10,0,46,45,30,20,8
20241,A,골목상권,3110104,신금호역 4번,66,38,28,0,6,11,16,16,17,0,0,4,8,10,16,0,6,7,8,6,1
20241,A,골목상권,3110105,금동어린이공원,31,18,13,0,3,3,8,7,10,0,0,0,4,4,10,0,3,3,4,3,0
20241,A,골목상권,3110106,금북초등학교,177,62,115,0,21,58,73,21,4,0,5,19,28,7,3,0,16,39,45,14,1
20241,A,골목상권,3110107,금호사거리,115,70,45,0,15,26,33,27,14,0,6,13,22,17,12,0,9,13,11,10,2
20241,A,골목상권,3110108,성동구립금호도서관,181,67,114,1,21,59,74,22,4,0,6,20,29,9,3,1,15,39,45,13,1
20241,A,골목상권,3110109,금호삼성래미안아파트,972,357,615,5,114,321,395,112,25,0,34,106,155,44,18,5,80,215,240,68,7
20241,A,골목상권,3110110,상왕십리역 6번,264,162,102,0,32,69,78,61,24,0,16,37,48,39,22,0,16,32,30,22,2
20241,A,골목상권,3110111,대현산장미원,54,24,30,0,14,14,11,10,5,0,4,5,5,5,5,0,10,9,6,5,0
20241,A,골목상권,3110112,행당역 2번,93,64,29,0,10,21,25,27,10,0,5,13,17,20,9,0,5,8,8,7,1
20241,A,골목상권,3110113,응봉산,365,153,212,0,87,96,78,66,38,0,22,35,35,33,28,0,65,61,43,33,10
20241,A,골목상권,3110114,왕십리파출소,172,79,93,0,28,33,38,41,32,0,9,19,21,17,13,0,19,14,17,24,19
20241,A,골목상권,3110115,상왕십리역 3번,666,305,361,0,112,128,140,163,123,0,38,70,77,67,53,0,74,58,63,96,70
20241,A,골목상권,3110116,청계천박물관,1183,841,342,0,93,209,272,394,215,0,55,147,197,278,164,0,38,62,75,116,51
20241,A,골목상권,3110117,성동구보건소,354,250,104,0,28,61,82,120,63,0,17,42,58,85,48,0,11,19,24,35,15
20241,A,골목상권,3110118,왕십리역 9번,279,193,86,0,34,59,73,81,32,0,17,37,51,62,26,0,17,22,22,19,6
20241,A,골목상권,3110119,마장지하차도,327,232,95,0,27,57,76,108,59,0,16,39,55,77,45,0,11,18,21,31,14
20241,A,골목상권,3110120,서울숲카페거리,119,90,29,0,19,24,25,27,24,0,13,17,17,21,22,0,6,7,8,6,2
20241,A,골목상권,3110121,한양대역 4번,52,37,15,0,1,10,18,17,6,0,0,6,12,13,6,0,1,4,6,4,0
20241,A,골목상권,3110122,마장역 2번,824,585,239,0,67,147,189,272,149,0,41,102,138,193,111,0,26,45,51,79,38
20241,A,골목상권,3110123,마장역 3번,670,478,192,0,54,118,154,224,120,0,32,82,114,158,92,0,22,36,40,66,28
20241,A,골목상권,3110124,뚝섬역교차로,1099,760,339,0,174,224,231,241,229,0,104,149,150,172,185,0,70,75,81,69,44
20241,A,골목상권,3110125,사근동살곶이상점가,76,59,17,0,1,13,28,24,10,0,0,9,20,20,10,0,1,4,8,4,0
20241,A,골목상권,3110126,서울숲역 1번,93,60,33,0,14,20,20,22,17,0,7,13,13,15,12,0,7,7,7,7,5
20241,A,골목상권,3110127,성수1가1동주민센터,379,238,141,0,47,81,85,102,64,0,22,50,54,70,42,0,25,31,31,32,22
20241,A,골목상권,3110128,성원중학교,959,602,357,0,156,233,218,221,131,0,72,145,140,152,93,0,84,88,78,69,38
20241,A,골목상권,3110129,성원어린이공원,628,437,191,0,100,127,133,138,130,0,60,85,86,100,106,0,40,42,47,38,24
20241,A,골목상권,3110130,답십리역 6번,81,50,31,0,22,24,18,12,5,0,8,16,13,8,5,0,14,8,5,4,0
20241,A,골목상권,3110131,성수동카페거리,4747,3034,1713,11,998,1328,1128,830,452,6,471,866,769,565,357,5,527,462,359,265,95
20241,A,골목상권,3110132,성수2가3동주민센터,1267,810,457,0,209,325,317,254,162,0,115,217,213,153,112,0,94,108,104,101,50
20241,A,골목상권,3110133,서울교통공사,739,456,283,3,190,211,153,114,68,0,81,140,106,73,56,3,109,71,47,41,12
20241,A,골목상권,3110134,성수119안전센터,678,437,241,0,160,203,157,109,49,0,71,133,108,79,46,0,89,70,49,30,3
20241,A,골목상권,3110135,성동세무서,526,337,189,0,63,130,138,108,87,0,29,82,80,68,78,0,34,48,58,40,9
20241,A,골목상권,3110136,경수초등학교,4708,3013,1695,7,948,1290,1134,851,478,4,460,849,773,559,368,3,488,441,361,292,110
20241,A,골목상권,3110137,성수초등학교,14279,9152,5127,20,2352,3634,3571,2871,1831,20,1305,2429,2404,1731,1263,0,1047,1205,1167,1140,568
20241,A,골목상권,3110138,송정체육공원,194,130,64,0,26,47,51,40,30,0,13,31,30,26,30,0,13,16,21,14,0
20241,A,골목상권,3110139,자양4동주민센터,60,55,5,0,0,1,15,18,26,0,0,1,12,16,26,0,0,0,3,2,0
20241,A,골목상권,3110140,건대입구역 6번,150,122,28,0,0,10,40,50,50,0,0,9,26,37,50,0,0,1,14,13,0
20241,A,골목상권,3110141,건대입구역 1번,67,46,21,0,7,10,17,23,10,0,2,5,12,18,9,0,5,5,5,5,1
20241,A,골목상권,3110142,화양사거리,54,44,10,0,4,4,16,21,9,0,2,2,14,17,9,0,2,2,2,4,0
20241,A,골목상권,3110143,뚝섬유원지역 1번,42,31,11,0,5,12,11,11,3,0,4,8,8,8,3,0,1,4,3,3,0
20241,A,골목상권,3110144,어린이대공원역 4번,28,20,8,0,3,4,7,9,5,0,1,2,5,7,5,0,2,2,2,2,0
20241,A,골목상권,3110145,장안초등학교,7,4,3,0,0,2,2,2,1,0,0,1,1,1,1,0,0,1,1,1,0
20241,A,골목상권,3110146,신자초등학교,686,509,177,0,76,183,196,176,55,0,50,131,147,133,48,0,26,52,49,43,7
20241,A,골목상권,3110147,능동우편취급국,103,59,44,0,9,21,25,23,25,0,2,11,15,13,18,0,7,10,10,10,7
20241,A,골목상권,3110148,어린이대공원역 3번,17,13,4,0,1,2,6,6,2,0,0,1,5,5,2,0,1,1,1,1,0
20241,A,골목상권,3110149,세종대학교,133,75,58,0,14,28,32,30,29,0,5,15,19,16,20,0,9,13,13,14,9
20241,A,골목상권,3110150,중곡1동 마을마당,1148,559,589,1,307,222,231,274,113,0,131,118,114,108,88,1,176,104,117,166,25
20241,A,골목상권,3110151,자양한강도서관,586,362,224,0,80,132,156,155,63,0,53,85,91,84,49,0,27,47,65,71,14
20241,A,골목상권,3110152,중곡어린이공원,193,93,100,0,51,37,39,48,18,0,22,20,19,19,13,0,29,17,20,29,5
20241,A,골목상권,3110153,중곡1동주민센터,211,102,109,0,58,41,43,49,20,0,24,22,21,19,16,0,34,19,22,30,4
20241,A,골목상권,3110154,광진정말공원,890,709,181,0,54,127,247,367,95,0,24,84,197,317,87,0,30,43,50,50,8
20241,A,골목상권,3110155,광진구청,1004,796,208,0,69,141,273,411,110,0,30,92,220,358,96,0,39,49,53,53,14
20241,A,골목상권,3110156,군자역 5번,242,156,86,0,32,60,65,48,37,0,15,37,42,30,32,0,17,23,23,18,5
20241,A,골목상권,3110157,자양동우체국,390,250,140,0,54,88,104,107,37,0,39,59,61,59,32,0,15,29,43,48,5
20241,A,골목상권,3110158,중곡3동주민센터,359,252,107,0,26,90,112,89,42,0,17,71,68,61,35,0,9,19,44,28,7
20241,A,골목상권,3110159,구의역 4번,1833,1458,375,0,117,259,500,752,205,0,52,171,402,654,179,0,65,88,98,98,26
20241,A,골목상권,3110160,광진경찰서,312,189,123,0,44,78,88,73,29,0,23,46,48,48,24,0,21,32,40,25,5
20241,A,골목상권,3110161,중곡역 3번,217,152,65,0,16,56,68,54,23,0,10,45,41,37,19,0,6,11,27,17,4
20241,A,골목상권,3110162,군자역 4번,159,94,65,0,19,32,41,40,27,0,13,19,22,21,19,0,6,13,19,19,8
20241,A,골목상권,3110163,성자초등학교,578,358,220,0,82,128,156,149,63,0,56,82,91,80,49,0,26,46,65,69,14
20241,A,골목상권,3110164,아차산역 5번,183,118,65,0,24,44,50,36,29,0,11,27,33,23,24,0,13,17,17,13,5
20241,A,골목상권,3110165,국립정신건강센터,235,139,96,0,29,47,64,57,38,0,20,27,35,31,26,0,9,20,29,26,12
20241,A,골목상권,3110166,구의1동주민센터,438,263,175,0,59,118,125,101,35,0,32,66,67,66,32,0,27,52,58,35,3
20241,A,골목상권,3110167,용마초등학교,445,263,182,0,54,90,122,108,71,0,38,52,65,59,49,0,16,38,57,49,22
20241,A,골목상권,3110168,대원고등학교,435,217,218,0,77,109,112,102,35,0,22,52,55,55,33,0,55,57,57,47,2
20241,A,골목상권,3110169,성동초등학교,687,423,264,0,87,148,174,178,100,0,56,100,109,94,64,0,31,48,65,84,36
20241,A,골목상권,3110170,동대부여고,313,198,115,0,40,84,93,74,22,0,21,52,52,52,21,0,19,32,41,22,1
20241,A,골목상권,3110171,중곡4동주민센터,170,84,86,0,29,42,44,41,14,0,8,19,21,22,14,0,21,23,23,19,0
20241,A,골목상권,3110172,광진초등학교,503,320,183,0,71,87,132,137,76,0,36,50,87,90,57,0,35,37,45,47,19
20241,A,골목상권,3110173,구남초등학교,465,284,181,0,55,98,112,119,81,0,30,69,76,62,47,0,25,29,36,57,34
20241,A,골목상권,3110174,아차산역 1번,638,323,315,0,107,150,166,153,62,0,31,70,84,84,54,0,76,80,82,69,8
20241,A,골목상권,3110175,푸른동산공원,355,219,136,0,42,77,88,87,61,0,24,53,62,45,35,0,18,24,26,42,26
20241,A,골목상권,3110176,해오름공원,872,432,440,0,151,214,228,205,74,0,39,99,112,112,70,0,112,115,116,93,4
20241,A,골목상권,3110177,동의초등학교,38,24,14,0,6,6,10,10,6,0,3,3,7,7,4,0,3,3,3,3,2
20241,A,골목상권,3110178,장로회신학대학교,299,183,116,0,93,81,59,46,20,0,45,52,40,31,15,0,48,29,19,15,5
20241,A,골목상권,3110179,광나루역 1번,908,548,360,5,285,241,175,139,63,0,137,154,118,93,46,5,148,87,57,46,17
20241,A,골목상권,3110180,광진정보도서관,3745,2270,1475,27,1164,986,728,580,260,5,557,636,492,389,191,22,607,350,236,191,69
20241,A,골목상권,3110181,신설동역 9번,2753,1419,1334,0,338,612,679,674,450,0,160,349,358,308,244,0,178,263,321,366,206
20241,A,골목상권,3110182,용두희망어린이공원,623,324,299,0,82,139,151,152,99,0,39,81,81,69,54,0,43,58,70,83,45
20241,A,골목상권,3110183,한국의류시험연구원,779,402,377,0,97,171,193,190,128,0,46,99,101,87,69,0,51,72,92,103,59
20241,A,골목상권,3110184,용두사거리,439,226,213,0,56,97,107,107,72,0,26,55,56,50,39,0,30,42,51,57,33
20241,A,골목상권,3110185,용두초등학교,295,150,145,0,38,64,72,72,49,0,17,36,38,33,26,0,21,28,34,39,23
20241,A,골목상권,3110186,종암초등학교,221,133,88,0,26,56,56,48,35,0,10,34,36,28,25,0,16,22,20,20,10
20241,A,골목상권,3110187,제기동역 6번,1998,1035,963,0,252,442,489,488,327,0,118,256,260,222,179,0,134,186,229,266,148
20241,A,골목상권,3110188,용두동신동아아파트,2023,1049,974,0,252,448,498,496,329,0,120,259,264,227,179,0,132,189,234,269,150
20241,A,골목상권,3110189,제기동역 1번,640,368,272,0,77,153,161,144,105,0,32,90,98,78,70,0,45,63,63,66,35
20241,A,골목상권,3110190,고대앞사거리,306,188,118,0,36,78,78,65,49,0,14,47,51,38,38,0,22,31,27,27,11
20241,A,골목상권,3110191,고려대역 6번,354,220,134,0,40,92,90,78,54,0,14,57,60,48,41,0,26,35,30,30,13
20241,A,골목상권,3110192,동의보감타워,723,375,348,0,89,161,178,177,118,0,42,93,94,81,65,0,47,68,84,96,53
20241,A,골목상권,3110193,고려대역 4번,355,216,139,0,42,92,90,76,55,0,16,56,59,45,40,0,26,36,31,31,15
20241,A,골목상권,3110194,홍파초등학교,680,410,270,0,80,175,174,146,105,0,28,104,112,85,81,0,52,71,62,61,24
20241,A,골목상권,3110195,동대문구청,1243,641,602,0,157,272,305,305,204,0,74,156,160,140,111,0,83,116,145,165,93
20241,A,골목상권,3110196,홍릉근린공원,23,13,10,0,3,12,3,3,2,0,1,7,2,2,1,0,2,5,1,1,1
20241,A,골목상권,3110197,세종대왕기념관교차로,56,32,24,0,8,16,12,11,9,0,3,9,7,7,6,0,5,7,5,4,3
20241,A,골목상권,3110198,동대문중앙새마을금고본점,98,60,38,0,13,24,25,20,16,0,5,14,17,12,12,0,8,10,8,8,4
20241,A,골목상권,3110199,홍릉시장,434,254,180,0,57,118,102,90,67,0,20,70,64,53,47,0,37,48,38,37,20
20241,A,골목상권,3110200,동대문경찰서,65,34,31,0,11,21,12,11,10,0,4,12,6,6,6,0,7,9,6,5,4
20241,A,골목상권,3110201,전농119안전센터,19,15,4,0,1,2,6,7,3,0,1,2,5,5,2,0,0,0,1,2,1
20241,A,골목상권,3110202,전농1동주민센터(전농시장),17,16,1,0,0,1,7,8,1,0,0,1,7,7,1,0,0,0,0,1,0
20241,A,골목상권,3110203,떡전교사거리,268,147,121,0,45,82,51,48,42,0,16,49,28,28,26,0,29,33,23,20,16
20241,A,골목상권,3110204,간데메공원,1065,517,548,0,152,212,300,288,113,0,102,141,113,85,76,0,50,71,187,203,37
20241,A,골목상권,3110206,텃골근린공원,24,24,0,0,0,0,12,12,0,0,0,0,12,12,0,0,0,0,0,0,0
20241,A,골목상권,3110207,시립대앞사거리,8,8,0,0,0,0,4,4,0,0,0,0,4,4,0,0,0,0,0,0,0
20241,A,골목상권,3110208,시조사삼거리,90,48,42,0,14,27,18,18,13,0,5,15,10,10,8,0,9,12,8,8,5
20241,A,골목상권,3110209,답십리 장령당공원,146,71,75,0,22,32,39,38,15,0,14,21,14,11,11,0,8,11,25,27,4
20241,A,골목상권,3110210,서울시립대,447,242,205,0,50,93,122,121,61,0,19,44,69,67,43,0,31,49,53,54,18
20241,A,골목상권,3110211,전곡마을마당공원,19,18,1,0,0,1,8,9,1,0,0,1,8,8,1,0,0,0,0,1,0
20241,A,골목상권,3110212,답십리초등학교,353,174,179,0,49,75,98,96,35,0,35,49,36,27,27,0,14,26,62,69,8
20241,A,골목상권,3110213,청량초등학교,98,43,55,0,18,27,28,19,6,0,2,11,14,11,5,0,16,16,14,8,1
20241,A,골목상권,3110214,경희대후문,414,182,232,0,78,111,119,77,29,0,11,41,59,47,24,0,67,70,60,30,5
20241,A,골목상권,3110215,회기역 1번,39,29,10,0,1,8,12,12,6,0,0,6,9,10,4,0,1,2,3,2,2
20241,A,골목상권,3110216,전농중학교,424,220,204,0,51,86,112,116,59,0,21,40,61,60,38,0,30,46,51,56,21
20241,A,골목상권,3110217,자동차부품상가,618,452,166,0,95,139,147,132,105,0,74,107,106,91,74,0,21,32,41,41,31
20241,A,골목상권,3110218,답십리사거리,581,425,156,0,88,132,139,123,99,0,70,102,99,83,71,0,18,30,40,40,28
20241,A,골목상권,3110219,삼육보건대학교,592,304,288,0,74,134,154,146,84,0,19,63,81,76,65,0,55,71,73,70,19
20241,A,골목상권,3110220,외대앞역 1번,598,262,336,0,113,161,167,110,47,0,16,59,83,68,36,0,97,102,84,42,11
20241,A,골목상권,3110221,의릉,164,94,70,0,16,34,35,42,37,0,5,17,17,24,31,0,11,17,18,18,6
20241,A,골목상권,3110222,회기역 2번,31,20,11,0,3,6,8,8,6,0,1,4,5,6,4,0,2,2,3,2,2
20241,A,골목상권,3110223,군자초등학교,1215,773,442,0,161,242,263,270,279,0,97,157,166,165,188,0,64,85,97,105,91
20241,A,골목상권,3110224,외대앞역 2번,69,39,30,0,10,16,20,15,8,0,2,8,12,11,6,0,8,8,8,4,2
20241,A,골목상권,3110225,촬영소사거리,446,330,116,0,69,101,107,93,76,0,55,79,77,63,56,0,14,22,30,30,20
20241,A,골목상권,3110226,장안1동주민센터,2671,1693,978,0,358,525,578,595,615,0,217,342,361,358,415,0,141,183,217,237,200
20241,A,골목상권,3110227,답십리공원,504,312,192,0,108,107,114,105,70,0,64,69,67,61,51,0,44,38,47,44,19
20241,A,골목상권,3110228,장안근린공원,740,400,340,0,228,144,151,139,78,0,119,82,72,67,60,0,109,62,79,72,18
20241,A,골목상권,3110229,장평중학교,1734,1098,636,0,235,342,378,383,396,0,142,221,237,230,268,0,93,121,141,153,128
20241,A,골목상권,3110230,장안현대홈타운1차아파트,285,154,131,0,88,57,59,53,28,0,45,33,27,26,23,0,43,24,32,27,5
20241,A,골목상권,3110231,장안교,128,68,60,0,36,25,27,25,15,0,18,14,13,12,11,0,18,11,14,13,4
20241,A,골목상권,3110232,동대부고,1201,643,558,0,374,231,244,227,125,0,193,133,113,109,95,0,181,98,131,118,30
20241,A,골목상권,3110233,중랑역 1번,43,32,11,0,0,0,16,11,16,0,0,0,8,8,16,0,0,0,8,3,0
20241,A,골목상권,3110234,중랑역 4번,68,44,24,0,1,6,22,17,22,0,0,3,11,11,19,0,1,3,11,6,3
20241,A,골목상권,3110235,세화어린이공원,4,3,1,0,0,0,2,1,1,0,0,0,1,1,1,0,0,0,1,0,0
20241,A,골목상권,3110236,신묵초등학교,568,401,167,0,81,141,138,165,43,0,50,96,90,123,42,0,31,45,48,42,1
20241,A,골목상권,3110237,메가박스 상봉,778,484,294,0,58,153,208,231,128,0,21,86,123,145,109,0,37,67,85,86,19
20241,A,골목상권,3110238,배꽃어린이공원,7,6,1,0,0,0,2,1,4,0,0,0,1,1,4,0,0,0,1,0,0
20241,A,골목상권,3110239,중랑역 2번,6,4,2,0,0,0,2,2,2,0,0,0,1,1,2,0,0,0,1,1,0
20241,A,골목상권,3110240,태릉시장 특화거리,30,21,9,0,0,2,8,7,13,0,0,0,4,4,13,0,0,2,4,3,0
20241,A,골목상권,3110241,먹골역 5번,545,378,167,0,80,138,134,150,43,0,46,94,88,112,38,0,34,44,46,38,5
20241,A,골목상권,3110242,면목5동주민센터,219,164,55,0,11,35,65,58,50,0,11,31,32,40,50,0,0,4,33,18,0
20241,A,골목상권,3110243,중랑노인종합복지관,721,416,305,0,31,113,170,240,167,0,0,50,87,141,138,0,31,63,83,99,29
20241,A,골목상권,3110244,중화역 4번,123,79,44,0,5,7,42,34,35,0,2,3,21,21,32,0,3,4,21,13,3
20241,A,골목상권,3110245,KB국민은행 중화동지점,51,34,17,0,2,4,16,12,17,0,1,2,8,8,15,0,1,2,8,4,2
20241,A,골목상권,3110246,월드순복음교회,702,476,226,0,71,168,219,179,65,0,38,112,141,125,60,0,33,56,78,54,5
20241,A,골목상권,3110247,먹골역 1번,428,203,225,0,39,103,131,106,49,0,11,50,56,50,36,0,28,53,75,56,13
20241,A,골목상권,3110248,먹골파출소,100,47,53,0,7,27,31,27,8,0,1,12,15,12,7,0,6,15,16,15,1
20241,A,골목상권,3110249,중화역 1번,642,338,304,0,62,140,174,157,109,0,18,54,82,89,95,0,44,86,92,68,14
20241,A,골목상권,3110250,화랑대역 7번,91,43,48,0,5,23,30,23,10,0,1,11,12,11,8,0,4,12,18,12,2
20241,A,골목상권,3110251,장안중학교,307,164,143,0,28,70,83,74,52,0,8,27,38,45,46,0,20,43,45,29,6
20241,A,골목상권,3110252,장안제일시장,618,456,162,0,41,91,179,171,136,0,40,82,87,112,135,0,1,9,92,59,1
20241,A,골목상권,3110253,중곡초등학교,198,168,30,0,4,27,58,83,26,0,2,21,44,75,26,0,2,6,14,8,0
20241,A,골목상권,3110254,오거리공원,230,178,52,0,4,23,74,95,34,0,0,14,53,77,34,0,4,9,21,18,0
20241,A,골목상권,3110255,상봉역 4번,554,397,157,0,62,145,194,126,27,0,36,105,132,97,27,0,26,40,62,29,0
20241,A,골목상권,3110256,면목2동체육관,1357,789,568,0,56,221,318,454,308,0,0,99,162,268,260,0,56,122,156,186,48
20241,A,골목상권,3110257,상봉역 7번,228,167,61,0,22,39,51,64,52,0,16,26,29,46,50,0,6,13,22,18,2
20241,A,골목상권,3110258,면동초등학교,168,98,70,0,12,40,48,44,24,0,1,21,26,28,22,0,11,19,22,16,2
20241,A,골목상권,3110259,사가정역 1번,329,219,110,0,23,59,91,94,62,0,5,32,55,72,55,0,18,27,36,22,7
20241,A,골목상권,3110260,면목역 3번,76,44,32,0,6,19,23,20,8,0,0,10,13,13,8,0,6,9,10,7,0
20241,A,골목상권,3110261,사가정역 4번,174,118,56,0,9,26,49,64,26,0,0,14,31,47,26,0,9,12,18,17,0
20241,A,골목상권,3110262,상봉역 3번,685,484,201,0,82,178,232,157,36,0,47,128,157,117,35,0,35,50,75,40,1
20241,A,골목상권,3110263,면목역 1번,87,47,40,0,8,22,24,23,10,0,0,11,13,13,10,0,8,11,11,10,0
20241,A,골목상권,3110264,면목역 2번,259,143,116,0,18,67,73,70,31,0,0,34,39,39,31,0,18,33,34,31,0
20241,A,골목상권,3110265,망우역 1번,389,266,123,0,42,69,82,109,87,0,26,40,45,74,81,0,16,29,37,35,6
20241,A,골목상권,3110266,면목동우체국,219,141,78,0,12,39,61,65,42,0,1,20,36,48,36,0,11,19,25,17,6
20241,A,골목상권,3110267,망우역 2번,259,176,83,0,27,50,59,72,51,0,16,29,34,50,47,0,11,21,25,22,4
20241,A,골목상권,3110268,망우3동주민센터,55,31,24,0,0,4,15,23,13,0,0,0,5,13,13,0,0,4,10,10,0
20241,A,골목상권,3110269,용마문화복지센터,168,108,60,0,12,30,44,50,32,0,1,16,27,37,27,0,11,14,17,13,5
20241,A,골목상권,3110270,혜원여고,65,36,29,0,1,6,19,24,15,0,0,2,8,13,13,0,1,4,11,11,2
20241,A,골목상권,3110271,신내역 1번,83,39,44,0,14,19,15,22,13,0,3,8,7,11,10,0,11,11,8,11,3
20241,A,골목상권,3110272,신내1동주민센터,700,332,368,0,124,155,127,190,104,0,32,64,60,93,83,0,92,91,67,97,21
20241,A,골목상권,3110273,장스여성병원,307,153,154,0,42,63,64,87,51,0,10,26,30,45,42,0,32,37,34,42,9
20241,A,골목상권,3110274,서일대학교,445,285,160,0,27,69,121,136,92,0,4,34,70,97,80,0,23,35,51,39,12
20241,A,골목상권,3110275,하나은행 망우동지점,117,62,55,0,11,21,27,39,19,0,2,8,13,21,18,0,9,13,14,18,1
20241,A,골목상권,3110276,신내IC북측,118,57,61,0,21,26,22,32,17,0,6,11,11,15,14,0,15,15,11,17,3
20241,A,골목상권,3110277,러스크서울병원,287,151,136,0,26,55,68,91,47,0,2,22,32,50,45,0,24,33,36,41,2
20241,A,골목상권,3110278,망우본동주민센터,312,168,144,0,22,55,76,106,53,0,1,19,36,60,52,0,21,36,40,46,1
20241,A,골목상권,3110279,신내역 2번,119,57,62,0,20,26,22,32,19,0,5,11,10,16,15,0,15,15,12,16,4
20241,A,골목상권,3110280,북정마을,535,407,128,0,71,133,158,153,20,0,39,92,125,137,14,0,32,41,33,16,6
20241,A,골목상권,3110281,길상사,1041,792,249,0,139,256,302,300,44,0,77,178,239,267,31,0,62,78,63,33,13
20241,A,골목상권,3110282,국민대학교앞,74,56,18,0,10,22,20,15,7,0,6,17,16,12,5,0,4,5,4,3,2
20241,A,골목상권,3110283,성북초등학교앞,795,607,188,0,105,195,231,230,34,0,58,137,183,205,24,0,47,58,48,25,10
20241,A,골목상권,3110284,정릉북한산국립공원입구,246,152,94,0,15,38,59,82,52,0,3,19,38,56,36,0,12,19,21,26,16
20241,A,골목상권,3110285,홍대부중,1347,1029,318,0,177,331,392,391,56,0,98,232,310,350,39,0,79,99,82,41,17
20241,A,골목상권,3110286,한성대입구역 5번,2996,2264,732,0,392,741,867,861,135,0,214,514,681,761,94,0,178,227,186,100,41
20241,A,골목상권,3110287,정릉3동주민센터,115,72,43,0,17,34,29,22,13,0,8,20,18,15,11,0,9,14,11,7,2
20241,A,골목상권,3110288,동구여중,1269,967,302,0,166,312,369,366,56,0,92,218,292,326,39,0,74,94,77,40,17
20241,A,골목상권,3110289,북한산보국문역 2번,43,41,2,0,3,16,13,9,2,0,3,14,13,9,2,0,0,2,0,0,0
20241,A,골목상권,3110290,북한산보국문역 1번,164,102,62,0,10,24,41,53,36,0,2,12,27,36,25,0,8,12,14,17,11
20241,A,골목상권,3110291,한성대입구역 3번,435,217,218,0,41,106,140,111,37,0,10,43,67,73,24,0,31,63,73,38,13
20241,A,골목상권,3110292,정릉역 2번,138,58,80,0,22,34,38,31,13,0,3,13,15,14,13,0,19,21,23,17,0
20241,A,골목상권,3110293,삼선중학교,5155,3924,1231,0,673,1264,1496,1496,226,0,371,886,1183,1328,156,0,302,378,313,168,70
20241,A,골목상권,3110294,서경대학교,432,236,196,0,38,84,116,129,65,0,4,37,62,81,52,0,34,47,54,48,13
20241,A,골목상권,3110295,정릉우체국,372,154,218,0,54,93,103,87,35,0,3,36,41,41,33,0,51,57,62,46,2
20241,A,골목상권,3110296,성신여대입구역 4번,630,360,270,1,91,146,182,130,80,0,37,80,114,86,43,1,54,66,68,44,37
20241,A,골목상권,3110297,경동고등학교,856,510,346,0,85,227,228,204,112,0,30,135,132,139,74,0,55,92,96,65,38
20241,A,골목상권,3110298,솔숲어린이공원,95,54,41,0,8,18,22,29,18,0,0,7,11,18,18,0,8,11,11,11,0
20241,A,골목상권,3110299,정릉역 1번,503,269,234,0,71,108,114,130,80,0,9,43,58,81,78,0,62,65,56,49,2
20241,A,골목상권,3110300,삼선동주민센터,956,500,456,0,113,218,249,242,134,0,37,100,128,147,88,0,76,118,121,95,46
20241,A,골목상권,3110301,성신여대입구역 7번,436,221,215,0,58,91,101,109,77,0,19,41,52,61,48,0,39,50,49,48,29
20241,A,골목상권,3110302,보문역 8번,754,566,188,0,72,224,158,158,142,0,39,177,126,126,98,0,33,47,32,32,44
20241,A,골목상권,3110303,성신여대입구역 1번,384,187,197,0,46,83,91,98,66,0,12,35,43,54,43,0,34,48,48,44,23
20241,A,골목상권,3110304,보문역 4번,560,415,145,0,54,166,127,118,95,0,29,127,96,94,69,0,25,39,31,24,26
20241,A,골목상권,3110305,보문역 5번,937,698,239,0,92,276,208,198,163,0,50,213,159,158,118,0,42,63,49,40,45
20241,A,골목상권,3110306,미아초등학교,911,443,468,60,318,224,155,99,55,24,137,118,77,45,42,36,181,106,78,54,13
20241,A,골목상권,3110307,길음역 7번,2145,1048,1097,140,751,529,359,234,132,57,324,279,177,108,103,83,427,250,182,126,29
20241,A,골목상권,3110308,길음역 8번,57,20,37,0,2,11,17,21,6,0,0,3,8,6,3,0,2,8,9,15,3
20241,A,골목상권,3110309,대광초등학교,261,176,85,0,32,70,77,58,24,0,16,44,50,43,23,0,16,26,27,15,1
20241,A,골목상권,3110310,길음역 10번,44,19,25,0,8,12,11,10,3,0,2,5,6,4,2,0,6,7,5,6,1
20241,A,골목상권,3110311,종암아이파크2차후문,93,49,44,0,8,24,33,27,1,0,3,9,15,21,1,0,5,15,18,6,0
20241,A,골목상권,3110312,안암역 2번,1127,750,377,0,149,300,322,250,106,0,76,189,209,182,94,0,73,111,113,68,12
20241,A,골목상권,3110313,안암역 3번,470,313,157,0,58,129,140,105,38,0,29,81,90,76,37,0,29,48,50,29,1
20241,A,골목상권,3110314,종암경찰서,3164,1663,1501,0,277,800,1116,901,70,0,120,295,510,696,42,0,157,505,606,205,28
20241,A,골목상권,3110315,종암아이파크2차,2951,1560,1391,0,257,749,1039,841,65,0,111,279,475,655,40,0,146,470,564,186,25
20241,A,골목상권,3110316,숭곡초등학교,837,524,313,0,29,101,172,187,348,0,3,50,89,123,259,0,26,51,83,64,89
20241,A,골목상권,3110317,종암중학교,1251,659,592,0,107,318,441,358,27,0,47,117,202,277,16,0,60,201,239,81,11
20241,A,골목상권,3110318,KT월곡지사,341,211,130,0,17,40,72,73,139,0,2,20,37,50,102,0,15,20,35,23,37
20241,A,골목상권,3110319,종암동주민센터,2537,1340,1197,0,223,646,894,719,55,0,99,240,409,558,34,0,124,406,485,161,21
20241,A,골목상권,3110320,KB국민은행 종암동지점,2171,1143,1028,0,190,549,766,618,48,0,82,203,350,479,29,0,108,346,416,139,19
20241,A,골목상권,3110321,동덕여대,20,12,8,0,1,2,4,5,8,0,0,1,2,3,6,0,1,1,2,2,2
20241,A,골목상권,3110322,장위1동주민센터,148,80,68,0,26,32,38,31,21,0,12,19,19,15,15,0,14,13,19,16,6
20241,A,골목상권,3110323,상월곡역 1번,643,407,236,0,104,184,157,114,84,0,52,119,94,68,74,0,52,65,63,46,10
20241,A,골목상권,3110324,월곡역 4번,194,122,72,0,32,54,47,35,26,0,16,35,28,20,23,0,16,19,19,15,3
20241,A,골목상권,3110325,장곡초등학교,148,81,67,0,26,33,40,31,18,0,13,20,20,14,14,0,13,13,20,17,4
20241,A,골목상권,3110326,장위동성당,41,24,17,0,6,9,11,9,6,0,3,5,6,5,5,0,3,4,5,4,1
20241,A,골목상권,3110327,상월곡역 2번,289,192,97,0,28,74,76,60,51,0,14,46,44,40,48,0,14,28,32,20,3
20241,A,골목상권,3110328,상월곡역 3번,967,623,344,0,134,252,228,174,179,0,67,164,137,107,148,0,67,88,91,67,31
20241,A,골목상권,3110329,우리은행체육관,214,138,76,0,19,38,52,59,46,0,4,20,30,39,45,0,15,18,22,20,1
20241,A,골목상권,3110330,돌곶이역 1번,264,176,88,0,4,44,75,72,69,0,0,22,44,48,62,0,4,22,31,24,7
20241,A,골목상권,3110331,돌곶이역 8번,438,318,120,0,15,57,81,94,191,0,7,41,49,63,158,0,8,16,32,31,33
20241,A,골목상권,3110332,돌곶이역 3번,192,121,71,0,14,33,51,50,44,0,3,17,29,31,41,0,11,16,22,19,3
20241,A,골목상권,3110333,돌곶이역 5번,193,143,50,0,2,23,35,42,91,0,1,16,21,28,77,0,1,7,14,14,14
20241,A,골목상권,3110334,석관중앙교회,107,86,21,0,0,10,18,22,57,0,0,9,11,16,50,0,0,1,7,6,7
20241,A,골목상권,3110335,석계역 7번,304,225,79,0,7,40,55,65,137,0,3,28,34,45,115,0,4,12,21,20,22
20241,A,골목상권,3110336,석관고등학교,178,131,47,0,6,20,34,39,79,0,3,15,21,27,65,0,3,5,13,12,14
20241,A,골목상권,3110337,아카데미하우스,409,257,152,0,10,29,63,106,201,0,0,14,36,72,135,0,10,15,27,34,66
20241,A,골목상권,3110338,인수초등학교,84,50,34,0,7,16,23,25,13,0,2,9,14,15,10,0,5,7,9,10,3
20241,A,골목상권,3110339,국립4.19민주묘지,41,25,16,0,1,3,6,10,21,0,0,1,3,7,14,0,1,2,3,3,7
20241,A,골목상권,3110340,인수중학교,147,89,58,0,10,25,40,45,27,0,1,14,25,28,21,0,9,11,15,17,6
20241,A,골목상권,3110341,북한산우이역 2번,295,186,109,0,7,18,40,75,155,0,0,7,22,53,104,0,7,11,18,22,51
20241,A,골목상권,3110342,국립재활원,83,53,30,0,4,15,23,29,12,0,1,9,14,19,10,0,3,6,9,10,2
20241,A,골목상권,3110343,무너미어린이공원,184,115,69,0,10,31,43,56,44,0,2,18,27,35,33,0,8,13,16,21,11
20241,A,골목상권,3110344,화계중학교,46,21,25,0,2,7,13,16,8,0,0,2,5,7,7,0,2,5,8,9,1
20241,A,골목상권,3110345,솔밭공원역 2번,303,192,111,0,6,16,43,80,158,0,0,7,25,56,104,0,6,9,18,24,54
20241,A,골목상권,3110346,4.19민주묘지역 2번,164,107,57,0,4,8,21,42,89,0,0,4,12,30,61,0,4,4,9,12,28
20241,A,골목상권,3110347,구세군강북종합사회복지관,5,3,2,0,0,1,2,1,1,0,0,0,1,1,1,0,0,1,1,0,0
20241,A,골목상권,3110348,강북문화예술회관,319,195,124,0,26,61,89,100,43,0,5,34,59,61,36,0,21,27,30,39,7
20241,A,골목상권,3110349,화계역 2번,11,6,5,0,0,1,4,4,2,0,0,0,2,2,2,0,0,1,2,2,0
20241,A,골목상권,3110350,가오리역 2번,143,87,56,0,13,26,41,43,20,0,3,15,26,27,16,0,10,11,15,16,4
20241,A,골목상권,3110351,수유북부시장옆,346,210,136,0,24,70,92,107,53,0,5,41,57,63,44,0,19,29,35,44,9
20241,A,골목상권,3110352,수유1동주민센터,233,108,125,0,12,38,69,78,36,0,0,12,28,35,33,0,12,26,41,43,3
20241,A,골목상권,3110353,수유동우체국,267,148,119,0,3,8,54,86,116,0,0,5,36,61,46,0,3,3,18,25,70
20241,A,골목상권,3110354,삼각산119안전센터,126,68,58,0,22,35,43,18,8,0,8,20,23,9,8,0,14,15,20,9,0
20241,A,골목상권,3110355,삼양사거리역 2번,33,24,9,0,2,4,7,10,10,0,0,2,4,8,10,0,2,2,3,2,0
20241,A,골목상권,3110356,덕수교,216,115,101,0,5,9,46,68,88,0,0,3,28,46,38,0,5,6,18,22,50
20241,A,골목상권,3110357,가오리역 1번,233,127,106,0,2,5,49,75,102,0,0,3,32,51,41,0,2,2,17,24,61
20241,A,골목상권,3110358,인수동 우편취급국,474,283,191,0,35,97,129,144,69,0,9,54,79,85,56,0,26,43,50,59,13
20241,A,골목상권,3110359,수유시장옆,154,81,73,0,8,40,43,45,18,0,2,16,19,29,15,0,6,24,24,16,3
20241,A,골목상권,3110360,수유초등학교,304,134,170,0,16,47,90,104,47,0,0,14,35,45,40,0,16,33,55,59,7
20241,A,골목상권,3110361,삼양사거리역 1번,35,21,14,0,0,4,6,10,15,0,0,1,3,7,10,0,0,3,3,3,5
20241,A,골목상권,3110362,우이천 계성교,331,183,148,0,2,8,67,110,144,0,0,5,43,77,58,0,2,3,24,33,86
20241,A,골목상권,3110363,송천동주민센터,23,13,10,0,0,2,5,8,8,0,0,1,2,5,5,0,0,1,3,3,3
20241,A,골목상권,3110364,미아역 8번,631,369,262,0,42,112,195,193,89,0,12,55,112,121,69,0,30,57,83,72,20
20241,A,골목상권,3110365,미아역 5번,236,145,91,0,11,43,75,74,33,0,2,21,46,48,28,0,9,22,29,26,5
20241,A,골목상권,3110366,광산사거리,102,52,50,0,7,26,30,30,9,0,1,10,14,20,7,0,6,16,16,10,2
20241,A,골목상권,3110367,강북구청,374,192,182,0,32,92,102,104,44,0,7,38,48,66,33,0,25,54,54,38,11
20241,A,골목상권,3110368,송천초등학교,20,14,6,0,0,0,1,8,11,0,0,0,0,7,7,0,0,0,1,1,4
20241,A,골목상권,3110369,성신여대운정그린캠퍼스,1611,908,703,0,127,272,495,489,228,0,41,134,269,299,165,0,86,138,226,190,63
20241,A,골목상권,3110370,도봉세무서,199,108,91,0,2,21,36,61,79,0,0,7,15,40,46,0,2,14,21,21,33
20241,A,골목상권,3110371,삼양입구사거리,38,21,17,0,0,0,4,13,21,0,0,0,0,10,11,0,0,0,4,3,10
20241,A,골목상권,3110372,강북중학교,162,85,77,0,8,44,46,47,17,0,2,19,21,28,15,0,6,25,25,19,2
20241,A,골목상권,3110373,수유역 2번,206,133,73,0,21,41,39,60,45,0,8,28,26,43,28,0,13,13,13,17,17
20241,A,골목상권,3110374,송중초등학교,219,107,112,0,9,31,73,65,41,0,1,10,31,31,34,0,8,21,42,34,7
20241,A,골목상권,3110375,서울북부고용노동지청,796,377,419,0,98,96,229,254,119,0,37,52,98,122,68,0,61,44,131,132,51
20241,A,골목상권,3110376,수송초등학교,203,131,72,0,16,42,39,61,45,0,6,28,25,44,28,0,10,14,14,17,17
20241,A,골목상권,3110377,미아사거리역 3번,44,23,21,0,1,5,15,15,8,0,0,1,7,7,8,0,1,4,8,8,0
20241,A,골목상권,3110378,송중동주민센터,67,32,35,0,4,10,22,19,12,0,0,4,9,9,10,0,4,6,13,10,2
20241,A,골목상권,3110379,KT&G 북부지사,26,19,7,0,2,5,5,8,6,0,1,4,4,6,4,0,1,1,1,2,2
20241,A,골목상권,3110380,강북문화정보도서관,69,33,36,0,7,7,20,24,11,0,2,4,8,12,7,0,5,3,12,12,4
20241,A,골목상권,3110381,번동주공2단지,511,281,230,0,52,83,125,148,103,0,19,40,70,82,70,0,33,43,55,66,33
20241,A,골목상권,3110382,솔밭공원역 1번,126,61,65,0,10,20,37,39,20,0,0,6,15,20,20,0,10,14,22,19,0
20241,A,골목상권,3110383,덕성여대시반거리,159,76,83,0,13,26,46,49,25,0,0,8,18,25,25,0,13,18,28,24,0
20241,A,골목상권,3110384,문이교,19,9,10,0,2,3,5,6,3,0,0,1,2,3,3,0,2,2,3,3,0
20241,A,골목상권,3110385,효문고등학교,32,16,16,0,2,3,9,12,6,0,0,1,3,6,6,0,2,2,6,6,0
20241,A,골목상권,3110386,연산군묘,144,87,57,0,25,33,34,33,19,0,16,19,22,16,14,0,9,14,12,17,5
20241,A,골목상권,3110387,쌍문초등학교,234,114,120,0,19,35,68,73,39,0,0,13,23,39,39,0,19,22,45,34,0
20241,A,골목상권,3110388,도봉우체국,89,39,50,0,19,21,25,22,2,0,2,8,13,14,2,0,17,13,12,8,0
20241,A,골목상권,3110389,한일병원,151,68,83,0,32,36,38,37,8,0,5,17,19,20,7,0,27,19,19,17,1
20241,A,골목상권,3110390,방학초등학교,512,292,220,0,74,116,121,117,84,0,46,65,72,57,52,0,28,51,49,60,32
20241,A,골목상권,3110391,샘말어린이공원,74,36,38,0,0,18,18,18,20,0,0,9,9,9,9,0,0,9,9,9,11
20241,A,골목상권,3110392,발바닥공원,175,92,83,0,16,40,52,47,20,0,3,19,26,26,18,0,13,21,26,21,2
20241,A,골목상권,3110393,국민은행방학지점,361,217,144,0,63,82,85,83,48,0,40,47,54,40,36,0,23,35,31,43,12
20241,A,골목상권,3110394,방학중학교,136,64,72,0,1,30,36,30,39,0,0,15,17,15,17,0,1,15,19,15,22
20241,A,골목상권,3110395,신한은행 방학동지점,405,232,173,0,40,89,99,121,56,0,22,50,50,69,41,0,18,39,49,52,15
20241,A,골목상권,3110396,쌍문역1번(쌍리단길),388,174,214,0,51,79,107,110,41,0,17,31,47,51,28,0,34,48,60,59,13
20241,A,골목상권,3110397,도봉산입구,414,295,119,0,1,29,105,167,112,0,0,15,61,121,98,0,1,14,44,46,14
20241,A,골목상권,3110398,쌍문2동우체국,450,260,190,0,41,77,110,139,83,0,5,36,57,90,72,0,36,41,53,49,11
20241,A,골목상권,3110399,창2동주민센터,544,325,219,0,59,128,155,132,70,0,26,82,87,68,62,0,33,46,68,64,8
20241,A,골목상권,3110400,도봉구보건소,253,146,107,0,24,43,65,77,44,0,4,20,34,48,40,0,20,23,31,29,4
20241,A,골목상권,3110401,도봉구민회관,590,375,215,0,68,133,145,125,119,0,35,92,98,69,81,0,33,41,47,56,38
20241,A,골목상권,3110402,도봉구 정병원,635,373,262,0,63,132,157,195,88,0,28,75,82,116,72,0,35,57,75,79,16
20241,A,골목상권,3110403,방학1동주민센터,2078,1211,867,0,203,464,512,624,275,0,111,268,268,354,210,0,92,196,244,270,65
20241,A,골목상권,3110404,신창초등학교,421,234,187,0,6,81,184,134,16,0,0,51,113,54,16,0,6,30,71,80,0
20241,A,골목상권,3110405,방학역 1번,1662,979,683,0,155,352,410,511,234,0,85,203,214,297,180,0,70,149,196,214,54
20241,A,골목상권,3110406,도봉산역 1번,319,230,89,0,1,26,79,126,87,0,0,15,47,93,75,0,1,11,32,33,12
20241,A,골목상권,3110407,도봉역 2번,418,299,119,0,0,30,108,166,114,0,0,17,63,120,99,0,0,13,45,46,15
20241,A,골목상권,3110408,가인초등학교,768,487,281,0,88,170,190,165,155,0,45,118,128,91,105,0,43,52,62,74,50
20241,A,골목상권,3110409,창동역 2번,901,570,331,0,106,200,220,193,182,0,54,138,149,106,123,0,52,62,71,87,59
20241,A,골목상권,3110410,방학역 2번,1509,890,619,0,136,314,360,445,254,0,72,179,189,257,193,0,64,135,171,188,61
20241,A,골목상권,3110411,도봉역 3번,223,145,78,0,8,24,37,57,97,0,2,12,21,38,72,0,6,12,16,19,25
20241,A,골목상권,3110412,창동중학교,191,111,80,0,19,41,46,59,26,0,10,23,24,34,20,0,9,18,22,25,6
20241,A,골목상권,3110413,누원고등학교,139,88,51,0,6,16,24,36,57,0,2,8,13,23,42,0,4,8,11,13,15
20241,A,골목상권,3110414,장석교회,148,81,67,0,24,35,38,29,22,0,11,21,19,15,15,0,13,14,19,14,7
20241,A,골목상권,3110415,수락산역 4번,1855,1174,681,0,218,386,443,471,337,0,129,257,289,292,207,0,89,129,154,179,130
20241,A,골목상권,3110416,노원초등학교,615,388,227,0,72,129,147,154,113,0,43,86,94,95,70,0,29,43,53,59,43
20241,A,골목상권,3110417,월계역 3번,21,10,11,0,2,5,6,6,2,0,0,2,3,3,2,0,2,3,3,3,0
20241,A,골목상권,3110418,광운대학교 남단,159,89,70,0,23,36,40,35,25,0,8,20,21,19,21,0,15,16,19,16,4
20241,A,골목상권,3110419,수락산디자인거리,959,607,352,0,108,199,230,248,174,0,64,135,149,151,108,0,44,64,81,97,66
20241,A,골목상권,3110420,광운대역 1번,198,107,91,0,33,47,50,39,29,0,15,28,25,20,19,0,18,19,25,19,10
20241,A,골목상권,3110421,석계역 1번,359,194,165,0,57,86,94,70,52,0,26,51,47,35,35,0,31,35,47,35,17
20241,A,골목상권,3110422,노원역 9번,57,28,29,0,6,9,15,15,12,0,1,6,7,7,7,0,5,3,8,8,5
20241,A,골목상권,3110423,석계역 2번,161,86,75,0,22,36,44,36,23,0,10,21,22,18,15,0,12,15,22,18,8
20241,A,골목상권,3110424,상계초등학교,134,63,71,0,14,21,36,37,26,0,3,13,16,16,15,0,11,8,20,21,11
20241,A,골목상권,3110425,계상초등학교,231,117,114,0,4,15,47,67,98,0,1,10,19,30,57,0,3,5,28,37,41
20241,A,골목상권,3110426,상계2동주민센터,206,99,107,0,21,38,53,53,41,0,3,22,25,25,24,0,18,16,28,28,17
20241,A,골목상권,3110427,노원 을지대학교병원,112,71,41,0,12,24,28,32,16,0,6,14,17,22,12,0,6,10,11,10,4
20241,A,골목상권,3110428,상계5동주민센터,357,180,177,0,1,11,60,105,180,0,0,9,23,45,103,0,1,2,37,60,77
20241,A,골목상권,3110429,공릉동 국수거리,5671,3063,2608,0,606,867,1234,1567,1397,0,275,471,613,814,890,0,331,396,621,753,507
20241,A,골목상권,3110430,중계초등학교,202,111,91,0,19,42,48,54,39,0,7,20,25,29,30,0,12,22,23,25,9
20241,A,골목상권,3110431,상계역,574,314,260,0,56,117,135,152,114,0,20,56,71,81,86,0,36,61,64,71,28
20241,A,골목상권,3110432,대진고등학교,327,205,122,0,38,69,81,95,44,0,17,40,47,66,35,0,21,29,34,29,9
20241,A,골목상권,3110433,공릉역 2번,1608,870,738,0,171,243,353,444,397,0,77,132,175,232,254,0,94,111,178,212,143
20241,A,골목상권,3110434,태릉입구역 4번,681,369,312,0,71,105,148,189,168,0,33,56,74,99,107,0,38,49,74,90,61
20241,A,골목상권,3110435,서울과학기술대,206,96,110,0,34,52,50,48,22,0,10,24,24,24,14,0,24,28,26,24,8
20241,A,골목상권,3110436,상계제일중학교,247,140,107,0,21,51,58,68,49,0,8,25,31,37,39,0,13,26,27,31,10
20241,A,골목상권,3110437,당고개역 2번,210,155,55,0,4,10,57,90,49,0,0,5,36,69,45,0,4,5,21,21,4
20241,A,골목상권,3110438,경춘선숲길 우측,1346,622,724,0,224,339,329,316,138,0,68,154,154,156,90,0,156,185,175,160,48
20241,A,골목상권,3110439,당고개역 5번,113,88,25,0,1,2,33,51,26,0,0,1,22,40,25,0,1,1,11,11,1
20241,A,골목상권,3110440,상계3동4동주민센터,96,73,23,0,2,6,25,38,25,0,0,3,17,30,23,0,2,3,8,8,2
20241,A,골목상권,3110441,영신여고,120,57,63,0,11,24,31,38,16,0,5,12,14,16,10,0,6,12,17,22,6
20241,A,골목상권,3110442,화랑대철도공원,510,235,275,0,84,128,125,119,54,0,25,58,58,59,35,0,59,70,67,60,19
20241,A,골목상권,3110443,수색역 1번,32,21,11,0,4,9,8,6,5,0,2,6,5,4,4,0,2,3,3,2,1
20241,A,골목상권,3110444,수색성당,311,199,112,0,40,83,84,72,32,0,18,54,55,47,25,0,22,29,29,25,7
20241,A,골목상권,3110445,덕산중학교,40,23,17,0,1,8,10,13,8,0,0,4,6,6,7,0,1,4,4,7,1
20241,A,골목상권,3110446,내를건너서숲으로도서관,231,168,63,0,21,47,61,60,42,0,19,32,35,41,41,0,2,15,26,19,1
20241,A,골목상권,3110447,구산초등학교,45,23,22,0,3,6,11,19,6,0,1,2,4,12,4,0,2,4,7,7,2
20241,A,골목상권,3110448,상신초등학교입구,81,60,21,0,7,16,23,21,14,0,6,12,13,15,14,0,1,4,10,6,0
20241,A,골목상권,3110449,증산역 3번,878,572,306,0,113,236,239,204,86,0,51,156,157,138,70,0,62,80,82,66,16
20241,A,골목상권,3110450,시립서북병원,692,344,348,0,100,138,175,180,99,0,34,62,84,95,69,0,66,76,91,85,30
20241,A,골목상권,3110451,증산역 4번,487,325,162,0,61,133,137,112,44,0,28,90,91,77,39,0,33,43,46,35,5
20241,A,골목상권,3110452,새절역 3번,531,384,147,0,56,112,142,133,88,0,43,79,85,91,86,0,13,33,57,42,2
20241,A,골목상권,3110453,신사1동주민센터,701,375,326,0,63,150,165,180,143,0,22,73,92,86,102,0,41,77,73,94,41
20241,A,골목상권,3110454,선정중학교,176,91,85,0,14,36,46,50,30,0,6,20,22,22,21,0,8,16,24,28,9
20241,A,골목상권,3110455,역촌노인복지관,420,204,216,0,64,84,111,99,62,0,21,38,54,47,44,0,43,46,57,52,18
20241,A,골목상권,3110456,구산보건지소,543,280,263,0,72,103,130,157,81,0,28,47,60,92,53,0,44,56,70,65,28
20241,A,골목상권,3110457,예일여고,373,202,171,0,42,69,82,124,56,0,17,31,39,78,37,0,25,38,43,46,19
20241,A,골목상권,3110458,선일여고,316,158,158,0,31,67,86,83,49,0,11,35,41,39,32,0,20,32,45,44,17
20241,A,골목상권,3110459,응암역 2번,475,229,246,0,71,97,125,112,70,0,24,44,60,53,48,0,47,53,65,59,22
20241,A,골목상권,3110460,구산역 4번,742,385,357,0,68,147,201,202,124,0,31,84,97,88,85,0,37,63,104,114,39
20241,A,골목상권,3110461,새절역 2번,58,28,30,0,4,14,18,15,7,0,1,7,9,6,5,0,3,7,9,9,2
20241,A,골목상권,3110462,갈현건영아파트,236,119,117,0,37,56,58,54,31,0,13,29,29,27,21,0,24,27,29,27,10
20241,A,골목상권,3110463,응암3동주민센터,113,53,60,0,8,26,38,30,11,0,1,13,18,12,9,0,7,13,20,18,2
20241,A,골목상권,3110464,연신내역 5번,447,228,219,0,41,86,123,123,74,0,19,49,56,53,51,0,22,37,67,70,23
20241,A,골목상권,3110465,연신내역 7번,279,141,138,0,41,65,71,68,34,0,14,34,35,33,25,0,27,31,36,35,9
20241,A,골목상권,3110466,구산역 2번,208,98,110,0,35,40,56,51,26,0,13,16,27,24,18,0,22,24,29,27,8
20241,A,골목상권,3110467,은평요양병원,265,132,133,0,47,62,62,62,32,0,16,31,31,31,23,0,31,31,31,31,9
20241,A,골목상권,3110468,응암역 3번,1036,497,539,0,169,210,270,240,147,0,58,94,129,114,102,0,111,116,141,126,45
20241,A,골목상권,3110469,응암정보도서관,425,207,218,0,22,110,132,112,49,0,1,55,59,53,39,0,21,55,73,59,10
20241,A,골목상권,3110470,신진과학기술고등학교,102,56,46,0,7,17,27,26,25,0,2,8,14,13,19,0,5,9,13,13,6
20241,A,골목상권,3110471,응암동우체국,369,236,133,0,36,47,99,110,77,0,19,26,56,64,71,0,17,21,43,46,6
20241,A,골목상권,3110472,연신내역 4번,204,97,107,0,16,45,61,51,31,0,1,22,30,21,23,0,15,23,31,30,8
20241,A,골목상권,3110473,구산역 1번,219,110,109,0,19,50,62,55,33,0,3,25,30,25,27,0,16,25,32,30,6
20241,A,골목상권,3110474,세명컴퓨터고등학교,1577,753,824,0,61,225,271,345,675,0,13,114,111,141,374,0,48,111,160,204,301
20241,A,골목상권,3110475,백련산해모로아파트,155,94,61,0,16,24,38,39,38,0,8,12,22,22,30,0,8,12,16,17,8
20241,A,골목상권,3110476,역촌역 2번,35,16,19,0,2,6,13,8,6,0,0,3,5,3,5,0,2,3,8,5,1
20241,A,골목상권,3110477,은평세무서,556,300,256,0,60,111,144,141,100,0,26,53,70,79,72,0,34,58,74,62,28
20241,A,골목상권,3110478,응암1동주민센터,220,122,98,0,21,36,51,50,62,0,8,18,26,25,45,0,13,18,25,25,17
20241,A,골목상권,3110479,연신내역 2번,2574,1233,1341,0,104,368,438,569,1095,0,25,188,180,234,606,0,79,180,258,335,489
20241,A,골목상권,3110480,연신내역 3번,252,107,145,0,36,59,70,58,29,0,13,25,29,25,15,0,23,34,41,33,14
20241,A,골목상권,3110481,불광역 7번,291,147,144,0,29,68,80,71,43,0,8,34,38,33,34,0,21,34,42,38,9
20241,A,골목상권,3110482,연신초등학교,652,311,341,0,26,93,112,144,277,0,6,48,45,59,153,0,20,45,67,85,124
20241,A,골목상권,3110483,연천초등학교,70,28,42,0,8,18,21,17,6,0,2,7,9,7,3,0,6,11,12,10,3
20241,A,골목상권,3110484,역촌역 3번,220,115,105,0,19,55,64,61,21,0,9,26,30,36,14,0,10,29,34,25,7
20241,A,골목상권,3110485,연신내우체국,1174,560,614,0,48,167,200,261,498,0,11,84,83,107,275,0,37,83,117,154,223
20241,A,골목상권,3110486,은평구청,1007,538,469,0,113,234,276,271,113,0,54,113,132,163,76,0,59,121,144,108,37
20241,A,골목상권,3110487,불광역 8번,379,163,216,0,51,92,104,88,44,0,18,40,45,38,22,0,33,52,59,50,22
20241,A,골목상권,3110488,우리은행응암동지점,227,127,100,0,21,41,53,51,61,0,9,20,28,26,44,0,12,21,25,25,17
20241,A,골목상권,3110489,불광역 3번,50,28,22,0,6,10,15,15,4,0,3,5,6,10,4,0,3,5,9,5,0
20241,A,골목상권,3110490,녹번동근린공원,221,118,103,0,23,53,63,59,23,0,11,25,30,36,16,0,12,28,33,23,7
20241,A,골목상권,3110491,불광중학교,383,182,201,0,14,57,67,85,160,0,2,30,27,35,88,0,12,27,40,50,72
20241,A,골목상권,3110492,하나고등학교,79,41,38,0,7,19,22,19,12,0,3,12,12,8,6,0,4,7,10,11,6
20241,A,골목상권,3110493,북가좌초등학교,136,116,20,0,0,3,13,30,90,0,0,1,6,22,87,0,0,2,7,8,3
20241,A,골목상권,3110494,증산3교남측,29,27,2,0,0,0,2,7,20,0,0,0,1,6,20,0,0,0,1,1,0
20241,A,골목상권,3110495,북가좌2동주민센터,557,283,274,0,74,110,129,147,97,0,13,56,75,78,61,0,61,54,54,69,36
20241,A,골목상권,3110496,모래내우체국,516,261,255,0,69,103,119,135,90,0,12,52,68,72,57,0,57,51,51,63,33
20241,A,골목상권,3110497,가좌역 3번,452,305,147,0,22,43,69,108,210,0,14,27,40,63,161,0,8,16,29,45,49
20241,A,골목상권,3110498,증산역 1번,152,75,77,0,14,35,43,38,22,0,2,18,22,18,15,0,12,17,21,20,7
20241,A,골목상권,3110499,연가초등학교,96,49,47,0,10,16,24,29,17,0,0,8,15,16,10,0,10,8,9,13,7
20241,A,골목상권,3110500,남가좌동현대아파트,60,32,28,0,5,12,16,17,10,0,1,6,8,9,8,0,4,6,8,8,2
20241,A,골목상권,3110501,연희어린이공원,1039,691,348,0,165,257,223,293,101,0,92,174,140,212,73,0,73,83,83,81,28
20241,A,골목상권,3110502,남가좌파출소,397,204,193,0,33,80,119,122,43,0,5,38,56,68,37,0,28,42,63,54,6
20241,A,골목상권,3110503,명지대학교교회,1400,892,508,0,213,377,353,314,143,0,118,241,220,205,108,0,95,136,133,109,35
20241,A,골목상권,3110504,명지전문대,42,27,15,0,7,11,11,9,4,0,4,7,7,6,3,0,3,4,4,3,1
20241,A,골목상권,3110505,홍남교남측,214,141,73,0,33,54,46,60,21,0,18,36,29,43,15,0,15,18,17,17,6
20241,A,골목상권,3110506,연희임광아파트,591,390,201,0,92,149,128,165,57,0,52,99,80,119,40,0,40,50,48,46,17
20241,A,골목상권,3110507,명지대학교,645,376,269,0,78,161,177,165,64,0,32,92,98,98,56,0,46,69,79,67,8
20241,A,골목상권,3110508,서연중학교,1241,834,407,0,199,311,266,348,117,0,112,214,170,253,85,0,87,97,96,95,32
20241,A,골목상권,3110509,연희대우아파트앞,538,334,204,0,86,139,123,140,50,0,43,82,72,99,38,0,43,57,51,41,12
20241,A,골목상권,3110510,홍연시장,933,621,312,0,147,233,201,262,90,0,82,158,127,189,65,0,65,75,74,73,25
20241,A,골목상권,3110511,연희초등학교,1781,1184,597,0,279,447,386,502,167,0,158,300,243,362,121,0,121,147,143,140,46
20241,A,골목상권,3110512,연희지하차도,1817,1205,612,0,287,452,392,510,176,0,160,305,247,366,127,0,127,147,145,144,49
20241,A,골목상권,3110513,연희파출소,2183,1444,739,0,346,545,471,612,209,0,193,365,296,440,150,0,153,180,175,172,59
20241,A,골목상권,3110514,서대문우체국,31,17,14,0,3,10,8,8,2,0,1,4,4,6,2,0,2,6,4,2,0
20241,A,골목상권,3110515,홍은중학교,177,114,63,0,28,46,44,40,19,0,17,29,27,26,15,0,11,17,17,14,4
20241,A,골목상권,3110516,정원여중,102,66,36,0,16,27,25,23,11,0,10,17,16,14,9,0,6,10,9,9,2
20241,A,골목상권,3110517,서대문소방서,1734,1149,585,0,275,432,375,485,167,0,153,290,235,350,121,0,122,142,140,135,46
20241,A,골목상권,3110518,서대문구청,2989,1980,1009,0,473,747,644,837,288,0,264,502,404,603,207,0,209,245,240,234,81
20241,A,골목상권,3110519,서대문구보건소별관,1329,676,653,0,145,202,335,458,189,0,39,90,174,253,120,0,106,112,161,205,69
20241,A,골목상권,3110520,경의중앙 신촌역,35,19,16,0,5,10,9,9,2,0,2,3,5,7,2,0,3,7,4,2,0
20241,A,골목상권,3110521,홍제역 4번,298,152,146,0,31,46,75,101,45,0,8,20,39,56,29,0,23,26,36,45,16
20241,A,골목상권,3110522,홍제역 3번,822,419,403,0,88,124,211,284,115,0,24,56,109,157,73,0,64,68,102,127,42
20241,A,골목상권,3110523,홍제성원아파트,37,19,18,0,4,6,10,13,4,0,1,3,5,7,3,0,3,3,5,6,1
20241,A,골목상권,3110524,연희세브란스병원,55,29,26,0,10,16,14,11,4,0,4,7,7,7,4,0,6,9,7,4,0
20241,A,골목상권,3110525,홍은종합사회복지관,641,126,515,0,19,47,176,307,92,0,7,15,33,37,34,0,12,32,143,270,58
20241,A,골목상권,3110526,봉원사,11,5,6,0,2,4,2,2,1,0,1,1,1,1,1,0,1,3,1,1,0
20241,A,골목상권,3110527,홍제역 2번,132,65,67,0,15,22,32,35,28,0,4,13,15,17,16,0,11,9,17,18,12
20241,A,골목상권,3110528,서울여자간호대학교,137,68,69,0,7,13,28,39,50,0,0,5,12,21,30,0,7,8,16,18,20
20241,A,골목상권,3110529,홍제3동주민센터,169,81,88,0,7,14,33,50,65,0,0,4,12,27,38,0,7,10,21,23,27
20241,A,골목상권,3110530,아현역 1번,141,99,42,0,16,33,39,40,13,0,6,23,29,30,11,0,10,10,10,10,2
20241,A,골목상권,3110531,홍지문,349,81,268,0,15,32,97,157,48,0,5,13,22,22,19,0,10,19,75,135,29
20241,A,골목상권,3110532,아현역 2번,401,294,107,0,41,93,110,115,42,0,17,70,86,88,33,0,24,23,24,27,9
20241,A,골목상권,3110533,충정로역 7번,77,57,20,0,7,20,22,20,8,0,3,15,17,16,6,0,4,5,5,4,2
20241,A,골목상권,3110534,경기대학교,137,86,51,0,16,35,37,34,15,0,7,21,24,22,12,0,9,14,13,12,3
20241,A,골목상권,3110535,영천시장입구,139,76,63,0,9,21,37,53,19,0,2,9,22,31,12,0,7,12,15,22,7
20241,A,골목상권,3110536,돈의문센트레빌아파트입구,180,103,77,0,19,37,47,54,23,0,7,20,28,33,15,0,12,17,19,21,8
20241,A,골목상권,3110537,충정로현대아파트,1091,680,411,0,135,280,290,259,127,0,63,170,185,171,91,0,72,110,105,88,36
20241,A,골목상권,3110538,충정로역 3번,319,198,121,0,40,82,84,76,37,0,19,50,53,50,26,0,21,32,31,26,11
20241,A,골목상권,3110539,미근동,1534,956,578,0,189,394,407,366,178,0,89,239,259,241,128,0,100,155,148,125,50
20241,A,골목상권,3110540,망원나들목체육관,80,47,33,0,22,24,18,12,4,0,13,13,9,8,4,0,9,11,9,4,0
20241,A,골목상권,3110541,동교초등학교,801,482,319,0,103,147,171,244,136,0,58,110,122,114,78,0,45,37,49,130,58
20241,A,골목상권,3110542,마포구청역 7번,1398,841,557,0,175,259,302,425,237,0,98,193,213,198,139,0,77,66,89,227,98
20241,A,골목상권,3110543,중암중학교,5,2,3,0,0,1,2,2,0,0,0,0,1,1,0,0,0,1,1,1,0
20241,A,골목상권,3110544,망리단길,1410,794,616,0,398,400,296,209,107,0,227,214,144,125,84,0,171,186,152,84,23
20241,A,골목상권,3110545,마포구청역 1번,998,448,550,0,80,192,271,320,135,0,25,95,123,125,80,0,55,97,148,195,55
20241,A,골목상권,3110546,양화대교북단,355,201,154,0,56,105,96,65,33,0,21,51,61,44,24,0,35,54,35,21,9
20241,A,골목상권,3110547,KB국민은행 망원동지점,736,445,291,0,90,139,158,224,125,0,50,103,112,105,75,0,40,36,46,119,50
20241,A,골목상권,3110548,마포구청역 4번,951,635,316,0,119,199,218,188,227,0,59,124,140,131,181,0,60,75,78,57,46
20241,A,골목상권,3110549,새터산,93,40,53,0,5,14,30,34,10,0,1,7,13,13,6,0,4,7,17,21,4
20241,A,골목상권,3110550,합정역 8번,1259,706,553,0,205,371,338,228,117,0,76,182,211,153,84,0,129,189,127,75,33
20241,A,골목상권,3110551,성서초등학교,486,318,168,0,62,103,113,96,112,0,31,62,71,66,88,0,31,41,42,30,24
20241,A,골목상권,3110552,성미산체육관,1000,665,335,0,126,208,230,196,240,0,63,130,146,136,190,0,63,78,84,60,50
20241,A,골목상권,3110553,가좌역 2번,272,122,150,0,18,52,78,90,34,0,5,26,34,36,21,0,13,26,44,54,13
20241,A,골목상권,3110554,망원역 1번,1139,584,555,0,237,320,265,187,130,0,97,160,147,99,81,0,140,160,118,88,49
20241,A,골목상권,3110555,홍익지구대,341,175,166,0,73,94,79,57,38,0,30,47,44,30,24,0,43,47,35,27,14
20241,A,골목상권,3110556,절두산순교성지,170,96,74,0,27,52,47,30,14,0,9,26,30,21,10,0,18,26,17,9,4
20241,A,골목상권,3110557,홍대부속여중고앞,898,522,376,0,151,224,206,164,153,0,67,123,122,100,110,0,84,101,84,64,43
20241,A,골목상권,3110558,경성고등학교,1872,1241,631,0,235,400,437,370,430,0,116,246,275,261,343,0,119,154,162,109,87
20241,A,골목상권,3110559,성산중학교,841,472,369,0,141,247,227,153,73,0,52,121,141,102,56,0,89,126,86,51,17
20241,A,골목상권,3110560,마포FM,513,334,179,0,70,114,122,102,105,0,32,67,76,71,88,0,38,47,46,31,17
20241,A,골목상권,3110561,상수역 4번,372,239,133,0,61,94,89,75,53,0,30,57,60,51,41,0,31,37,29,24,12
20241,A,골목상권,3110562,연트럴파크(연남동주민센터),309,199,110,0,49,73,78,70,39,0,22,39,49,50,39,0,27,34,29,20,0
20241,A,골목상권,3110563,상수역 3번,275,173,102,0,47,67,65,54,42,0,23,40,44,35,31,0,24,27,21,19,11
20241,A,골목상권,3110564,홍대입구역 3번,543,279,264,0,115,152,126,89,61,0,47,76,70,47,39,0,68,76,56,42,22
20241,A,골목상권,3110565,홍익대,241,152,89,0,41,58,59,48,35,0,20,35,39,32,26,0,21,23,20,16,9
20241,A,골목상권,3110566,경의선책거리,1341,687,654,0,281,378,309,225,148,0,117,189,170,119,92,0,164,189,139,106,56
20241,A,골목상권,3110567,광흥창역 6번,286,180,106,0,52,69,66,57,42,0,25,41,44,38,32,0,27,28,22,19,10
20241,A,골목상권,3110568,광흥창역 1번,158,100,58,0,26,40,38,30,24,0,12,24,26,21,17,0,14,16,12,9,7
20241,A,골목상권,3110569,홍대땡땡거리,736,411,325,0,144,196,175,128,93,0,60,106,106,76,63,0,84,90,69,52,30
20241,A,골목상권,3110570,KB국민은행 서강지점,219,125,94,0,26,62,62,53,16,0,10,29,36,37,13,0,16,33,26,16,3
20241,A,골목상권,3110571,신수동주민센터,1194,679,515,0,145,332,335,294,88,0,54,157,191,206,71,0,91,175,144,88,17
20241,A,골목상권,3110572,서강대역 1번,1052,573,479,0,229,278,248,220,77,0,87,134,141,148,63,0,142,144,107,72,14
20241,A,골목상권,3110573,신촌역 6번,104,51,53,0,44,24,15,13,8,0,17,13,8,8,5,0,27,11,7,5,3
20241,A,골목상권,3110574,서강대학교,187,92,95,0,77,42,26,26,16,0,30,22,14,15,11,0,47,20,12,11,5
20241,A,골목상권,3110575,대흥동주민센터,331,162,169,0,142,76,46,45,22,0,53,39,25,29,16,0,89,37,21,16,6
20241,A,골목상권,3110576,대흥역 3번,1146,674,472,3,331,258,204,210,140,1,142,156,139,139,97,2,189,102,65,71,43
20241,A,골목상권,3110577,용강동주민센터,699,416,283,0,101,172,165,139,122,0,50,102,109,81,74,0,51,70,56,58,48
20241,A,골목상권,3110578,대흥역 2번,1265,800,465,3,302,287,244,256,173,1,139,185,176,177,122,2,163,102,68,79,51
20241,A,골목상권,3110579,마포역 4번,1163,709,454,0,215,286,292,258,112,0,111,196,193,136,73,0,104,90,99,122,39
20241,A,골목상권,3110580,양원초등학교,152,74,78,0,67,32,21,21,11,0,26,16,11,12,9,0,41,16,10,9,2
20241,A,골목상권,3110581,염리초등학교,246,146,100,0,36,61,58,48,43,0,18,36,38,28,26,0,18,25,20,20,17
20241,A,골목상권,3110582,이대역 5번,282,163,119,0,95,67,46,47,27,0,39,39,32,33,20,0,56,28,14,14,7
20241,A,골목상권,3110583,공덕래미안3차아파트,362,200,162,0,70,119,103,62,8,0,31,67,58,37,7,0,39,52,45,25,1
20241,A,골목상권,3110584,아현역 4번,182,100,82,0,34,60,52,32,4,0,15,33,29,19,4,0,19,27,23,13,0
20241,A,골목상권,3110585,마포경찰서,235,129,106,0,46,76,67,40,6,0,20,43,37,24,5,0,26,33,30,16,1
20241,A,골목상권,3110586,서울서부지방법원,3762,2181,1581,1,835,1043,1029,664,190,0,328,553,659,499,142,1,507,490,370,165,48
20241,A,골목상권,3110587,공덕동주민센터,909,530,379,0,204,252,248,157,48,0,82,134,159,119,36,0,122,118,89,38,12
20241,A,골목상권,3110588,한겨레신문사,660,384,276,0,148,183,186,112,31,0,60,98,117,86,23,0,88,85,69,26,8
20241,A,골목상권,3110589,애오개역 3번,115,68,47,0,26,32,33,19,5,0,10,18,21,15,4,0,16,14,12,4,1
20241,A,골목상권,3110590,만리재,300,174,126,0,65,86,79,54,16,0,24,46,50,41,13,0,41,40,29,13,3
20241,A,골목상권,3110591,충정로역 6번,166,95,71,0,37,51,42,28,8,0,16,28,25,19,7,0,21,23,17,9,1
20241,A,골목상권,3110592,서울금융고등학교,292,170,122,0,26,55,67,91,53,0,8,23,35,58,46,0,18,32,32,33,7
20241,A,골목상권,3110593,신월3동주민센터,344,203,141,0,25,62,82,112,63,0,7,23,43,72,58,0,18,39,39,40,5
20241,A,골목상권,3110594,신월중학교,187,107,80,0,21,46,50,50,20,0,9,23,27,31,17,0,12,23,23,19,3
20241,A,골목상권,3110595,메디힐병원,964,543,421,0,105,256,252,250,101,0,49,128,131,148,87,0,56,128,121,102,14
20241,A,골목상권,3110596,서서울호수공원,180,106,74,0,14,34,40,58,34,0,4,14,20,38,30,0,10,20,20,20,4
20241,A,골목상권,3110597,신월1동주민센터,447,294,153,0,33,78,106,153,77,0,19,48,62,104,61,0,14,30,44,49,16
20241,A,골목상권,3110598,신월문화체육센터,636,420,216,0,69,105,129,153,180,0,51,81,88,92,108,0,18,24,41,61,72
20241,A,골목상권,3110599,신월1파출소,299,203,96,0,23,49,70,105,52,0,13,33,43,72,42,0,10,16,27,33,10
20241,A,골목상권,3110600,신월7동주민센터,671,442,229,0,71,111,138,160,191,0,55,83,92,97,115,0,16,28,46,63,76
20241,A,골목상권,3110601,신월1동우편취급국,614,402,212,0,48,105,146,210,105,0,26,64,87,142,83,0,22,41,59,68,22
20241,A,골목상권,3110602,신월시영아파트중문,811,528,283,0,88,135,166,193,229,0,65,102,109,116,136,0,23,33,57,77,93
20241,A,골목상권,3110603,지향초등학교,597,421,176,0,50,115,148,131,153,0,24,70,99,89,139,0,26,45,49,42,14
20241,A,골목상권,3110604,신월4동주민센터,467,320,147,0,17,56,112,156,126,0,7,31,64,106,112,0,10,25,48,50,14
20241,A,골목상권,3110605,목동센트럴아이파크앞,192,114,78,0,19,37,44,52,40,0,7,20,24,30,33,0,12,17,20,22,7
20241,A,골목상권,3110606,신한은행 신월동지점,390,266,124,0,11,46,92,133,108,0,3,25,51,91,96,0,8,21,41,42,12
20241,A,골목상권,3110607,금빛새마을금고본점,175,102,73,0,15,31,44,48,37,0,8,17,23,26,28,0,7,14,21,22,9
20241,A,골목상권,3110608,신월2동주민센터,440,257,183,0,33,72,117,125,93,0,19,44,59,67,68,0,14,28,58,58,25
20241,A,골목상권,3110609,신정네거리역 2번,90,65,25,0,6,17,24,18,25,0,2,10,16,13,24,0,4,7,8,5,1
20241,A,골목상권,3110610,계남근린공원,110,82,28,0,7,22,28,24,29,0,3,14,19,18,28,0,4,8,9,6,1
20241,A,골목상권,3110611,신정역 1번,384,215,169,0,63,68,75,82,96,0,17,32,39,46,81,0,46,36,36,36,15
20241,A,골목상권,3110612,신정역 5번,699,393,306,0,116,122,133,149,179,0,32,59,67,83,152,0,84,63,66,66,27
20241,A,골목상권,3110613,신정네거리역 4번,257,149,108,0,46,65,64,55,27,0,19,41,38,31,20,0,27,24,26,24,7
20241,A,골목상권,3110614,목동로데오거리,763,425,338,0,127,135,148,161,192,0,36,65,76,88,160,0,91,70,72,73,32
20241,A,골목상권,3110615,신서초등학교,1953,1142,811,7,345,490,490,416,205,7,143,306,295,242,149,0,202,184,195,174,56
20241,A,골목상권,3110616,양목초등학교,263,146,117,0,43,45,51,57,67,0,12,21,27,31,55,0,31,24,24,26,12
20241,A,골목상권,3110617,등촌역 4번,134,75,59,0,16,30,37,32,19,0,8,18,21,16,12,0,8,12,16,16,7
20241,A,골목상권,3110618,강서고등학교,375,231,144,0,38,86,114,98,39,0,12,51,68,63,37,0,26,35,46,35,2
20241,A,골목상권,3110619,목4동주민센터,208,130,78,0,25,48,62,52,21,0,11,30,36,33,20,0,14,18,26,19,1
20241,A,골목상권,3110620,목동보건지소,630,380,250,0,73,143,183,159,72,0,31,85,107,96,61,0,42,58,76,63,11
20241,A,골목상권,3110621,목동역 5번,291,190,101,0,51,79,74,59,28,0,24,52,52,43,19,0,27,27,22,16,9
20241,A,골목상권,3110622,달마을공원,545,304,241,0,74,132,147,126,66,0,35,73,81,72,43,0,39,59,66,54,23
20241,A,골목상권,3110623,갈산공원,422,257,165,0,48,98,126,100,50,0,22,56,78,64,37,0,26,42,48,36,13
20241,A,골목상권,3110624,목동문화체육센터,158,89,69,0,20,40,41,36,21,0,9,22,23,21,14,0,11,18,18,15,7
20241,A,골목상권,3110625,신정2동주민센터,10107,5807,4300,3,1830,3287,2711,1787,489,0,739,1807,1678,1192,391,3,1091,1480,1033,595,98
20241,A,골목상권,3110626,양화초등학교,731,411,320,0,101,177,195,167,91,0,47,97,109,96,62,0,54,80,86,71,29
20241,A,골목상권,3110627,신정롯데캐슬아파트,5756,3309,2447,0,1043,1875,1545,1017,276,0,422,1031,958,677,221,0,621,844,587,340,55
20241,A,골목상권,3110628,신목동역,453,253,200,0,64,110,121,103,55,0,31,59,67,59,37,0,33,51,54,44,18
20241,A,골목상권,3110629,송정역 4번,215,113,102,0,35,71,60,42,7,0,7,30,35,35,6,0,28,41,25,7,1
20241,A,골목상권,3110630,공항시장역 1번,321,234,87,0,20,63,77,93,68,0,14,42,55,63,60,0,6,21,22,30,8
20241,A,골목상권,3110631,방화초등학교,94,69,25,0,5,17,21,30,21,0,3,13,15,19,19,0,2,4,6,11,2
20241,A,골목상권,3110632,방화역 3번,555,433,122,0,53,119,140,160,83,0,40,95,111,132,55,0,13,24,29,28,28
20241,A,골목상권,3110633,개화산역 1번,102,75,27,0,9,21,24,29,19,0,6,15,18,21,15,0,3,6,6,8,4
20241,A,골목상권,3110634,송정역 3번,1273,669,604,0,213,425,350,251,34,0,50,176,205,208,30,0,163,249,145,43,4
20241,A,골목상권,3110635,공항시장역 3번,345,198,147,0,52,105,95,75,18,0,16,49,59,62,12,0,36,56,36,13,6
20241,A,골목상권,3110636,방화역 2번,311,248,63,0,29,67,78,90,47,0,23,56,63,75,31,0,6,11,15,15,16
20241,A,골목상권,3110637,송정역 2번,514,269,245,0,85,172,141,101,15,0,19,71,83,84,12,0,66,101,58,17,3
20241,A,골목상권,3110638,신방화역 2번,1329,1051,278,0,132,286,331,383,197,0,100,235,266,318,132,0,32,51,65,65,65
20241,A,골목상권,3110639,신방화역 8번,371,296,75,0,34,79,95,109,54,0,27,65,77,91,36,0,7,14,18,18,18
20241,A,골목상권,3110640,방화역 1번,1520,983,537,0,149,326,386,418,241,0,75,173,238,292,205,0,74,153,148,126,36
20241,A,골목상권,3110641,공항고등학교,421,336,85,0,43,89,104,123,62,0,33,74,84,103,42,0,10,15,20,20,20
20241,A,골목상권,3110642,정곡초등학교,169,109,60,0,16,36,43,46,28,0,8,19,27,32,23,0,8,17,16,14,5
20241,A,골목상권,3110643,강서구다솔마을,1021,536,485,0,171,337,280,199,34,0,41,140,162,164,29,0,130,197,118,35,5
20241,A,골목상권,3110644,신광명마을,123,73,50,0,4,18,34,42,25,0,1,9,16,25,22,0,3,9,18,17,3
20241,A,골목상권,3110645,우장산역 4번,671,397,274,0,30,94,185,228,134,0,11,48,89,134,115,0,19,46,96,94,19
20241,A,골목상권,3110646,푸른들청소년도서관,1432,883,549,0,199,342,367,330,194,0,107,228,223,186,139,0,92,114,144,144,55
20241,A,골목상권,3110647,화곡역 5번,813,464,349,0,74,177,210,230,122,0,34,102,114,131,83,0,40,75,96,99,39
20241,A,골목상권,3110648,양천향교역 7번,400,252,148,0,41,82,93,98,86,0,16,51,57,64,64,0,25,31,36,34,22
20241,A,골목상권,3110649,우장산역 1번,572,319,253,0,125,128,123,122,74,0,48,75,73,73,50,0,77,53,50,49,24
20241,A,골목상권,3110650,우장산힐스테이트,349,192,157,0,76,78,75,74,46,0,28,45,44,44,31,0,48,33,31,30,15
20241,A,골목상권,3110651,화원중학교,501,284,217,0,45,104,126,146,80,0,20,62,68,83,51,0,25,42,58,63,29
20241,A,골목상권,3110652,양천향교역 2번,168,103,65,0,17,36,38,42,35,0,6,21,22,27,27,0,11,15,16,15,8
20241,A,골목상권,3110653,화곡역 2번,449,250,199,0,100,103,95,95,56,0,37,60,58,58,37,0,63,43,37,37,19
20241,A,골목상권,3110654,까치산역 4번,963,549,414,0,86,202,245,280,150,0,40,121,135,156,97,0,46,81,110,124,53
20241,A,골목상권,3110655,발산역 5번,1048,582,466,0,230,236,226,219,137,0,85,138,135,133,91,0,145,98,91,86,46
20241,A,골목상권,3110656,까치산역 3번,684,388,296,0,52,147,175,202,108,0,20,84,99,114,71,0,32,63,76,88,37
20241,A,골목상권,3110657,양천향교역 5번,2792,1503,1289,0,346,597,626,688,535,0,150,329,368,344,312,0,196,268,258,344,223
20241,A,골목상권,3110658,화곡초등학교,306,177,129,0,28,61,77,75,65,0,7,36,46,39,49,0,21,25,31,36,16
20241,A,골목상권,3110659,화곡역 4번,922,540,382,0,79,184,234,234,191,0,23,108,136,126,147,0,56,76,98,108,44
20241,A,골목상권,3110660,등촌3동주민센터,4370,2318,2052,0,547,932,980,1080,831,0,241,508,572,526,471,0,306,424,408,554,360
20241,A,골목상권,3110661,강서새말어린이공원,261,171,90,0,34,71,69,61,26,0,17,47,45,42,20,0,17,24,24,19,6
20241,A,골목상권,3110662,까치산역 1번,493,282,211,0,61,140,150,92,50,0,30,80,79,57,36,0,31,60,71,35,14
20241,A,골목상권,3110663,우장산롯데캐슬아파트앞,498,318,180,0,70,136,128,111,53,0,35,86,81,74,42,0,35,50,47,37,11
20241,A,골목상권,3110664,강서구청옆,196,124,72,0,28,53,51,44,20,0,14,34,32,29,15,0,14,19,19,15,5
20241,A,골목상권,3110665,곰달래도서관,2795,1690,1105,0,352,772,738,651,282,0,204,498,443,351,194,0,148,274,295,300,88
20241,A,골목상권,3110666,KC대학교,196,127,69,0,26,52,51,46,21,0,13,34,33,31,16,0,13,18,18,15,5
20241,A,골목상권,3110667,가양역 10번,546,290,256,0,68,117,122,135,104,0,30,64,71,66,59,0,38,53,51,69,45
20241,A,골목상권,3110668,화곡2동주민센터,1708,1043,665,0,212,474,450,410,162,0,128,312,275,216,112,0,84,162,175,194,50
20241,A,골목상권,3110669,화곡보람2차아파트,71,45,26,0,10,20,18,16,7,0,5,12,11,11,6,0,5,8,7,5,1
20241,A,골목상권,3110670,신곡초등학교,371,204,167,0,64,101,89,83,34,0,25,57,50,44,28,0,39,44,39,39,6
20241,A,골목상권,3110671,등촌1동주민센터,3205,1938,1267,0,639,837,713,572,444,0,235,530,496,378,299,0,404,307,217,194,145
20241,A,골목상권,3110672,백석중학교,198,119,79,0,20,40,50,53,35,0,9,22,30,33,25,0,11,18,20,20,10
20241,A,골목상권,3110673,뜸부기어린이공원,1006,559,447,0,163,282,242,222,97,0,66,165,141,118,69,0,97,117,101,104,28
20241,A,골목상권,3110674,강서구청가양동별관,1182,761,421,2,198,262,332,246,142,1,130,175,213,146,96,1,68,87,119,100,46
20241,A,골목상권,3110675,화곡4동주민센터,309,156,153,0,58,80,71,66,34,0,11,38,38,41,28,0,47,42,33,25,6
20241,A,골목상권,3110676,등촌역 7번,443,264,179,0,51,91,108,113,80,0,22,50,65,72,55,0,29,41,43,41,25
20241,A,골목상권,3110677,등촌역 1번,307,182,125,0,61,81,69,55,41,0,22,50,46,37,27,0,39,31,23,18,14
20241,A,골목상권,3110678,염창무학아파트,398,186,212,0,62,117,117,68,34,0,22,52,47,38,27,0,40,65,70,30,7
20241,A,골목상권,3110679,염창역 2번,1552,722,830,0,243,457,461,263,128,0,88,200,186,146,102,0,155,257,275,117,26
20241,A,골목상권,3110680,온수역 5번(온수산업단지),606,417,189,0,57,117,141,175,116,0,37,74,90,120,96,0,20,43,51,55,20
20241,A,골목상권,3110681,온수역 1번,134,91,43,0,13,26,31,38,26,0,8,17,19,26,21,0,5,9,12,12,5
20241,A,골목상권,3110682,온수역 8번,20,15,5,0,1,3,6,6,4,0,1,2,4,4,4,0,0,1,2,2,0
20241,A,골목상권,3110683,오류고등학교,70,48,22,0,7,14,16,20,13,0,5,8,10,14,11,0,2,6,6,6,2
20241,A,골목상권,3110684,서울공연예술고등학교,134,94,40,0,12,26,31,38,27,0,7,17,20,27,23,0,5,9,11,11,4
20241,A,골목상권,3110685,금강수목원아파트,23,15,8,0,2,5,5,7,4,0,1,3,3,5,3,0,1,2,2,2,1
20241,A,골목상권,3110686,수궁동주민센터,340,238,102,0,30,66,81,98,65,0,17,45,53,69,54,0,13,21,28,29,11
20241,A,골목상권,3110687,"천왕역 3번(오류2동주민센터, 서울오류남초등학교)",85,52,33,0,8,19,23,22,13,0,3,11,13,14,11,0,5,8,10,8,2
20241,A,골목상권,3110688,오류지구대,153,99,54,0,17,30,39,47,20,0,12,21,25,27,14,0,5,9,14,20,6
20241,A,골목상권,3110689,오류동역 3번,324,207,117,0,41,60,81,96,46,0,30,42,49,54,32,0,11,18,32,42,14
20241,A,골목상권,3110690,오류2동버들시장,606,376,230,0,55,138,158,156,99,0,25,80,92,99,80,0,30,58,66,57,19
20241,A,골목상권,3110691,개봉중학교,3122,1824,1298,0,264,672,751,835,600,0,136,375,386,476,451,0,128,297,365,359,149
20241,A,골목상권,3110692,큰굴다리,1643,958,685,0,138,353,395,440,317,0,72,195,202,250,239,0,66,158,193,190,78
20241,A,골목상권,3110693,오류동역 4번,58,37,21,0,7,11,14,18,8,0,5,8,9,10,5,0,2,3,5,8,3
20241,A,골목상권,3110694,세곡초등학교,2853,1680,1173,0,239,619,691,766,538,0,126,348,358,439,409,0,113,271,333,327,129
20241,A,골목상권,3110695,개봉1동주민센터,3698,2175,1523,0,312,801,900,992,693,0,169,449,464,566,527,0,143,352,436,426,166
20241,A,골목상권,3110696,오류동역 1번,708,352,356,0,126,173,167,168,74,0,73,112,74,55,38,0,53,61,93,113,36
20241,A,골목상권,3110697,개봉3동주민센터,52,35,17,0,2,15,15,12,8,0,1,10,10,7,7,0,1,5,5,5,1
20241,A,골목상권,3110698,개웅초등학교(개웅중학교),101,60,41,0,13,27,28,23,10,0,7,18,16,11,8,0,6,9,12,12,2
20241,A,골목상권,3110699,덕의초등학교,296,189,107,0,27,70,79,81,39,0,19,44,46,47,33,0,8,26,33,34,6
20241,A,골목상권,3110700,고척초등학교,1100,721,379,0,92,229,280,320,179,0,48,144,173,215,141,0,44,85,107,105,38
20241,A,골목상권,3110701,고척동성당,299,189,110,0,30,69,78,82,40,0,19,44,46,47,33,0,11,25,32,35,7
20241,A,골목상권,3110702,개봉초등학교,481,298,183,0,60,121,125,106,69,0,30,76,76,61,55,0,30,45,49,45,14
20241,A,골목상권,3110703,개봉역,5622,3245,2377,0,513,1218,1353,1492,1046,0,270,686,685,827,777,0,243,532,668,665,269
20241,A,골목상권,3110704,고척중학교,234,166,68,0,21,48,62,70,33,0,11,32,43,53,27,0,10,16,19,17,6
20241,A,골목상권,3110705,고산초등학교,137,98,39,0,12,28,36,42,19,0,6,19,25,32,16,0,6,9,11,10,3
20241,A,골목상권,3110706,그라운드 고척,622,446,176,0,53,126,167,187,89,0,28,85,117,142,74,0,25,41,50,45,15
20241,A,골목상권,3110707,구로창업지원센터,4239,2793,1446,0,695,1322,1035,770,417,0,287,900,749,537,320,0,408,422,286,233,97
20241,A,골목상권,3110708,화원어린이공원,138,85,53,0,15,32,36,36,19,0,6,19,21,24,15,0,9,13,15,12,4
20241,A,골목상권,3110709,구로119안전센터,201,127,74,0,23,48,51,51,28,0,10,29,31,35,22,0,13,19,20,16,6
20241,A,골목상권,3110710,남구로역 3번,440,266,174,0,40,104,112,111,73,0,18,60,64,70,54,0,22,44,48,41,19
20241,A,골목상권,3110711,구로초등학교,763,475,288,0,87,176,196,197,107,0,39,105,119,130,82,0,48,71,77,67,25
20241,A,골목상권,3110712,남구로역 5번,150,87,63,0,6,33,42,42,27,0,1,20,22,22,22,0,5,13,20,20,5
20241,A,골목상권,3110713,구로보건소,1979,1244,735,0,279,466,515,436,283,0,155,321,340,259,169,0,124,145,175,177,114
20241,A,골목상권,3110714,구로4동주민센터,345,211,134,0,29,76,91,90,59,0,12,46,52,55,46,0,17,30,39,35,13
20241,A,골목상권,3110715,구로구민회관,113,74,39,0,15,26,30,26,16,0,9,19,20,16,10,0,6,7,10,10,6
20241,A,골목상권,3110716,구로나눔길,236,146,90,0,29,57,58,60,32,0,13,34,35,39,25,0,16,23,23,21,7
20241,A,골목상권,3110717,남구로역 2번,545,341,204,0,90,175,143,74,63,0,44,115,96,44,42,0,46,60,47,30,21
20241,A,골목상권,3110718,한국SGI본부,1050,661,389,0,149,247,271,233,150,0,84,170,178,138,91,0,65,77,93,95,59
20241,A,골목상권,3110719,영서중학교,82,55,27,0,18,27,21,10,6,0,9,18,15,8,5,0,9,9,6,2,1
20241,A,골목상권,3110720,대림역 2번,161,89,72,0,15,34,41,41,30,0,6,20,21,21,21,0,9,14,20,20,9
20241,A,골목상권,3110721,가리봉파출소,304,142,162,0,10,53,73,68,100,0,2,26,31,26,57,0,8,27,42,42,43
20241,A,골목상권,3110722,G타워,2711,1778,933,8,564,914,688,337,200,5,285,606,485,236,161,3,279,308,203,101,39
20241,A,골목상권,3110723,가산디지털단지역 1번 출입구,279,186,93,0,55,89,69,40,26,0,31,59,50,27,19,0,24,30,19,13,7
20241,A,골목상권,3110724,금천구립가산도서관,311,205,106,0,60,98,77,46,30,0,32,66,56,30,21,0,28,32,21,16,9
20241,A,골목상권,3110725,가산동주민센터,352,232,120,0,70,110,88,51,33,0,37,74,63,34,24,0,33,36,25,17,9
20241,A,골목상권,3110726,금천철쭉어린이공원(금하마을),140,95,45,0,6,18,19,34,63,0,5,13,14,22,41,0,1,5,5,12,22
20241,A,골목상권,3110727,독산역 1번 출입구,521,335,186,0,39,71,88,115,208,0,23,48,57,71,136,0,16,23,31,44,72
20241,A,골목상권,3110728,두산초등학교,341,218,123,0,26,45,57,76,137,0,15,30,36,47,90,0,11,15,21,29,47
20241,A,골목상권,3110729,가산동우체국,332,219,113,0,66,105,83,47,31,0,36,69,59,33,22,0,30,36,24,14,9
20241,A,골목상권,3110730,서울축산농협 독산역지점(독산파출소),577,373,204,0,44,77,95,125,236,0,26,51,62,79,155,0,18,26,33,46,81
20241,A,골목상권,3110731,금천구청역 1번 출입구,881,475,406,0,129,208,208,223,113,0,59,104,104,127,81,0,70,104,104,96,32
20241,A,골목상권,3110732,가산초등학교(세일중학교),614,395,219,0,47,85,104,135,243,0,29,56,67,82,161,0,18,29,37,53,82
20241,A,골목상권,3110733,금천어울림복지센터,288,155,133,0,39,71,70,72,36,0,18,35,35,41,26,0,21,36,35,31,10
20241,A,골목상권,3110734,금천파출소,76,40,36,0,11,18,18,20,9,0,5,9,9,11,6,0,6,9,9,9,3
20241,A,골목상권,3110735,말미고개,496,287,209,0,47,102,124,159,64,0,26,46,62,96,57,0,21,56,62,63,7
20241,A,골목상권,3110736,독산119안전센터,402,235,167,0,45,69,83,96,109,0,31,41,50,47,66,0,14,28,33,49,43
20241,A,골목상권,3110737,금천세무서,510,377,133,0,35,75,91,104,205,0,20,48,49,63,197,0,15,27,42,41,8
20241,A,골목상권,3110738,문성초등학교,539,395,144,0,36,82,101,108,212,0,19,54,55,64,203,0,17,28,46,44,9
20241,A,골목상권,3110739,시흥3동 우편취급국,378,226,152,0,28,55,87,99,109,0,15,36,51,54,70,0,13,19,36,45,39
20241,A,골목상권,3110740,금천해태공원,620,346,274,0,83,137,146,175,79,0,41,66,73,102,64,0,42,71,73,73,15
20241,A,골목상권,3110741,독산2동주민센터,244,143,101,0,25,52,58,79,30,0,14,24,29,48,28,0,11,28,29,31,2
20241,A,골목상권,3110742,KT금천빌딩(금천구시설관리공단),347,197,150,0,39,69,82,89,68,0,20,38,44,50,45,0,19,31,38,39,23
20241,A,골목상권,3110743,시흥초등학교(시흥1동우체국),343,186,157,0,51,84,84,83,41,0,24,42,42,47,31,0,27,42,42,36,10
20241,A,골목상권,3110744,독산동성당,467,299,168,0,38,74,97,109,149,0,27,45,59,54,114,0,11,29,38,55,35
20241,A,골목상권,3110745,독산동정훈단지,263,154,109,0,27,54,63,83,36,0,15,24,32,51,32,0,12,30,31,32,4
20241,A,골목상권,3110746,금천금빛공원(은행나무사거리서측),96,54,42,0,17,22,22,25,10,0,8,11,11,14,10,0,9,11,11,11,0
20241,A,골목상권,3110747,석수역 1번 출입구,593,350,243,0,42,88,137,155,171,0,21,57,80,84,108,0,21,31,57,71,63
20241,A,골목상권,3110748,백산초등학교,198,120,78,0,26,49,53,44,26,0,13,32,32,24,19,0,13,17,21,20,7
20241,A,골목상권,3110749,금산초등학교(금천고등학교),812,481,331,0,57,119,188,213,235,0,30,77,109,116,149,0,27,42,79,97,86
20241,A,골목상권,3110750,시흥4동주민센터(서울신흥초등학교),390,239,151,0,63,82,115,98,32,0,40,57,69,46,27,0,23,25,46,52,5
20241,A,골목상권,3110751,난곡중학교,323,240,83,0,16,51,62,66,128,0,9,33,33,40,125,0,7,18,29,26,3
20241,A,골목상권,3110752,한울중학교,629,384,245,0,99,135,186,162,47,0,62,94,111,76,41,0,37,41,75,86,6
20241,A,골목상권,3110753,시흥동 은행나무사거리,437,273,164,0,54,111,121,90,61,0,29,77,77,46,44,0,25,34,44,44,17
20241,A,골목상권,3110754,삼성산자연공원(서울금천초등학교),307,186,121,0,39,68,86,73,41,0,22,47,51,36,30,0,17,21,35,37,11
20241,A,골목상권,3110755,동일여자고등학교,785,461,324,0,82,160,197,229,117,0,45,93,111,132,80,0,37,67,86,97,37
20241,A,골목상권,3110756,문래중학교,442,259,183,0,88,103,99,88,64,0,46,66,59,46,42,0,42,37,40,42,22
20241,A,골목상권,3110757,양평역 2번,1670,969,701,0,331,389,372,335,243,0,168,249,222,172,158,0,163,140,150,163,85
20241,A,골목상권,3110758,문래소공원,1464,1065,399,0,226,479,452,230,77,0,126,364,369,157,49,0,100,115,83,73,28
20241,A,골목상권,3110759,문래예술촌(문래창작촌),24026,17462,6564,8,3703,7864,7407,3790,1254,1,2067,5980,6053,2572,789,7,1636,1884,1354,1218,465
20241,A,골목상권,3110760,선유도역 6번,4330,2482,1848,0,790,1183,1198,748,411,0,344,713,679,442,304,0,446,470,519,306,107
20241,A,골목상권,3110761,문래동남성맨션,966,703,263,0,148,316,299,152,51,0,83,241,244,103,32,0,65,75,55,49,19
20241,A,골목상권,3110762,선유도역 1번,3631,2082,1549,0,658,994,1010,629,340,0,282,603,571,372,254,0,376,391,439,257,86
20241,A,골목상권,3110763,영등포구청역 2번,696,419,277,0,119,198,156,127,96,0,47,111,99,89,73,0,72,87,57,38,23
20241,A,골목상권,3110764,문래역 3번,239,144,95,0,41,69,53,44,32,0,16,38,34,31,25,0,25,31,19,13,7
20241,A,골목상권,3110765,문래동사거리,3606,2620,986,1,557,1180,1113,568,187,0,312,897,910,384,117,1,245,283,203,184,70
20241,A,골목상권,3110766,대림역 5번,388,255,133,0,36,78,104,90,80,0,18,57,75,57,48,0,18,21,29,33,32
20241,A,골목상권,3110767,도림동주민센터,45,31,14,0,2,7,12,13,11,0,0,5,8,9,9,0,2,2,4,4,2
20241,A,골목상권,3110768,도림2동유수지내체육시설,144,100,44,0,4,23,38,43,36,0,0,16,26,29,29,0,4,7,12,14,7
20241,A,골목상권,3110769,대림차이나타운(대림역 12번),132,69,63,0,25,31,30,20,26,0,11,17,13,11,17,0,14,14,17,9,9
20241,A,골목상권,3110770,영등포구청역 6번,189,116,73,0,34,55,43,32,25,0,13,31,27,24,21,0,21,24,16,8,4
20241,A,골목상권,3110771,대림역 11번,190,97,93,0,35,45,42,29,39,0,14,24,18,16,25,0,21,21,24,13,14
20241,A,골목상권,3110772,신우어린이공원,130,83,47,0,13,27,35,30,25,0,7,19,24,19,14,0,6,8,11,11,11
20241,A,골목상권,3110773,당산역 13번,166,95,71,0,30,45,46,29,16,0,13,27,26,17,12,0,17,18,20,12,4
20241,A,골목상권,3110774,당산반도유보라팰리스아파트,431,288,143,0,68,95,107,95,66,0,34,59,74,70,51,0,34,36,33,25,15
20241,A,골목상권,3110775,대동초등학교,165,86,79,0,29,38,37,28,33,0,12,21,16,16,21,0,17,17,21,12,12
20241,A,골목상권,3110776,도신초등학교,393,256,137,0,35,81,104,97,76,0,18,58,75,60,45,0,17,23,29,37,31
20241,A,골목상권,3110777,구로세무서,2776,2019,757,0,431,909,856,437,143,0,241,691,700,297,90,0,190,218,156,140,53
20241,A,골목상권,3110778,구로디지털단지역 4번,1123,567,556,0,211,269,246,175,222,0,83,141,105,97,141,0,128,128,141,78,81
20241,A,골목상권,3110779,대림갑을명가아파트,28,10,18,0,9,6,8,4,1,0,1,2,4,2,1,0,8,4,4,2,0
20241,A,골목상권,3110780,신길대성유니드아파트,405,196,209,0,28,91,141,104,41,0,11,41,52,52,40,0,17,50,89,52,1
20241,A,골목상권,3110781,대림한신아파트,117,40,77,0,40,30,24,20,3,0,5,10,12,10,3,0,35,20,12,10,0
20241,A,골목상권,3110782,영등포시장역 4번,152,85,67,0,29,37,36,30,20,0,11,20,22,18,14,0,18,17,14,12,6
20241,A,골목상권,3110783,영등포시장역 1번,362,203,159,0,68,90,84,72,48,0,26,51,53,42,31,0,42,39,31,30,17
20241,A,골목상권,3110784,신대림초등학교,92,35,57,0,31,23,18,16,4,0,6,8,9,8,4,0,25,15,9,8,0
20241,A,골목상권,3110785,영등포푸르지오아파트,238,164,74,0,15,45,63,66,49,0,5,27,43,48,41,0,10,18,20,18,8
20241,A,골목상권,3110786,당산역 8번,249,165,84,0,42,54,59,56,38,0,21,33,41,41,29,0,21,21,18,15,9
20241,A,골목상권,3110787,신길3동주민센터,274,231,43,0,1,33,68,79,93,0,0,28,54,61,88,0,1,5,14,18,5
20241,A,골목상권,3110788,영등포시장역 3번,64,36,28,0,11,16,16,12,9,0,4,9,9,7,7,0,7,7,7,5,2
20241,A,골목상권,3110789,대림성모병원,535,197,338,0,178,127,118,85,27,0,31,42,59,43,22,0,147,85,59,42,5
20241,A,골목상권,3110790,대림1동주민센터,414,180,234,0,69,94,127,93,31,0,14,37,51,47,31,0,55,57,76,46,0
20241,A,골목상권,3110791,신풍역 3번,106,51,55,0,8,23,37,28,10,0,3,10,13,15,10,0,5,13,24,13,0
20241,A,골목상권,3110792,영등포역 2번,459,274,185,0,50,105,123,120,61,0,19,56,74,76,49,0,31,49,49,44,12
20241,A,골목상권,3110793,대림썬프라자,15,6,9,0,5,3,4,2,1,0,1,1,2,1,1,0,4,2,2,1,0
20241,A,골목상권,3110794,영동초등학교,1146,761,385,0,183,259,278,252,174,0,91,160,193,185,132,0,92,99,85,67,42
20241,A,골목상권,3110795,도림초등학교,75,63,12,0,0,8,19,24,24,0,0,8,14,17,24,0,0,0,5,7,0
20241,A,골목상권,3110796,한림대학교한강성심병원,182,103,79,0,34,45,43,36,24,0,12,26,27,22,16,0,22,19,16,14,8
20241,A,골목상권,3110797,KT대방빌딩,43,26,17,0,2,11,12,11,7,0,1,6,7,6,6,0,1,5,5,5,1
20241,A,골목상권,3110798,신풍역 2번,127,81,46,0,12,30,33,28,24,0,6,19,20,18,18,0,6,11,13,10,6
20241,A,골목상권,3110799,영등포본동주민센터,119,69,50,0,15,29,31,30,14,0,5,15,18,19,12,0,10,14,13,11,2
20241,A,골목상권,3110800,영등포동성당,621,348,273,0,112,156,149,122,82,0,40,87,93,72,56,0,72,69,56,50,26
20241,A,골목상권,3110801,신풍역 6번(신길6동공영주차장),19,13,6,0,2,4,5,4,4,0,1,3,3,3,3,0,1,1,2,1,1
20241,A,골목상권,3110802,신길동홍어거리,550,273,277,0,91,130,142,130,57,0,31,60,69,70,43,0,60,70,73,60,14
20241,A,골목상권,3110803,신길2동우편취급국,393,227,166,0,54,98,105,99,37,0,22,50,60,63,32,0,32,48,45,36,5
20241,A,골목상권,3110804,신풍역 1번,333,218,115,0,32,79,89,72,61,0,16,53,54,49,46,0,16,26,35,23,15
20241,A,골목상권,3110805,신길새마을금고신길4동지점,165,84,81,0,28,40,42,39,16,0,10,19,21,21,13,0,18,21,21,18,3
20241,A,골목상권,3110806,서울시립영등포장애인복지관,246,137,109,0,45,62,59,49,31,0,16,34,37,29,21,0,29,28,22,20,10
20241,A,골목상권,3110807,신길역 3번,128,71,57,0,23,31,31,25,18,0,9,17,18,14,13,0,14,14,13,11,5
20241,A,골목상권,3110808,신길역 1번,90,51,39,0,11,24,24,22,9,0,4,12,13,14,8,0,7,12,11,8,1
20241,A,골목상권,3110809,장훈고등학교,221,132,89,0,32,55,59,54,21,0,15,29,35,35,18,0,17,26,24,19,3
20241,A,골목상권,3110810,영신초등학교,832,351,481,0,144,208,188,163,129,0,36,98,87,65,65,0,108,110,101,98,64
20241,A,골목상권,3110811,보라매역 4번,143,91,52,0,10,36,42,31,24,0,5,21,25,20,20,0,5,15,17,11,4
20241,A,골목상권,3110812,신길6동주민센터,275,179,96,0,30,66,72,60,47,0,15,43,45,41,35,0,15,23,27,19,12
20241,A,골목상권,3110813,보라매역 6번,552,372,180,0,63,113,131,147,98,0,36,76,86,96,78,0,27,37,45,51,20
20241,A,골목상권,3110814,서울지방병무청,1106,663,443,0,147,233,247,288,191,0,67,140,151,169,136,0,80,93,96,119,55
20241,A,골목상권,3110815,공군호텔,2281,1077,1204,0,377,541,514,482,367,0,118,272,258,224,205,0,259,269,256,258,162
20241,A,골목상권,3110816,대방역 6번,459,288,171,0,58,94,106,120,81,0,29,59,66,74,60,0,29,35,40,46,21
20241,A,골목상권,3110817,대방역 4번,67,33,34,0,9,16,15,15,12,0,2,9,8,7,7,0,7,7,7,8,5
20241,A,골목상권,3110818,신대방역 3번,577,366,211,0,110,184,136,93,54,0,56,119,93,61,37,0,54,65,43,32,17
20241,A,골목상권,3110819,신대방역 4번,2062,1310,752,0,392,662,481,331,196,0,200,428,333,215,134,0,192,234,148,116,62
20241,A,골목상권,3110820,성남고등학교,615,409,206,0,100,168,147,139,61,0,53,115,101,101,39,0,47,53,46,38,22
20241,A,골목상권,3110821,보라매역 2번,1155,748,407,0,204,260,228,268,195,0,146,196,150,149,107,0,58,64,78,119,88
20241,A,골목상권,3110822,신대방삼거리역 4번(대림초등학교),121,84,37,0,18,33,30,29,11,0,10,23,22,21,8,0,8,10,8,8,3
20241,A,골목상권,3110823,신대방삼거리역 3번,517,319,198,0,86,110,101,125,95,0,62,79,63,63,52,0,24,31,38,62,43
20241,A,골목상권,3110824,대방역 3번,831,554,277,0,139,228,195,185,84,0,75,155,137,134,53,0,64,73,58,51,31
20241,A,골목상권,3110825,신대방삼거리역 1번,233,147,86,0,16,45,66,59,47,0,12,37,43,30,25,0,4,8,23,29,22
20241,A,골목상권,3110826,장승배기역 4번,417,231,186,0,30,93,117,102,75,0,15,58,67,51,40,0,15,35,50,51,35
20241,A,골목상권,3110827,NH농협은행 상도동지점,378,224,154,0,46,89,98,94,51,0,22,51,57,67,27,0,24,38,41,27,24
20241,A,골목상권,3110828,노량진역 6번,1352,838,514,0,221,382,321,292,136,0,118,228,201,205,86,0,103,154,120,87,50
20241,A,골목상권,3110829,장승배기역 5번,184,98,86,0,30,54,45,39,16,0,16,25,20,25,12,0,14,29,25,14,4
20241,A,골목상권,3110830,상도초등학교,161,89,72,0,19,41,41,40,20,0,9,22,22,25,11,0,10,19,19,15,9
20241,A,골목상권,3110831,상도4동주민센터,139,81,58,0,15,33,39,34,18,0,6,19,23,23,10,0,9,14,16,11,8
20241,A,골목상권,3110832,노량진초등학교,330,181,149,0,44,83,83,78,42,0,18,45,47,44,27,0,26,38,36,34,15
20241,A,골목상권,3110833,상도역 2번,129,69,60,0,14,32,35,33,15,0,6,17,19,17,10,0,8,15,16,16,5
20241,A,골목상권,3110834,동작구자원봉사센터,82,46,36,0,11,19,21,19,12,0,5,11,13,10,7,0,6,8,8,9,5
20241,A,골목상권,3110835,상도역 1번,249,142,107,0,39,62,59,55,34,0,17,34,36,33,22,0,22,28,23,22,12
20241,A,골목상권,3110836,상도역 5번,654,379,275,0,104,160,156,146,88,0,45,91,95,89,59,0,59,69,61,57,29
20241,A,골목상권,3110837,숭실대입구역 1번,512,293,219,0,80,124,126,113,69,0,34,68,77,68,46,0,46,56,49,45,23
20241,A,골목상권,3110838,상도1동주민센터앞,100,58,42,0,17,24,25,21,13,0,8,13,15,13,9,0,9,11,10,8,4
20241,A,골목상권,3110839,숭실대입구역 4번,361,208,153,0,56,89,88,81,47,0,23,50,52,50,33,0,33,39,36,31,14
20241,A,골목상권,3110840,중앙대학교,53,32,21,0,0,14,18,14,7,0,0,7,11,7,7,0,0,7,7,7,0
20241,A,골목상권,3110841,중대부중,7,4,3,0,0,2,2,2,1,0,0,1,1,1,1,0,0,1,1,1,0
20241,A,골목상권,3110842,흑리단길,15,9,6,0,0,4,5,4,2,0,0,2,3,2,2,0,0,2,2,2,0
20241,A,골목상권,3110843,사당5동주민센터,455,250,205,0,52,116,138,112,37,0,23,53,72,65,37,0,29,63,66,47,0
20241,A,골목상권,3110845,사당종합체육관,155,90,65,0,20,35,41,36,23,0,6,19,25,21,19,0,14,16,16,15,4
20241,A,골목상권,3110846,남성역 1번,873,476,397,0,90,190,245,191,157,0,37,90,120,105,124,0,53,100,125,86,33
20241,A,골목상권,3110847,예술인마을,250,135,115,0,41,62,69,45,33,0,12,30,35,28,30,0,29,32,34,17,3
20241,A,골목상권,3110848,양지어린이공원,234,127,107,0,28,51,61,44,50,0,8,26,30,25,38,0,20,25,31,19,12
20241,A,골목상권,3110849,이수역 10번,799,472,327,0,90,179,223,188,119,0,32,96,139,113,92,0,58,83,84,75,27
20241,A,골목상권,3110850,사당역 10번,611,330,281,0,102,156,174,109,70,0,29,77,88,69,67,0,73,79,86,40,3
20241,A,골목상권,3110851,경문고등학교(동작동성당),135,72,63,0,20,41,38,27,9,0,9,24,22,12,5,0,11,17,16,15,4
20241,A,골목상권,3110852,이수역 9번,215,116,99,0,34,57,58,38,28,0,9,28,29,25,25,0,25,29,29,13,3
20241,A,골목상권,3110853,KT구로지사,435,274,161,0,83,109,106,94,43,0,38,71,68,63,34,0,45,38,38,31,9
20241,A,골목상권,3110854,조원동주민센터,121,77,44,0,24,30,30,26,11,0,11,20,19,19,8,0,13,10,11,7,3
20241,A,골목상권,3110855,신대방역 2번,709,442,267,0,137,177,173,152,70,0,63,114,110,103,52,0,74,63,63,49,18
20241,A,골목상권,3110856,미성초등학교,812,482,330,0,68,143,199,219,183,0,45,86,111,112,128,0,23,57,88,107,55
20241,A,골목상권,3110857,미성동주민센터,369,221,148,0,28,65,91,100,85,0,21,39,51,51,59,0,7,26,40,49,26
20241,A,골목상권,3110858,신대방역 1번,190,135,55,0,33,57,57,32,11,0,15,39,47,26,8,0,18,18,10,6,3
20241,A,골목상권,3110859,난향초등학교,325,158,167,0,35,73,93,72,52,0,5,33,39,37,44,0,30,40,54,35,8
20241,A,골목상권,3110860,호림박물관(성보고등학교),337,201,136,0,28,58,81,92,78,0,19,35,45,47,55,0,9,23,36,45,23
20241,A,골목상권,3110861,관악구신사동주민센터,1751,1218,533,0,284,515,525,315,112,0,128,351,413,242,84,0,156,164,112,73,28
20241,A,골목상권,3110862,난곡초등학교(난곡동벽화마을),178,105,73,0,8,40,45,60,25,0,2,21,23,36,23,0,6,19,22,24,2
20241,A,골목상권,3110863,난우초등학교,445,269,176,0,34,77,111,124,99,0,24,47,63,64,71,0,10,30,48,60,28
20241,A,골목상권,3110864,신림우방아파트,293,211,82,0,45,91,90,49,18,0,19,64,73,41,14,0,26,27,17,8,4
20241,A,골목상권,3110865,남강고등학교(남강중학교),506,293,213,0,33,103,126,163,81,0,13,54,64,96,66,0,20,49,62,67,15
20241,A,골목상권,3110866,난우중학교,196,115,81,0,7,45,50,68,26,0,1,23,25,41,25,0,6,22,25,27,1
20241,A,골목상권,3110867,국제신학대학원대학교(남서울중학교),238,151,87,0,14,48,66,65,45,0,10,29,41,39,32,0,4,19,25,26,13
20241,A,골목상권,3110868,남부초등학교,379,264,115,0,63,115,114,64,23,0,27,79,90,50,18,0,36,36,24,14,5
20241,A,골목상권,3110869,"신림역 5번(신림동주민센터, 신림동별빛거리)",171,114,57,0,2,17,48,44,60,0,0,9,27,27,51,0,2,8,21,17,9
20241,A,골목상권,3110870,신림주공2단지(광신고등학교),72,41,31,0,7,14,21,20,10,0,3,7,11,11,9,0,4,7,10,9,1
20241,A,골목상권,3110871,신원동주민센터,120,76,44,0,2,27,37,35,19,0,2,16,23,21,14,0,0,11,14,14,5
20241,A,골목상권,3110872,신림초등학교,43,27,16,0,1,10,13,12,7,0,1,6,8,7,5,0,0,4,5,5,2
20241,A,골목상권,3110873,당곡중학교,1496,771,725,0,184,345,361,384,222,0,70,176,185,182,158,0,114,169,176,202,64
20241,A,골목상권,3110874,원신초등학교(구세군관악영문교회),273,155,118,0,21,52,81,80,39,0,8,26,41,42,38,0,13,26,40,38,1
20241,A,골목상권,3110875,보라매동주민센터(당곡고등학교),710,366,344,0,87,164,171,183,105,0,33,84,87,86,76,0,54,80,84,97,29
20241,A,골목상권,3110876,서원동주민센터(신관중학교),72,31,41,0,11,16,14,16,15,0,2,7,7,7,8,0,9,9,7,9,7
20241,A,골목상권,3110877,신림역 8번,489,260,229,0,50,81,112,127,119,0,15,39,59,64,83,0,35,42,53,63,36
20241,A,골목상권,3110878,미림여고,109,64,45,0,8,22,32,32,15,0,4,11,17,18,14,0,4,11,15,14,1
20241,A,골목상권,3110879,신림현대아파트,223,126,97,0,25,43,60,57,38,0,12,22,31,32,29,0,13,21,29,25,9
20241,A,골목상권,3110880,신림역 1번,278,113,165,0,51,60,52,63,52,0,11,24,26,23,29,0,40,36,26,40,23
20241,A,골목상권,3110881,구립대학경로당(관악산샘말공원),121,113,8,0,5,34,43,36,3,0,3,31,41,35,3,0,2,3,2,1,0
20241,A,골목상권,3110882,신성초등학교,512,293,219,0,68,93,132,114,105,0,34,49,70,69,71,0,34,44,62,45,34
20241,A,골목상권,3110883,은천초등학교(은천교앞),1151,593,558,0,139,270,279,296,167,0,53,136,143,141,120,0,86,134,136,155,47
20241,A,골목상권,3110884,봉천역 4번(봉천110안전센터),346,166,180,0,46,67,72,95,66,0,13,33,38,43,39,0,33,34,34,52,27
20241,A,골목상권,3110885,영락고등학교,274,152,122,0,42,50,66,59,57,0,21,25,36,34,36,0,21,25,30,25,21
20241,A,골목상권,3110886,관악해태어린이공원,227,132,95,0,32,40,59,48,48,0,16,22,32,30,32,0,16,18,27,18,16
20241,A,골목상권,3110887,서울산업정보학교(서울삼성초등학교),22,19,3,0,3,5,8,5,1,0,2,4,7,5,1,0,1,1,1,0,0
20241,A,골목상권,3110888,청룡동주민센터,163,91,72,0,25,48,40,40,10,0,9,25,22,27,8,0,16,23,18,13,2
20241,A,골목상권,3110889,봉천역 6번,101,48,53,0,13,19,22,28,19,0,4,9,11,13,11,0,9,10,11,15,8
20241,A,골목상권,3110890,봉천역 1번(관악초등학교),474,259,215,0,79,136,116,110,33,0,29,69,64,71,26,0,50,67,52,39,7
20241,A,골목상권,3110891,구암초등학교,1166,440,726,1,170,206,266,354,169,1,78,108,120,95,38,0,92,98,146,259,131
20241,A,골목상권,3110892,관악구 중앙길,467,212,255,0,46,84,107,140,90,0,14,41,49,64,44,0,32,43,58,76,46
20241,A,골목상권,3110893,관악소방서(문영여고),311,171,140,0,50,88,76,72,25,0,19,45,42,47,18,0,31,43,34,25,7
20241,A,골목상권,3110894,관악동부센트레빌아파트(은천로35라길),33,12,21,0,4,5,8,11,5,0,2,3,4,2,1,0,2,2,4,9,4
20241,A,골목상권,3110895,샤로수길,2595,1433,1162,0,424,892,555,401,323,0,192,469,287,232,253,0,232,423,268,169,70
20241,A,골목상권,3110896,관악우성아파트,277,157,120,0,41,76,74,56,30,0,19,43,42,31,22,0,22,33,32,25,8
20241,A,골목상권,3110897,서울대입구역 8번,397,224,173,0,60,100,93,90,54,0,29,58,49,47,41,0,31,42,44,43,13
20241,A,골목상권,3110898,청림동주민센터(상도중학교),128,73,55,0,18,43,43,19,5,0,7,25,25,12,4,0,11,18,18,7,1
20241,A,골목상권,3110899,낙성대역 5번(관악중학교),479,269,210,0,68,118,114,110,69,0,33,66,61,57,52,0,35,52,53,53,17
20241,A,골목상권,3110900,낙성대역 1번(관악구민 종합체육센터),321,189,132,0,67,98,85,47,24,0,31,61,51,24,22,0,36,37,34,23,2
20241,A,골목상권,3110901,인헌고등학교(인헌중학교),218,126,92,0,46,69,58,30,15,0,19,42,35,16,14,0,27,27,23,14,1
20241,A,골목상권,3110902,사당역 4번,828,556,272,0,138,211,225,163,91,0,78,144,158,109,67,0,60,67,67,54,24
20241,A,골목상권,3110903,방배아이파크아파트,2775,1536,1239,4,520,719,738,498,296,4,176,375,430,325,226,0,344,344,308,173,70
20241,A,골목상권,3110904,이수역 5번,2855,1388,1467,0,485,733,790,548,299,0,167,328,365,325,203,0,318,405,425,223,96
20241,A,골목상권,3110905,방배노인종합복지관(이수중학교),815,398,417,0,137,210,221,159,88,0,48,95,102,93,60,0,89,115,119,66,28
20241,A,골목상권,3110906,서문여고,989,611,378,0,171,275,246,188,109,0,72,163,166,131,79,0,99,112,80,57,30
20241,A,골목상권,3110907,방배초등학교,2339,1448,891,0,404,649,580,449,257,0,172,382,393,316,185,0,232,267,187,133,72
20241,A,골목상권,3110908,구반포역,6068,3302,2766,12,1002,2001,1732,1039,282,7,366,1091,971,650,217,5,636,910,761,389,65
20241,A,골목상권,3110909,남태령역(서울전자고등학교),1511,736,775,0,257,390,415,289,160,0,89,175,191,172,109,0,168,215,224,117,51
20241,A,골목상권,3110910,내방역 5번,964,597,367,0,169,265,242,184,104,0,72,156,164,128,77,0,97,109,78,56,27
20241,A,골목상권,3110911,방배배수지체육공원,1191,779,412,6,189,353,322,193,128,2,96,221,231,133,96,4,93,132,91,60,32
20241,A,골목상권,3110912,방배동사이길,1799,998,801,4,338,464,479,322,192,4,115,242,280,209,148,0,223,222,199,113,44
20241,A,골목상권,3110913,방현초등학교(방배119안전센터),4068,2662,1406,16,641,1211,1100,664,436,5,326,757,789,458,327,11,315,454,311,206,109
20241,A,골목상권,3110914,내방역 6번,582,360,222,0,102,160,144,112,64,0,43,95,98,78,46,0,59,65,46,34,18
20241,A,골목상권,3110915,서래초등학교,849,470,379,1,160,219,226,152,91,1,54,114,132,99,70,0,106,105,94,53,21
20241,A,골목상권,3110916,내방역 4번,4188,2780,1408,10,831,1293,1022,759,273,9,395,790,754,625,207,1,436,503,268,134,66
20241,A,골목상권,3110917,서초소방서,3455,3049,406,0,346,734,933,1286,156,0,262,611,828,1221,127,0,84,123,105,65,29
20241,A,골목상권,3110918,방배역 3번,1055,698,357,1,208,326,259,190,71,1,98,199,191,156,53,0,110,127,68,34,18
20241,A,골목상권,3110919,내방역 8번,753,466,287,0,128,209,189,145,82,0,53,122,129,103,59,0,75,87,60,42,23
20241,A,골목상권,3110920,방배역 2번(백석예술대학교),1014,663,351,4,160,302,274,163,111,1,81,189,196,113,83,3,79,113,78,50,28
20241,A,골목상권,3110921,서울프랑스학교,1173,1037,136,0,117,250,316,438,52,0,89,207,281,416,44,0,28,43,35,22,8
20241,A,골목상권,3110922,내방역 1번,465,311,154,0,91,146,115,83,30,0,43,89,85,70,24,0,48,57,30,13,6
20241,A,골목상권,3110923,방배역 1번,184,121,63,0,30,54,50,30,20,0,15,34,36,21,15,0,15,20,14,9,5
20241,A,골목상권,3110924,반포4동주민센터(몽마르뜨공원),2008,1774,234,0,199,428,542,747,92,0,152,355,481,710,76,0,47,73,61,37,16
20241,A,골목상권,3110925,서초중학교,401,240,161,0,69,120,103,74,35,0,30,70,66,48,26,0,39,50,37,26,9
20241,A,골목상권,3110926,신중초등학교,863,516,347,0,147,263,222,157,74,0,61,155,143,103,54,0,86,108,79,54,20
20241,A,골목상권,3110927,잠원역,123,71,52,0,26,36,30,19,12,0,10,21,20,12,8,0,16,15,10,7,4
20241,A,골목상권,3110928,서초우방유쉘아파트,376,223,153,0,64,111,96,70,35,0,27,65,61,45,25,0,37,46,35,25,10
20241,A,골목상권,3110929,남부터미널역 1번,4716,2637,2079,0,990,1223,1041,1153,309,0,356,657,602,797,225,0,634,566,439,356,84
20241,A,골목상권,3110930,서초동성당,1051,586,465,0,222,275,230,257,67,0,80,147,133,177,49,0,142,128,97,80,18
20241,A,골목상권,3110931,삼성전자서울R&D(서울우면초등학교),104,69,35,2,24,29,25,14,10,1,12,20,18,10,8,1,12,9,7,4,2
20241,A,골목상권,3110932,서울시인재개발원,1329,743,586,0,279,344,296,322,88,0,99,185,171,224,64,0,180,159,125,98,24
20241,A,골목상권,3110933,한국상담대학원대학교,499,279,220,0,104,130,111,121,33,0,37,70,64,84,24,0,67,60,47,37,9
20241,A,골목상권,3110934,우면주공아파트,621,403,218,4,146,174,142,95,60,2,74,118,99,64,46,2,72,56,43,31,14
20241,A,골목상권,3110935,한전아트센터,1102,731,371,1,230,366,278,168,59,0,125,247,191,126,42,1,105,119,87,42,17
20241,A,골목상권,3110936,더케이호텔(양재리본타워2단지아파트),1419,1068,351,0,187,348,400,377,107,0,114,257,308,307,82,0,73,91,92,70,25
20241,A,골목상권,3110937,방아다리근린공원(횃불트리니티신학대학원대학교),220,143,77,2,52,61,51,32,22,1,27,41,36,21,17,1,25,20,15,11,5
20241,A,골목상권,3110938,바우뫼공원,1409,911,498,19,331,388,320,210,141,9,169,260,224,141,108,10,162,128,96,69,33
20241,A,골목상권,3110939,양재역 8번(양재동우체국),5759,3716,2043,62,1351,1599,1307,860,580,29,684,1074,921,573,435,33,667,525,386,287,145
20241,A,골목상권,3110940,양재근린공원(양재2동주민센터),1787,1343,444,0,238,438,504,472,135,0,143,322,387,387,104,0,95,116,117,85,31
20241,A,골목상권,3110941,언남고등학교,740,555,185,0,97,181,209,197,56,0,59,133,160,160,43,0,38,48,49,37,13
20241,A,골목상권,3110942,염곡동 구룡사(포이동성당),3423,2572,851,0,457,838,963,906,259,0,276,617,741,739,199,0,181,221,222,167,60
20241,A,골목상권,3110943,법제교육센터(버들어린이공원),2352,1769,583,0,312,577,664,622,177,0,188,425,511,509,136,0,124,152,153,113,41
20241,A,골목상권,3110944,서울나래학교(염곡어린이공원),442,287,155,0,63,91,94,96,98,0,43,67,63,56,58,0,20,24,31,40,40
20241,A,골목상권,3110945,본마을노인복지센터(서초구립내곡도서관),164,107,57,0,24,34,33,35,38,0,17,25,23,20,22,0,7,9,10,15,16
20241,A,골목상권,3110946,청계산원터골,332,249,83,0,43,82,94,87,26,0,26,60,72,71,20,0,17,22,22,16,6
20241,A,골목상권,3110947,청계산입구역 2번(내곡동주민센터),529,346,183,0,75,111,113,114,116,0,54,80,78,66,68,0,21,31,35,48,48
20241,A,골목상권,3110948,헌인가구단지,55,36,19,0,8,11,12,12,12,0,6,8,8,7,7,0,2,3,4,5,5
20241,A,골목상권,3110949,한남IC,1357,810,547,0,283,411,347,207,109,0,110,251,233,136,80,0,173,160,114,71,29
20241,A,골목상권,3110950,논현역 7번,638,376,262,0,167,191,137,89,54,0,72,114,93,57,40,0,95,77,44,32,14
20241,A,골목상권,3110951,신사은행나무공원,522,309,213,0,106,158,134,81,43,0,40,96,89,52,32,0,66,62,45,29,11
20241,A,골목상권,3110952,논현목련공원,116,70,46,0,30,37,24,17,8,0,13,22,17,11,7,0,17,15,7,6,1
20241,A,골목상권,3110953,학동근린공원,1514,889,625,0,397,458,323,207,129,0,169,272,218,135,95,0,228,186,105,72,34
20241,A,골목상권,3110954,국기원,566,336,230,0,116,173,146,98,33,0,56,108,96,53,23,0,60,65,50,45,10
20241,A,골목상권,3110955,논현초등학교,1354,799,555,0,359,411,288,188,108,0,153,248,196,121,81,0,206,163,92,67,27
20241,A,골목상권,3110956,언주역 8번,830,489,341,0,169,253,215,144,49,0,80,156,139,79,35,0,89,97,76,65,14
20241,A,골목상권,3110957,언북중학교,2231,1430,801,0,427,651,540,361,252,0,186,388,384,276,196,0,241,263,156,85,56
20241,A,골목상권,3110958,역삼역 4번,1147,679,468,0,227,352,297,202,69,0,109,219,193,108,50,0,118,133,104,94,19
20241,A,골목상권,3110959,신구중학교,674,380,294,1,150,211,156,101,55,0,56,119,105,66,34,1,94,92,51,35,21
20241,A,골목상권,3110960,은광여고,886,627,259,1,152,207,247,224,55,1,77,135,185,184,45,0,75,72,62,40,10
20241,A,골목상권,3110961,언주역 3번,1501,962,539,0,287,437,362,244,171,0,125,262,258,186,131,0,162,175,104,58,40
20241,A,골목상권,3110962,도산공원북측,390,220,170,1,87,122,89,59,32,0,33,69,60,39,19,1,54,53,29,20,13
20241,A,골목상권,3110963,역삼월드메르디앙아파트,515,306,209,0,106,158,132,89,30,0,50,99,87,48,22,0,56,59,45,41,8
20241,A,골목상권,3110964,싸리고개근린공원,769,545,224,1,131,179,215,196,47,1,66,117,162,160,39,0,65,62,53,36,8
20241,A,골목상권,3110965,언주역 6번,803,478,325,0,163,247,207,140,46,0,77,155,136,76,34,0,86,92,71,64,12
20241,A,골목상권,3110966,논현2동주민센터,1852,1187,665,0,355,537,451,303,206,0,154,323,320,230,160,0,201,214,131,73,46
20241,A,골목상권,3110967,역삼역 8번,753,446,307,0,153,231,193,132,44,0,74,144,126,72,30,0,79,87,67,60,14
20241,A,골목상권,3110968,강남구청역 2번,1346,864,482,0,258,391,326,219,152,0,113,234,233,167,117,0,145,157,93,52,35
20241,A,골목상권,3110969,베르사이유1아파트,1874,1111,763,1,433,522,446,334,138,0,208,334,297,175,97,1,225,188,149,159,41
20241,A,골목상권,3110970,학동초등학교,1115,717,398,0,214,322,271,179,129,0,93,194,193,138,99,0,121,128,78,41,30
20241,A,골목상권,3110971,선정릉역 4번,1823,1081,742,1,369,556,471,318,108,0,177,349,307,171,77,1,192,207,164,147,31
20241,A,골목상권,3110972,강남세브란스병원미래의학연구센터,759,450,309,1,175,212,182,133,56,0,85,135,121,70,39,1,90,77,61,63,17
20241,A,골목상권,3110973,강남구청역 4번,2298,1320,978,0,481,760,574,344,139,0,181,435,379,228,97,0,300,325,195,116,42
20241,A,골목상권,3110974,언주중학교,380,220,160,0,77,125,95,54,29,0,31,74,64,31,20,0,46,51,31,23,9
20241,A,골목상권,3110975,매봉역 1번,1008,716,292,2,172,235,281,255,63,2,87,155,212,209,51,0,85,80,69,46,12
20241,A,골목상권,3110976,언북초등학교,860,489,371,0,179,285,216,128,52,0,66,163,141,84,35,0,113,122,75,44,17
20241,A,골목상권,3110977,논현로18길,256,185,71,0,32,57,72,62,33,0,16,38,55,48,28,0,16,19,17,14,5
20241,A,골목상권,3110978,도곡2동주민센터(대치중학교),1524,1042,482,7,292,598,438,158,31,4,156,410,337,115,20,3,136,188,101,43,11
20241,A,골목상권,3110979,청담초등학교,426,245,181,0,91,142,106,65,22,0,35,82,69,43,16,0,56,60,37,22,6
20241,A,골목상권,3110980,개포지구대옆,429,311,118,0,52,99,123,101,54,0,26,64,94,80,47,0,26,35,29,21,7
20241,A,골목상권,3110981,국악고교사거리,732,527,205,0,86,167,209,176,94,0,43,112,157,137,78,0,43,55,52,39,16
20241,A,골목상권,3110982,강남구보훈회관,482,276,206,0,96,157,124,68,37,0,40,92,82,38,24,0,56,65,42,30,13
20241,A,골목상권,3110983,국립국악고등학교,600,431,169,0,72,139,168,144,77,0,36,91,128,112,64,0,36,48,40,32,13
20241,A,골목상권,3110984,포이초등학교(개포목련어린이공원),1395,1012,383,0,171,315,395,334,180,0,85,213,300,262,152,0,86,102,95,72,28
20241,A,골목상권,3110985,청담근린공원,1065,613,452,0,224,353,266,159,63,0,85,202,175,107,44,0,139,151,91,52,19
20241,A,골목상권,3110986,삼성중앙역 7번,222,128,94,0,45,71,57,31,18,0,19,41,38,18,12,0,26,30,19,13,6
20241,A,골목상권,3110987,영동대교남단,248,142,106,0,52,82,62,38,14,0,20,47,40,25,10,0,32,35,22,13,4
20241,A,골목상권,3110988,청담역 3번,975,659,316,0,196,293,264,174,48,0,106,194,193,136,30,0,90,99,71,38,18
20241,A,골목상권,3110989,대치동아우편취급국,876,539,337,1,139,262,239,149,86,0,60,158,163,105,53,1,79,104,76,44,33
20241,A,골목상권,3110990,청담역 12번,311,179,132,0,66,103,77,47,18,0,25,59,51,31,13,0,41,44,26,16,5
20241,A,골목상권,3110991,삼성중앙역 5번,2602,1756,846,6,525,779,698,461,133,3,282,515,514,362,80,3,243,264,184,99,53
20241,A,골목상권,3110992,도곡초등학교,1109,684,425,1,177,333,300,191,107,0,75,201,207,134,67,1,102,132,93,57,40
20241,A,골목상권,3110993,개포지하차도 북측,1310,805,505,5,206,347,341,271,140,2,93,192,235,183,100,3,113,155,106,88,40
20241,A,골목상권,3110994,개포고등학교,3473,2277,1196,0,611,992,832,644,394,0,327,662,573,411,304,0,284,330,259,233,90
20241,A,골목상권,3110995,봉은사역 4번,5695,3847,1848,10,1148,1710,1526,1013,288,5,615,1132,1127,795,173,5,533,578,399,218,115
20241,A,골목상권,3110996,대치2동주민센터,1379,773,606,6,252,379,316,261,165,2,116,233,204,135,83,4,136,146,112,126,82
20241,A,골목상권,3110997,대청초등학교,1322,732,590,0,161,248,310,293,310,0,69,132,160,154,217,0,92,116,150,139,93
20241,A,골목상권,3110998,은곡마을(은곡마을공원),52,33,19,0,1,9,10,17,15,0,0,5,6,11,11,0,1,4,4,6,4
20241,A,골목상권,3110999,윗방죽마을공원,91,58,33,0,2,15,18,30,26,0,1,8,11,19,19,0,1,7,7,11,7
20241,A,골목상권,3111000,대왕초등학교(세곡동사거리서남측),12,10,2,0,0,0,2,6,4,0,0,0,2,4,4,0,0,0,0,2,0
20241,A,골목상권,3111001,아래방죽마을공원(율현초등학교),37,22,15,0,1,6,8,12,10,0,0,3,5,7,7,0,1,3,3,5,3
20241,A,골목상권,3111002,한국교통안전공단 강남자동차검사소,32,19,13,0,0,6,7,10,9,0,0,3,4,6,6,0,0,3,3,4,3
20241,A,골목상권,3111003,삼전역 4번,2183,1398,785,0,293,422,512,486,470,0,127,257,321,334,359,0,166,165,191,152,111
20241,A,골목상권,3111004,삼전역 1번,2225,1423,802,0,303,427,522,495,478,0,132,259,328,340,364,0,171,168,194,155,114
20241,A,골목상권,3111005,삼전역 3번,775,514,261,0,91,177,175,160,172,0,51,113,112,96,142,0,40,64,63,64,30
20241,A,골목상권,3111006,석촌고분역 1번,1359,916,443,0,163,309,305,276,306,0,94,201,198,169,254,0,69,108,107,107,52
20241,A,골목상권,3111007,석촌고분역 4번,671,454,217,0,78,152,152,136,153,0,46,99,99,83,127,0,32,53,53,53,26
20241,A,골목상권,3111008,석촌고분역 3번,326,218,108,0,39,77,76,64,70,0,23,56,52,38,49,0,16,21,24,26,21
20241,A,골목상권,3111009,송파책박물관,135,88,47,0,17,31,30,28,29,0,9,22,21,16,20,0,8,9,9,12,9
20241,A,골목상권,3111010,석촌역 7번,1221,809,412,0,147,276,285,254,259,0,86,200,191,149,183,0,61,76,94,105,76
20241,A,골목상권,3111011,잠실나루역,4260,3421,839,21,570,1338,1237,902,192,9,410,1097,1020,736,149,12,160,241,217,166,43
20241,A,골목상권,3111012,석촌역 6번,443,291,152,0,55,102,106,89,91,0,33,74,71,50,63,0,22,28,35,39,28
20241,A,골목상권,3111013,송파나루역 1번(송리단길),7331,4578,2753,0,1039,1648,1820,1597,1227,0,443,976,1182,1073,904,0,596,672,638,524,323
20241,A,골목상권,3111014,송파나루역 2번,709,407,302,0,114,184,160,150,101,0,65,119,97,71,55,0,49,65,63,79,46
20241,A,골목상권,3111015,석촌역 3번,4243,2648,1595,0,604,953,1054,922,710,0,259,561,685,620,523,0,345,392,369,302,187
20241,A,골목상권,3111016,송파역 2번,2582,1629,953,3,412,642,677,615,233,3,199,407,488,385,147,0,213,235,189,230,86
20241,A,골목상권,3111017,송파나루역 3번,615,353,262,0,100,157,139,132,87,0,56,102,85,62,48,0,44,55,54,70,39
20241,A,골목상권,3111018,풍납초등학교(풍납백제문화공원),103,62,41,0,12,23,29,29,10,0,7,13,16,16,10,0,5,10,13,13,0
20241,A,골목상권,3111019,한성백제역 3번,1812,1042,770,0,293,469,407,385,258,0,165,306,249,181,141,0,128,163,158,204,117
20241,A,골목상권,3111020,방이동고분군(방산고등학교),777,570,207,0,79,153,205,208,132,0,38,97,153,167,115,0,41,56,52,41,17
20241,A,골목상권,3111021,방이역 4번,6209,4551,1658,0,646,1217,1632,1663,1051,0,311,777,1218,1333,912,0,335,440,414,330,139
20241,A,골목상권,3111022,석촌중학교(방이육교),857,522,335,0,115,209,194,171,168,0,56,130,131,100,105,0,59,79,63,71,63
20241,A,골목상권,3111023,문정역 1번,5120,3957,1163,0,467,956,1474,1933,290,0,276,691,1147,1656,187,0,191,265,327,277,103
20241,A,골목상권,3111024,경찰병원역 4번(건너말공원),1327,800,527,0,181,320,305,259,262,0,87,198,204,150,161,0,94,122,101,109,101
20241,A,골목상권,3111025,경찰병원역 3번,299,203,96,0,38,64,59,57,81,0,23,44,39,34,63,0,15,20,20,23,18
20241,A,골목상권,3111026,문정역 2번,5121,3914,1207,0,473,943,1453,1884,368,0,276,677,1119,1595,247,0,197,266,334,289,121
20241,A,골목상권,3111027,문정초등학교,7106,5489,1617,0,645,1325,2050,2681,405,0,379,954,1595,2298,263,0,266,371,455,383,142
20241,A,골목상권,3111028,문현중학교(장지역 1번),571,385,186,0,61,92,136,152,130,0,33,61,89,105,97,0,28,31,47,47,33
20241,A,골목상권,3111029,오금역 4번,714,477,237,0,95,152,142,135,190,0,56,103,93,80,145,0,39,49,49,55,45
20241,A,골목상권,3111030,방이역 2번,4355,3038,1317,0,577,1035,1103,1052,588,0,339,697,811,793,398,0,238,338,292,259,190
20241,A,골목상권,3111031,장지동주민센터(한림연예예술고교),1587,1077,510,0,173,253,377,416,368,0,96,168,251,290,272,0,77,85,126,126,96
20241,A,골목상권,3111032,방이역 1번,4019,2802,1217,0,535,955,1017,968,544,0,313,643,747,730,369,0,222,312,270,238,175
20241,A,골목상권,3111033,문정동성당,231,158,73,0,25,37,55,61,53,0,13,25,37,43,40,0,12,12,18,18,13
20241,A,골목상권,3111034,오동나무공원(송파레미니스1단지),2171,1513,658,0,287,515,556,522,291,0,168,347,406,395,197,0,119,168,150,127,94
20241,A,골목상권,3111035,오금공원(오주중학교),934,653,281,0,125,223,237,224,125,0,73,150,174,170,86,0,52,73,63,54,39
20241,A,골목상권,3111036,투구봉어린이공원,567,378,189,0,75,121,114,105,152,0,44,82,75,62,115,0,31,39,39,43,37
20241,A,골목상권,3111037,Sh수협은행 오금동금융센터(아랫말어린이공원),584,408,176,0,78,140,146,141,79,0,45,95,108,107,53,0,33,45,38,34,26
20241,A,골목상권,3111038,보인중학교,1817,1266,551,0,242,431,457,439,248,0,142,290,337,330,167,0,100,141,120,109,81
20241,A,골목상권,3111039,벌말어린이공원,825,579,246,0,112,198,205,196,114,0,66,132,153,150,78,0,46,66,52,46,36
20241,A,골목상권,3111040,거여초등학교,454,318,136,0,61,109,114,106,64,0,37,72,84,81,44,0,24,37,30,25,20
20241,A,골목상권,3111041,거여역 8번,116,86,30,0,29,34,28,15,10,0,20,27,21,11,7,0,9,7,7,4,3
20241,A,골목상권,3111042,거여역 1번(거여공원),1425,1073,352,0,359,413,347,188,118,0,251,332,268,130,92,0,108,81,79,58,26
20241,A,골목상권,3111043,마천공원,200,133,67,0,15,45,60,56,24,0,9,30,35,35,24,0,6,15,25,21,0
20241,A,골목상권,3111044,남천초등학교,524,347,177,0,32,124,157,148,63,0,21,81,92,90,63,0,11,43,65,58,0
20241,A,골목상권,3111045,개미어린이공원,57,31,26,0,5,9,17,18,8,0,4,5,9,9,4,0,1,4,8,9,4
20241,A,골목상권,3111046,마천역(마천초등학교),720,402,318,0,43,171,229,215,62,0,13,93,120,114,62,0,30,78,109,101,0
20241,A,골목상권,3111047,마천1치안센터,79,38,41,0,3,21,26,26,3,0,0,9,13,13,3,0,3,12,13,13,0
20241,A,골목상권,3111048,천호역 1번(천호문구완구거리),108,58,50,0,9,23,30,28,18,0,3,11,15,14,15,0,6,12,15,14,3
20241,A,골목상권,3111049,천호지구대(천호동자전거거리),175,91,84,0,18,39,45,42,31,0,6,18,22,21,24,0,12,21,23,21,7
20241,A,골목상권,3111050,강동구청(강동구청역 2번),236,161,75,0,26,50,51,62,47,0,15,32,33,45,36,0,11,18,18,17,11
20241,A,골목상권,3111051,천호역 6번,373,254,119,0,56,80,89,76,72,0,44,53,53,53,51,0,12,27,36,23,21
20241,A,골목상권,3111052,암사역 3번(천호동자전거거리),449,175,274,0,39,77,112,133,88,0,13,34,47,43,38,0,26,43,65,90,50
20241,A,골목상권,3111053,성내천어린이공원(하니사랑길),1741,1185,556,0,206,364,377,449,345,0,119,227,248,326,265,0,87,137,129,123,80
20241,A,골목상권,3111054,암사역 4번(삼성광나루아파트),246,91,155,0,25,40,59,73,49,0,8,19,25,21,18,0,17,21,34,52,31
20241,A,골목상권,3111055,선사초등학교,295,108,187,0,29,49,71,88,58,0,10,23,29,26,20,0,19,26,42,62,38
20241,A,골목상권,3111056,천호태영아파트,143,82,61,0,5,15,24,26,73,0,1,6,12,14,49,0,4,9,12,12,24
20241,A,골목상권,3111057,천호공원(해공체육문화센터),164,85,79,0,15,39,42,42,26,0,4,18,21,21,21,0,11,21,21,21,5
20241,A,골목상권,3111058,성내중학교,578,391,187,0,70,119,125,149,115,0,40,74,81,108,88,0,30,45,44,41,27
20241,A,골목상권,3111059,강동역 4번(강풀만화거리),728,484,244,0,116,153,173,145,141,0,86,100,101,100,97,0,30,53,72,45,44
20241,A,골목상권,3111060,암사역 2번(서울강동초등학교),359,185,174,0,36,78,94,89,62,0,12,35,47,44,47,0,24,43,47,45,15
20241,A,골목상권,3111061,암사역 1번,648,400,248,0,78,143,139,128,160,0,38,93,88,88,93,0,40,50,51,40,67
20241,A,골목상권,3111062,둔촌동역 3번(성내3동주민센터),743,455,288,0,101,168,189,157,128,0,53,109,116,90,87,0,48,59,73,67,41
20241,A,골목상권,3111063,강동구립 천호도서관,152,90,62,0,2,11,24,26,89,0,0,5,12,14,59,0,2,6,12,12,30
20241,A,골목상권,3111064,둔촌동역 4번,281,173,108,0,38,65,69,60,49,0,20,41,43,35,34,0,18,24,26,25,15
20241,A,골목상권,3111065,천일초등학교,342,204,138,0,25,58,85,82,92,0,8,30,43,51,72,0,17,28,42,31,20
20241,A,골목상권,3111066,암사동성당(효정하나플러스아파트),444,275,169,0,55,97,93,88,111,0,27,64,60,60,64,0,28,33,33,28,47
20241,A,골목상권,3111067,강동구립성내도서관,778,470,308,0,103,178,197,164,136,0,53,112,121,93,91,0,50,66,76,71,45
20241,A,골목상권,3111068,강동성심병원,1058,538,520,0,149,211,241,259,198,0,58,113,129,119,119,0,91,98,112,140,79
20241,A,골목상권,3111069,천호1동주민센터,972,571,401,0,75,176,245,237,239,0,22,91,124,146,188,0,53,85,121,91,51
20241,A,골목상권,3111070,천호초등학교,332,197,135,0,24,60,89,80,79,0,7,31,45,50,64,0,17,29,44,30,15
20241,A,골목상권,3111071,천동초등학교,42,22,20,0,5,8,10,11,8,0,2,5,5,5,5,0,3,3,5,6,3
20241,A,골목상권,3111072,굽은다리역 1번(십자성마을),811,474,337,0,54,133,189,186,249,0,16,67,95,112,184,0,38,66,94,74,65
20241,A,골목상권,3111073,둔촌동역 1번(한산중학교),1292,582,710,0,246,340,284,269,153,0,66,142,142,127,105,0,180,198,142,142,48
20241,A,골목상권,3111074,명일역 1번,157,91,66,0,23,38,37,30,29,0,11,24,24,17,15,0,12,14,13,13,14
20241,A,골목상권,3111075,굽은다리역 2번,917,537,380,0,72,168,232,225,220,0,21,87,117,139,173,0,51,81,115,86,47
20241,A,골목상권,3111076,둔촌2동주민센터,413,186,227,0,78,109,90,86,50,0,22,45,45,41,33,0,56,64,45,45,17
20241,A,골목상권,3111077,길동주민센터(강동도서관),1100,560,540,0,149,223,255,272,201,0,56,120,136,124,124,0,93,103,119,148,77
20241,A,골목상권,3111078,굽은다리역 4번,1147,585,562,0,160,233,263,280,211,0,61,126,143,128,127,0,99,107,120,152,84
20241,A,골목상권,3111079,둔촌고등학교(둔촌중학교),144,63,81,0,30,38,30,29,17,0,8,15,15,14,11,0,22,23,15,15,6
20241,A,골목상권,3111080,굽은다리역 3번,413,233,180,0,60,114,106,73,60,0,28,70,70,37,28,0,32,44,36,36,32
20241,A,골목상권,3111081,둔촌푸르지오아파트,117,53,64,0,22,31,25,25,14,0,6,13,12,12,10,0,16,18,13,13,4
20241,A,골목상권,3111082,중앙보훈병원,35,16,19,0,6,9,8,8,4,0,2,4,4,4,2,0,4,5,4,4,2
20241,A,골목상권,3111083,GS강동자이아파트,282,144,138,0,40,56,63,70,53,0,16,30,34,32,32,0,24,26,29,38,21
20241,A,골목상권,3111084,길동신동아아파트,81,41,40,0,11,17,19,19,15,0,4,9,10,9,9,0,7,8,9,10,6
20241,A,골목상권,3111085,묘곡초등학교(고덕아이파크아파트),653,337,316,0,74,143,169,156,111,0,33,80,82,71,71,0,41,63,87,85,40
20241,A,골목상권,3111086,한영중고,372,258,114,0,45,106,99,79,43,0,23,76,72,51,36,0,22,30,27,28,7
20241,A,골목상권,3111087,고덕중학교(고덕2동주민센터),171,107,64,0,7,21,39,61,43,0,0,9,22,41,35,0,7,12,17,20,8
20241,A,골목상권,3111088,고덕동성당,333,213,120,0,16,41,76,117,83,0,1,18,45,81,68,0,15,23,31,36,15
20241,A,골목상권,3111089,상일여고(상일초등학교),1339,678,661,0,197,302,328,352,160,0,71,151,196,159,101,0,126,151,132,193,59
20241,A,골목상권,3111090,강일동주민센터,149,100,49,0,20,31,43,38,17,0,10,22,28,25,15,0,10,9,15,13,2
20241,D,발달상권,3120001,서대문역,4709,2736,1973,8,807,1265,1191,981,457,2,294,687,768,654,331,6,513,578,423,327,126
20241,D,발달상권,3120002,서촌(경복궁역),2628,1674,954,0,424,756,758,491,199,0,182,470,543,348,131,0,242,286,215,143,68
20241,D,발달상권,3120003,광화문역,38360,23645,14715,73,5429,10972,11428,7400,3058,26,2289,6570,7686,5174,1900,47,3140,4402,3742,2226,1158
20241,D,발달상권,3120004,종로구청,5882,3243,2639,79,1192,1795,1615,921,280,35,518,902,947,650,191,44,674,893,668,271,89
20241,D,발달상권,3120005,삼청동,2512,2080,432,0,300,676,791,601,144,0,193,523,684,543,137,0,107,153,107,58,7
20241,D,발달상권,3120006,종각역,57398,31647,25751,754,11632,17529,15755,8995,2733,314,5063,8807,9245,6349,1869,440,6569,8722,6510,2646,864
20241,D,발달상권,3120007,북촌(안국역),10253,7712,2541,1,1107,3464,3092,1976,613,1,588,2551,2447,1642,483,0,519,913,645,334,130
20241,D,발달상권,3120008,인사동,11422,6296,5126,152,2318,3483,3138,1791,540,65,1009,1749,1842,1262,369,87,1309,1734,1296,529,171
20241,D,발달상권,3120009,종로3가역,21806,12015,9791,271,4427,6669,5994,3420,1025,108,1931,3351,3509,2411,705,163,2496,3318,2485,1009,320
20241,D,발달상권,3120010,원남동사거리,3914,2192,1722,53,811,1187,1064,608,191,18,350,615,641,436,132,35,461,572,423,172,59
20241,D,발달상권,3120011,종로4가,6431,3548,2883,83,1304,1962,1766,1009,307,35,569,985,1036,713,210,48,735,977,730,296,97
20241,D,발달상권,3120012,대학로(혜화역),2452,1237,1215,0,392,650,609,500,301,0,129,311,332,279,186,0,263,339,277,221,115
20241,D,발달상권,3120013,이화사거리,3259,2014,1245,68,742,931,808,510,200,13,304,583,580,391,143,55,438,348,228,119,57
20241,D,발달상권,3120014,종로5가역,5661,3536,2125,134,1333,1634,1393,858,309,27,553,1051,1019,667,219,107,780,583,374,191,90
20241,D,발달상권,3120015,종로6가,1799,1123,676,38,421,523,444,274,99,7,175,334,325,212,70,31,246,189,119,62,29
20241,D,발달상권,3120016,동대문역,508,213,295,0,14,86,172,147,89,0,0,20,56,67,70,0,14,66,116,80,19
20241,D,발달상권,3120017,동묘앞역(동묘),730,322,408,0,41,126,231,195,137,0,10,39,82,94,97,0,31,87,149,101,40
20241,D,발달상권,3120018,중림동,3460,1975,1485,0,671,1081,910,532,266,0,305,596,523,356,195,0,366,485,387,176,71
20241,D,발달상권,3120019,경찰청앞교차로,9721,5312,4409,42,2546,2974,2210,1457,492,11,857,1526,1543,1037,338,31,1689,1448,667,420,154
20241,D,발달상권,3120020,시청역_1번,6139,3260,2879,31,1776,1939,1351,812,230,8,577,965,964,593,153,23,1199,974,387,219,77
20241,D,발달상권,3120021,시청역_8번,21030,11166,9864,110,6085,6639,4627,2782,787,28,1978,3303,3301,2031,525,82,4107,3336,1326,751,262
20241,D,발달상권,3120022,북창동(시청역_6번),21826,11580,10246,108,6318,6892,4804,2890,814,24,2054,3426,3424,2110,542,84,4264,3466,1380,780,272
20241,D,발달상권,3120023,서울시청,16607,9615,6992,4,2719,5599,4509,2960,816,0,1085,2886,2906,2183,555,4,1634,2713,1603,777,261
20241,D,발달상권,3120024,회현역,3623,2239,1384,4,679,1281,996,528,135,0,317,764,649,415,94,4,362,517,347,113,41
20241,D,발달상권,3120025,롯데백화점(시청광장 지하쇼핑센터),26448,14128,12320,130,7428,8388,5910,3580,1012,34,2436,4184,4182,2616,676,96,4992,4204,1728,964,336
20241,D,발달상권,3120026,을지로입구역,46574,26960,19614,14,7626,15692,12648,8302,2292,0,3044,8086,8150,6120,1560,14,4582,7606,4498,2182,732
20241,D,발달상권,3120027,명동역(명동재미로),15672,9554,6118,26,2856,5484,4286,2391,629,6,1295,3175,2786,1854,438,20,1561,2309,1500,537,191
20241,D,발달상권,3120028,명동(명동거리),37678,21392,16286,44,7248,12518,9788,6316,1764,12,2712,6398,6434,4646,1190,32,4536,6120,3354,1670,574
20241,D,발달상권,3120029,을지로2가,14648,8482,6166,4,2398,4936,3976,2608,726,0,958,2544,2562,1924,494,4,1440,2392,1414,684,232
20241,D,발달상권,3120030,중부경찰서(영화인의거리),8033,4155,3878,0,1437,2147,2194,1580,675,0,457,1110,1211,921,456,0,980,1037,983,659,219
20241,D,발달상권,3120031,을지로3가역,13849,7839,6010,4,2668,4198,3493,2448,1038,1,908,2210,2256,1754,710,3,1760,1988,1237,694,328
20241,D,발달상권,3120032,충무로역,11005,5298,5707,21,2001,2812,3084,2232,855,7,770,1460,1533,1022,506,14,1231,1352,1551,1210,349
20241,D,발달상권,3120033,을지로4가역,3572,1939,1633,2,873,870,780,623,424,1,241,482,504,419,292,1,632,388,276,204,132
20241,D,발달상권,3120034,중구청(퇴계로4가),4868,2427,2441,42,1395,1280,1003,771,377,17,677,746,580,263,144,25,718,534,423,508,233
20241,D,발달상권,3120035,퇴계로5가,2173,1086,1087,16,613,574,458,349,163,6,293,332,265,126,64,10,320,242,193,223,99
20241,D,발달상권,3120036,장충동족발거리(남소영길),1427,755,672,1,328,392,369,274,63,0,116,219,219,158,43,1,212,173,150,116,20
20241,D,발달상권,3120037,동대문역사문화공원역,22382,11180,11202,192,6380,5877,4622,3563,1748,77,3058,3413,2671,1267,694,115,3322,2464,1951,2296,1054
20241,D,발달상권,3120038,약수역,8336,3963,4373,9,1357,2862,2183,1326,599,0,461,1294,1010,787,411,9,896,1568,1173,539,188
20241,D,발달상권,3120039,신당역,2230,1186,1044,0,581,484,460,425,280,0,246,237,234,270,199,0,335,247,226,155,81
20241,D,발달상권,3120040,용산전자상가(용산역),11149,5972,5177,15,2173,3437,3154,1699,671,6,945,1767,1712,1076,466,9,1228,1670,1442,623,205
20241,D,발달상권,3120041,신용산역(용산역),28326,13991,14335,43,5789,8862,8100,4161,1371,19,2358,4151,4030,2531,902,24,3431,4711,4070,1630,469
20241,D,발달상권,3120042,"숙대입구역(남영역, 남영동)",4057,1709,2348,31,1542,1001,774,523,186,1,291,537,458,281,141,30,1251,464,316,242,45
20241,D,발달상권,3120043,서울역,32080,19193,12887,87,6645,10988,8517,4607,1236,16,2758,6509,5513,3525,872,71,3887,4479,3004,1082,364
20241,D,발달상권,3120044,삼각지역,2454,1213,1241,0,503,768,703,363,117,0,206,360,350,220,77,0,297,408,353,143,40
20241,D,발달상권,3120045,남영동 먹자골목,3209,1351,1858,25,1220,793,609,413,149,0,230,426,361,222,112,25,990,367,248,191,37
20241,D,발달상권,3120046,이태원(이태원역),18161,10121,8040,4,4396,6314,4061,2724,662,4,1408,3175,2736,2258,540,0,2988,3139,1325,466,122
20241,D,발달상권,3120047,한남오거리,8200,6010,2190,5,1358,2427,2161,1885,364,5,647,1616,1751,1693,298,0,711,811,410,192,66
20241,D,발달상권,3120048,금호역,326,194,132,0,38,70,90,79,49,0,12,34,58,49,41,0,26,36,32,30,8
20241,D,발달상권,3120049,왕십리역(왕십리),1223,745,478,0,160,244,305,339,175,0,68,149,198,223,107,0,92,95,107,116,68
20241,D,발달상권,3120050,서울숲역,954,593,361,0,118,200,215,257,164,0,54,124,137,174,104,0,64,76,78,83,60
20241,D,발달상권,3120051,뚝섬역,6487,4260,2227,5,1053,1538,1537,1349,1005,5,596,1027,1022,868,742,0,457,511,515,481,263
20241,D,발달상권,3120052,성수역,15712,10067,5645,21,2591,4003,3929,3153,2015,21,1435,2673,2644,1903,1391,0,1156,1330,1285,1250,624
20241,D,발달상권,3120053,건대입구역(건대),1335,959,376,0,145,293,365,369,163,0,78,198,265,272,146,0,67,95,100,97,17
20241,D,발달상권,3120054,어린이대공원역,330,196,134,0,38,64,79,88,61,0,11,35,48,55,47,0,27,29,31,33,14
20241,D,발달상권,3120055,군자역,2856,1571,1285,5,509,593,668,659,422,0,240,332,367,329,303,5,269,261,301,330,119
20241,D,발달상권,3120056,구의역,4698,3489,1209,0,409,800,1284,1707,498,0,196,497,947,1421,428,0,213,303,337,286,70
20241,D,발달상권,3120057,아차산역,1950,1155,795,0,282,388,505,498,277,0,130,210,303,302,210,0,152,178,202,196,67
20241,D,발달상권,3120058,구의사거리,896,548,348,0,118,196,233,223,126,0,64,120,145,134,85,0,54,76,88,89,41
20241,D,발달상권,3120059,구삼강변맛길,2312,1409,903,0,274,486,558,582,412,0,156,340,376,302,235,0,118,146,182,280,177
20241,D,발달상권,3120060,강변역(테크노마트),3399,2072,1327,0,399,716,820,859,605,0,227,501,556,444,344,0,172,215,264,415,261
20241,D,발달상권,3120061,올림픽대교북단,913,554,359,2,180,213,203,194,121,0,92,144,137,108,73,2,88,69,66,86,48
20241,D,발달상권,3120062,신설동역,5763,2969,2794,0,725,1245,1416,1408,969,0,323,699,751,668,528,0,402,546,665,740,441
20241,D,발달상권,3120063,청량리역(청량리),1166,669,497,0,178,310,252,253,173,0,69,182,158,157,103,0,109,128,94,96,70
20241,D,발달상권,3120064,경희대학교(경희대),19,8,11,0,0,4,7,5,3,0,0,0,3,2,3,0,0,4,4,3,0
20241,D,발달상권,3120065,회기역,729,428,301,0,70,152,190,186,131,0,18,89,118,123,80,0,52,63,72,63,51
20241,D,발달상권,3120066,장한평역(장한평),8059,5114,2945,4,1266,1735,1740,1686,1628,0,706,1137,1115,1034,1122,4,560,598,625,652,506
20241,D,발달상권,3120067,장안동사거리,2901,1661,1240,0,711,568,605,579,438,0,381,341,318,310,311,0,330,227,287,269,127
20241,D,발달상권,3120068,사가정역,290,176,114,0,22,49,79,87,53,0,3,23,45,58,47,0,19,26,34,29,6
20241,D,발달상권,3120069,상봉역,1821,1288,533,0,212,411,524,450,224,0,129,283,339,327,210,0,83,128,185,123,14
20241,D,발달상권,3120070,한성대입구역,2838,2048,790,0,360,699,828,801,150,0,189,459,614,686,100,0,171,240,214,115,50
20241,D,발달상권,3120071,성북구청,1650,825,825,0,174,396,501,413,166,0,57,169,241,260,98,0,117,227,260,153,68
20241,D,발달상권,3120072,성신여대,2452,1217,1235,0,304,518,571,634,425,0,88,223,280,355,271,0,216,295,291,279,154
20241,D,발달상권,3120073,미아사거리,210,80,130,0,12,42,65,65,26,0,3,13,31,20,13,0,9,29,34,45,13
20241,D,발달상권,3120074,안암역,233,157,76,0,29,64,68,51,21,0,15,40,43,39,20,0,14,24,25,12,1
20241,D,발달상권,3120075,월곡역,1242,788,454,0,198,354,303,218,169,0,99,232,183,130,144,0,99,122,120,88,25
20241,D,발달상권,3120076,수유역,3222,1818,1404,0,292,715,777,906,532,0,100,371,420,576,351,0,192,344,357,330,181
20241,D,발달상권,3120077,미아역,1679,962,717,0,126,292,512,503,246,0,41,142,284,312,183,0,85,150,228,191,63
20241,D,발달상권,3120078,미아사거리역,501,244,257,0,32,80,160,140,89,0,7,30,67,67,73,0,25,50,93,73,16
20241,D,발달상권,3120079,창동역,2805,1775,1030,0,311,598,689,656,551,0,152,386,448,391,398,0,159,212,241,265,153
20241,D,발달상권,3120080,마들역,1451,858,593,0,190,386,361,380,134,0,90,244,190,237,97,0,100,142,171,143,37
20241,D,발달상권,3120081,노원역,7613,3417,4196,0,1048,1712,1969,1963,921,0,272,696,888,1036,525,0,776,1016,1081,927,396
20241,D,발달상권,3120082,상계백병원,970,429,541,0,136,228,250,248,108,0,35,87,113,133,61,0,101,141,137,115,47
20241,D,발달상권,3120083,등나무근린공원,906,504,402,0,122,235,231,231,87,0,73,139,118,120,54,0,49,96,113,111,33
20241,D,발달상권,3120084,공릉역,2344,1266,1078,0,251,360,510,648,575,0,113,196,253,337,367,0,138,164,257,311,208
20241,D,발달상권,3120085,은행사거리,1595,842,753,0,197,342,453,425,178,0,88,182,225,218,129,0,109,160,228,207,49
20241,D,발달상권,3120086,태릉입구역,2751,1485,1266,0,293,421,599,761,677,0,133,228,297,395,432,0,160,193,302,366,245
20241,D,발달상권,3120087,응암역,365,194,171,0,37,73,87,90,78,0,13,36,46,44,55,0,24,37,41,46,23
20241,D,발달상권,3120088,구산역,1202,623,579,0,133,236,302,342,189,0,54,118,144,178,129,0,79,118,158,164,60
20241,D,발달상권,3120089,구파발역,561,296,265,0,49,142,157,139,74,0,21,90,90,57,38,0,28,52,67,82,36
20241,D,발달상권,3120090,연신내역,1893,891,1002,0,164,348,402,428,551,0,52,168,174,184,313,0,112,180,228,244,238
20241,D,발달상권,3120091,본서부병원,965,530,435,0,99,174,237,231,224,0,43,84,121,121,161,0,56,90,116,110,63
20241,D,발달상권,3120092,불광역,259,132,127,0,25,59,71,65,39,0,9,28,34,33,28,0,16,31,37,32,11
20241,D,발달상권,3120093,연희동,6402,4240,2162,0,1013,1599,1378,1793,619,0,566,1073,866,1290,445,0,447,526,512,503,174
20241,D,발달상권,3120094,"신촌역(신촌역, 신촌로터리)",2685,1373,1312,0,687,710,571,466,251,0,264,343,305,281,180,0,423,367,266,185,71
20241,D,발달상권,3120095,홍제역,1750,891,859,0,186,269,444,569,282,0,49,125,229,314,174,0,137,144,215,255,108
20241,D,발달상권,3120096,"이화여대(이대역, 이대)",511,284,227,0,132,125,108,98,48,0,51,66,63,66,38,0,81,59,45,32,10
20241,D,발달상권,3120097,충정로역,3813,2377,1436,0,473,975,1014,907,444,0,223,592,644,598,320,0,250,383,370,309,124
20241,D,발달상권,3120098,DMC(디지털미디어시티),12628,7785,4843,18,2668,4623,3446,1418,455,7,1170,2924,2294,1006,384,11,1498,1699,1152,412,71
20241,D,발달상권,3120100,망원역,1441,781,660,0,355,405,318,225,138,0,184,211,165,127,94,0,171,194,153,98,44
20241,D,발달상권,3120101,합정역,4440,2389,2051,0,822,1276,1111,772,459,0,324,632,659,466,308,0,498,644,452,306,151
20241,D,발달상권,3120102,서교동(홍대),5120,2617,2503,0,1069,1444,1189,843,575,0,440,722,654,444,357,0,629,722,535,399,218
20241,D,발달상권,3120103,홍대입구역(홍대),7326,3768,3558,0,1513,2061,1717,1220,815,0,618,1032,954,654,510,0,895,1029,763,566,305
20241,D,발달상권,3120104,연남동(홍대),5236,2866,2370,0,1016,1404,1251,950,615,0,422,715,707,566,456,0,594,689,544,384,159
20241,D,발달상권,3120105,상수역(홍대),1407,891,516,0,239,344,339,278,207,0,118,205,226,186,156,0,121,139,113,92,51
20241,D,발달상권,3120106,마포역,11550,6930,4620,0,1852,2838,2801,2402,1657,0,931,1782,1852,1340,1025,0,921,1056,949,1062,632
20241,D,발달상권,3120107,공덕역(공덕오거리),16461,9609,6852,3,3177,4479,4344,3143,1315,0,1416,2611,2736,1971,875,3,1761,1868,1608,1172,440
20241,D,발달상권,3120108,신정네거리역,2976,1788,1188,3,412,601,705,664,591,3,158,351,407,387,482,0,254,250,298,277,109
20241,D,발달상권,3120109,서울남부지방법원,4153,2382,1771,11,717,919,943,884,679,11,260,531,540,501,539,0,457,388,403,383,140
20241,D,발달상권,3120110,목동역 8번출구,2458,1373,1085,0,407,442,482,523,604,0,115,219,253,285,501,0,292,223,229,238,103
20241,D,발달상권,3120111,목동사거리,1403,785,618,0,209,327,363,332,172,0,65,173,208,205,134,0,144,154,155,127,38
20241,D,발달상권,3120112,등촌역,2282,1298,984,0,342,531,572,506,331,0,140,302,330,300,226,0,202,229,242,206,105
20241,D,발달상권,3120113,오목교역,5666,3435,2231,1,1010,1712,1474,1070,399,0,436,1011,968,738,282,1,574,701,506,332,117
20241,D,발달상권,3120114,목동신시가지,20959,13148,7811,40,3516,5563,5152,4334,2354,21,1632,3493,3444,2966,1592,19,1884,2070,1708,1368,762
20241,D,발달상권,3120115,김포공항역(김포공항),1141,788,353,0,95,216,263,323,244,0,57,139,179,210,203,0,38,77,84,113,41
20241,D,발달상권,3120116,송정역,618,326,292,0,104,203,171,121,19,0,24,85,101,101,15,0,80,118,70,20,4
20241,D,발달상권,3120117,강서농산물도매시장,857,503,354,0,45,121,233,288,170,0,18,61,112,169,143,0,27,60,121,119,27
20241,D,발달상권,3120118,마곡역(마곡),2581,1529,1052,0,157,393,686,827,518,0,63,207,341,491,427,0,94,186,345,336,91
20241,D,발달상권,3120119,발산역(마곡),5497,3120,2377,0,549,1055,1314,1492,1087,0,234,583,729,828,746,0,315,472,585,664,341
20241,D,발달상권,3120120,화곡역,2125,1266,859,0,274,480,531,515,325,0,131,304,312,288,231,0,143,176,219,227,94
20241,D,발달상권,3120121,까치산역,852,476,376,0,88,196,224,215,129,0,38,110,119,124,85,0,50,86,105,91,44
20241,D,발달상권,3120122,강서구청,4545,2864,1681,0,637,1196,1154,1028,530,0,304,758,733,668,401,0,333,438,421,360,129
20241,D,발달상권,3120123,오류동역,1487,947,540,0,193,277,368,429,220,0,140,188,219,245,155,0,53,89,149,184,65
20241,D,발달상권,3120124,개봉동 현대아파트,2269,1187,1082,0,379,555,554,532,249,0,212,354,267,204,150,0,167,201,287,328,99
20241,D,발달상권,3120125,구로역,13781,8707,5074,2,1861,3531,3451,3151,1785,1,853,2238,2217,2078,1320,1,1008,1293,1234,1073,465
20241,D,발달상권,3120126,디지털단지오거리,69,33,36,0,0,11,18,15,25,0,0,5,8,5,15,0,0,6,10,10,10
20241,D,발달상권,3120127,구로구청,3679,2292,1387,1,506,856,951,824,541,1,277,582,617,482,333,0,229,274,334,342,208
20241,D,발달상권,3120128,신도림역,10086,6566,3520,1,1595,2933,2505,1940,1112,1,718,2003,1767,1286,791,0,877,930,738,654,321
20241,D,발달상권,3120129,구로디지털단지,52270,34284,17986,177,10872,17624,13249,6493,3855,118,5498,11694,9340,4534,3100,59,5374,5930,3909,1959,755
20241,D,발달상권,3120130,구로디지털단지역,2591,1690,901,6,533,839,655,356,202,5,266,556,455,247,161,1,267,283,200,109,41
20241,D,발달상권,3120131,가산디지털단지,94290,62048,32242,283,18587,29322,23348,13811,8939,185,9862,19703,16846,9178,6274,98,8725,9619,6502,4633,2665
20241,D,발달상권,3120132,독산동,7523,4846,2677,0,598,1048,1287,1648,2942,0,356,695,822,1009,1964,0,242,353,465,639,978
20241,D,발달상권,3120133,서울시흥동우체국(홈플러스시흥점),369,200,169,0,55,88,87,93,46,0,25,44,44,53,34,0,30,44,43,40,12
20241,D,발달상권,3120134,구로전화국,1428,968,460,0,176,277,299,291,385,0,84,175,176,182,351,0,92,102,123,109,34
20241,D,발달상권,3120135,양평역,2933,1706,1227,2,582,681,654,589,425,0,298,436,392,303,277,2,284,245,262,286,148
20241,D,발달상권,3120136,영등포구청역,6427,3797,2630,2,1195,1645,1435,1242,908,0,554,984,880,742,637,2,641,661,555,500,271
20241,D,발달상권,3120137,문래역(문래로데오거리),3073,2234,839,1,476,1006,947,484,159,0,266,765,774,329,100,1,210,241,173,155,59
20241,D,발달상권,3120138,당산2동(영등포우체국),6419,4296,2123,0,1001,1450,1561,1423,984,0,508,905,1089,1042,752,0,493,545,472,381,232
20241,D,발달상권,3120139,대림3동사거리,2514,1639,875,0,244,531,656,606,477,0,125,374,472,384,284,0,119,157,184,222,193
20241,D,발달상권,3120140,문래동주민센터,29731,21614,8117,18,4597,9727,9169,4683,1537,4,2569,7399,7494,3179,969,14,2028,2328,1675,1504,568
20241,D,발달상권,3120141,영등포청과시장교차로,2012,1373,639,1,322,627,561,337,164,0,160,435,427,234,117,1,162,192,134,103,47
20241,D,발달상권,3120142,대림역,1789,1036,753,0,258,401,434,354,342,0,107,246,256,215,212,0,151,155,178,139,130
20241,D,발달상권,3120143,당산역,2927,1888,1039,0,474,697,737,614,405,0,231,431,486,431,309,0,243,266,251,183,96
20241,D,발달상권,3120144,영중로,2197,1230,967,0,403,548,523,436,287,0,148,305,326,257,194,0,255,243,197,179,93
20241,D,발달상권,3120145,영등포역(영등포),4813,2693,2120,0,882,1193,1147,954,637,0,324,663,715,562,429,0,558,530,432,392,208
20241,D,발달상권,3120146,한강성심병원,3432,1919,1513,0,628,853,817,680,454,0,231,477,508,398,305,0,397,376,309,282,149
20241,D,발달상권,3120147,보라매역,2226,1469,757,0,350,579,525,500,272,0,196,395,356,345,177,0,154,184,169,155,95
20241,D,발달상권,3120148,국회의사당역(국회의사당),69348,49208,20140,158,12751,24856,17832,10635,3116,58,7036,17767,13772,8463,2112,100,5715,7089,4060,2172,1004
20241,D,발달상권,3120149,여의도역(여의도),124394,88269,36125,287,22872,44586,31989,19073,5587,106,12625,31868,24706,15180,3784,181,10247,12718,7283,3893,1803
20241,D,발달상권,3120150,63빌딩,8016,5688,2328,18,1474,2872,2062,1230,360,6,814,2053,1592,979,244,12,660,819,470,251,116
20241,D,발달상권,3120151,보라매공원,14233,8396,5837,14,2272,3095,2962,3459,2431,7,1468,2048,1720,1710,1443,7,804,1047,1242,1749,988
20241,D,발달상권,3120152,신대방삼거리역,2652,1755,897,0,448,690,604,598,312,0,260,481,415,409,190,0,188,209,189,189,122
20241,D,발달상권,3120153,노량진역(노량진),4526,2436,2090,0,661,1218,1122,1002,523,0,316,602,590,593,335,0,345,616,532,409,188
20241,D,발달상권,3120154,장승배기역,408,212,196,0,42,99,112,106,49,0,19,53,59,53,28,0,23,46,53,53,21
20241,D,발달상권,3120155,총신대학교,262,141,121,0,30,66,80,66,20,0,12,30,41,38,20,0,18,36,39,28,0
20241,D,발달상권,3120156,"총신대입구역(이수, 총신대)",8189,4374,3815,0,1379,2181,2195,1558,876,0,520,1113,1175,952,614,0,859,1068,1020,606,262
20241,D,발달상권,3120157,신림역(신림),1383,710,673,0,148,244,306,321,364,0,28,110,161,154,257,0,120,134,145,167,107
20241,D,발달상권,3120158,녹두거리(대학동),330,248,82,0,39,81,93,86,31,0,25,53,73,67,30,0,14,28,20,19,1
20241,D,발달상권,3120159,서울대입구역,4574,2482,2092,0,707,1337,1052,953,525,0,297,698,556,563,368,0,410,639,496,390,157
20241,D,발달상권,3120160,사당역(사당),24945,12620,12325,0,4220,6391,6869,4800,2665,0,1542,3014,3347,2883,1834,0,2678,3377,3522,1917,831
20241,D,발달상권,3120161,방배동가구거리(사당동가구거리),4884,2705,2179,13,916,1261,1302,872,520,13,310,658,758,567,399,0,606,603,544,305,121
20241,D,발달상권,3120162,방배동카페골목,6308,3491,2817,14,1182,1631,1682,1128,671,14,401,850,980,733,513,0,781,781,702,395,158
20241,D,발달상권,3120163,사당역 11번(사당역먹자골목),1539,755,784,0,260,394,425,297,163,0,91,178,198,178,110,0,169,216,227,119,53
20241,D,발달상권,3120164,내방역,12693,8107,4586,15,2343,3696,3136,2368,1135,14,1049,2214,2208,1789,833,1,1294,1482,928,579,302
20241,D,발달상권,3120165,서래마을카페거리(서래마을),13336,11778,1558,1,1334,2834,3598,4961,608,0,1013,2359,3194,4717,495,1,321,475,404,244,113
20241,D,발달상권,3120166,방배역,10226,6746,3480,37,1854,3099,2607,1778,851,21,903,1912,1901,1370,639,16,951,1187,706,408,212
20241,D,발달상권,3120167,고속터미널(고속터미널역),31480,26298,5182,14,3457,7026,8348,10793,1842,5,2364,5524,7133,9936,1336,9,1093,1502,1215,857,506
20241,D,발달상권,3120168,서울고교교차로,2626,1560,1066,1,452,788,673,480,232,0,192,459,430,313,166,1,260,329,243,167,66
20241,D,발달상권,3120169,서초역,17754,10538,7216,4,3056,5326,4556,3243,1569,0,1292,3101,2911,2111,1123,4,1764,2225,1645,1132,446
20241,D,발달상권,3120170,삼호가든사거리,17577,15423,2154,3,1789,3783,4737,6455,810,0,1340,3124,4186,6115,658,3,449,659,551,340,152
20241,D,발달상권,3120171,서초3동사거리,10996,6530,4466,2,1898,3300,2820,2006,970,0,802,1924,1803,1307,694,2,1096,1376,1017,699,276
20241,D,발달상권,3120172,교대입구교차로,14627,8569,6058,2,2649,4250,3638,2876,1212,0,1076,2436,2279,1908,870,2,1573,1814,1359,968,342
20241,D,발달상권,3120173,교대역(법원.검찰청),31116,17843,13273,37,6052,8955,7528,6302,2242,15,2315,5044,4691,4175,1603,22,3737,3911,2837,2127,639
20241,D,발달상권,3120174,논현역 5번,933,540,393,0,194,276,231,144,88,0,77,162,153,90,58,0,117,114,78,54,30
20241,D,발달상권,3120175,남부터미널역,22549,12717,9832,2,4626,5969,5092,5323,1537,0,1695,3251,2994,3662,1115,2,2931,2718,2098,1661,422
20241,D,발달상권,3120176,논현역 4번,1124,695,429,0,202,381,284,171,86,0,94,249,192,94,66,0,108,132,92,77,20
20241,D,발달상권,3120177,신논현역 1번,1687,1044,643,0,304,569,426,259,129,0,143,373,286,142,100,0,161,196,140,117,29
20241,D,발달상권,3120178,신사역,16534,9674,6860,0,3831,4946,3870,2438,1449,0,1565,2936,2586,1559,1028,0,2266,2010,1284,879,421
20241,D,발달상권,3120179,양재역,25224,17117,8107,74,5006,7173,6497,4835,1639,37,2636,4795,4657,3747,1245,37,2370,2378,1840,1088,394
20241,D,발달상권,3120180,양재화물트럭터미널앞,5578,4193,1385,0,739,1368,1573,1475,423,0,448,1008,1209,1205,323,0,291,360,364,270,100
20241,D,발달상권,3120181,교육개발원입구사거리,5320,3432,1888,63,1248,1471,1206,797,535,30,631,988,850,531,402,33,617,483,356,266,133
20241,D,발달상권,3120182,"양재시민의숲역(양재동꽃시장, aT센터)",10223,7686,2537,0,1359,2506,2880,2704,774,0,823,1846,2214,2210,593,0,536,660,666,494,181
20241,D,발달상권,3120183,양재천카페거리,12783,8668,4115,72,2527,4792,3554,1416,422,42,1338,3276,2703,1013,296,30,1189,1516,851,403,126
20241,D,발달상권,3120184,포이사거리(삼호물산),21658,16181,5477,2,2836,5248,6109,5642,1821,1,1674,3818,4686,4582,1420,1,1162,1430,1423,1060,401
20241,D,발달상권,3120185,논현역,13739,8075,5664,0,3256,4164,3128,1997,1194,0,1378,2498,2096,1251,852,0,1878,1666,1032,746,342
20241,D,발달상권,3120186,가로수길,10275,6141,4134,0,2137,3109,2632,1568,829,0,832,1899,1762,1029,619,0,1305,1210,870,539,210
20241,D,발달상권,3120187,신논현역,21301,12471,8830,32,4506,6569,5182,3491,1521,12,1911,3936,3409,2111,1092,20,2595,2633,1773,1380,429
20241,D,발달상권,3120188,압구정역,12845,7450,5395,27,2763,3951,3119,1943,1042,8,1053,2314,2091,1274,710,19,1710,1637,1028,669,332
20241,D,발달상권,3120189,강남역,70610,43571,27039,123,14397,22236,17934,11768,4152,36,7062,14149,11942,7442,2940,87,7335,8087,5992,4326,1212
20241,D,발달상권,3120190,강남을지병원,14341,8532,5809,16,3182,4327,3363,2168,1285,4,1287,2554,2290,1475,922,12,1895,1773,1073,693,363
20241,D,발달상권,3120191,학동역,16809,10331,6478,0,3770,4967,3843,2544,1685,0,1622,2960,2668,1810,1271,0,2148,2007,1175,734,414
20241,D,발달상권,3120192,뱅뱅사거리,39698,25559,14139,59,7904,11941,10275,7203,2316,22,4050,7777,7063,4955,1692,37,3854,4164,3212,2248,624
20241,D,발달상권,3120193,도산공원교차로,9088,5471,3617,16,1880,2740,2145,1422,885,3,754,1588,1487,1012,627,13,1126,1152,658,410,258
20241,D,발달상권,3120194,언주역(차병원),11776,7141,4635,4,2470,3526,2879,1933,964,0,1121,2153,1942,1213,712,4,1349,1373,937,720,252
20241,D,발달상권,3120195,성수대교남단,8612,4840,3772,34,1913,2685,1981,1296,703,11,709,1509,1329,848,434,23,1204,1176,652,448,269
20241,D,발달상권,3120196,서울세관,8095,5186,2909,0,1554,2350,1961,1314,916,0,675,1407,1397,1002,705,0,879,943,564,312,211
20241,D,발달상권,3120197,역삼역,65824,38977,26847,99,13620,19746,16754,11531,4074,27,6532,12370,10972,6212,2864,72,7088,7376,5782,5319,1210
20241,D,발달상권,3120198,구역삼세무서,16095,9533,6562,25,3466,4707,4008,2829,1060,5,1666,2971,2638,1506,747,20,1800,1736,1370,1323,313
20241,D,발달상권,3120199,경복아파트교차로,5245,3206,2039,3,1041,1568,1319,892,422,0,482,964,891,557,312,3,559,604,428,335,110
20241,D,발달상권,3120200,학동사거리,14976,8764,6212,19,3129,4729,3613,2302,1184,4,1211,2717,2437,1570,825,15,1918,2012,1176,732,359
20241,D,발달상권,3120201,도곡1동,13779,9078,4701,20,2622,3558,3658,3035,886,13,1295,2292,2614,2187,677,7,1327,1266,1044,848,209
20241,D,발달상권,3120202,압구정로데오역(압구정로데오),12424,7024,5400,28,2712,3952,2927,1870,935,5,1011,2229,1956,1228,595,23,1701,1723,971,642,340
20241,D,발달상권,3120203,강남구청역,17297,10671,6626,2,3399,5251,4249,2705,1691,0,1428,3103,2947,1929,1264,2,1971,2148,1302,776,427
20241,D,발달상권,3120204,르네상스호텔사거리,27321,16185,11136,54,5932,7936,6759,4811,1829,16,2853,5017,4455,2557,1287,38,3079,2919,2304,2254,542
20241,D,발달상권,3120205,매봉역,99514,68026,31488,470,19044,39037,28552,10336,2075,299,10172,26732,21940,7516,1367,171,8872,12305,6612,2820,708
20241,D,발달상권,3120206,개나리아파트,7466,4426,3040,14,1722,2077,1775,1326,552,4,831,1329,1182,693,387,10,891,748,593,633,165
20241,D,발달상권,3120207,선정릉역,18321,10741,7580,13,3677,5819,4638,2719,1455,4,1565,3456,3116,1600,1000,9,2112,2363,1522,1119,455
20241,D,발달상권,3120208,청담사거리(청담동명품거리),17132,9820,7312,4,3573,5675,4261,2581,1038,0,1345,3240,2802,1707,726,4,2228,2435,1459,874,312
20241,D,발달상권,3120209,"강남구청(청담역_8번, 강남세무서)",7860,4812,3048,7,1611,2501,2021,1255,465,3,713,1516,1396,877,307,4,898,985,625,378,158
20241,D,발달상권,3120210,선릉역,56147,33213,22934,106,11569,16766,14119,9310,4277,26,5282,10327,9421,5273,2884,80,6287,6439,4698,4037,1393
20241,D,발달상권,3120211,도성초등학교,2471,1520,951,4,397,736,673,422,239,0,171,444,460,296,149,4,226,292,213,126,90
20241,D,발달상권,3120212,한티역,7305,4547,2758,22,1321,2491,1980,1032,459,10,613,1543,1374,703,304,12,708,948,606,329,155
20241,D,발달상권,3120213,삼성중앙역,19176,12407,6769,36,3862,5885,5062,3214,1117,17,1945,3764,3638,2351,692,19,1917,2121,1424,863,425
20241,D,발달상권,3120214,영동대교남단교차로,7246,4150,3096,4,1513,2397,1803,1090,439,0,571,1368,1185,720,306,4,942,1029,618,370,133
20241,D,발달상권,3120215,포스코사거리,71800,44341,27459,221,13696,21446,18426,12329,5682,86,6570,13418,12796,8178,3293,135,7126,8028,5630,4151,2389
20241,D,발달상권,3120216,경기고교사거리(경기고교앞사거리),6137,3653,2484,7,1272,1990,1552,960,356,2,523,1173,1049,664,242,5,749,817,503,296,114
20241,D,발달상권,3120217,대치사거리,5230,3052,2178,20,904,1488,1306,944,568,7,406,905,864,560,310,13,498,583,442,384,258
20241,D,발달상권,3120218,코엑스,61970,41816,20154,156,12484,18584,16598,11000,3148,78,6710,12284,12240,8624,1880,78,5774,6300,4358,2376,1268
20241,D,발달상권,3120219,은마아파트,8738,4853,3885,22,1556,2682,2168,1465,845,9,637,1462,1321,894,530,13,919,1220,847,571,315
20241,D,발달상권,3120220,대치역,9454,5080,4374,18,1727,3005,2330,1524,850,6,673,1542,1345,937,577,12,1054,1463,985,587,273
20241,D,발달상권,3120221,봉은사역,30199,20375,9824,76,6086,9057,8084,5360,1536,38,3271,5986,5961,4202,917,38,2815,3071,2123,1158,619
20241,D,발달상권,3120222,삼성역,111462,69985,41477,437,21558,32305,28160,20280,8722,200,10953,20743,19777,13619,4693,237,10605,11562,8383,6661,4029
20241,D,발달상권,3120223,휘문고교사거리,12183,6813,5370,74,2213,3351,2805,2296,1444,32,1019,2050,1803,1186,723,42,1194,1301,1002,1110,721
20241,D,발달상권,3120224,수서역,15898,8389,7509,16,2265,4281,4274,3160,1902,9,1013,2302,2241,1682,1142,7,1252,1979,2033,1478,760
20241,D,발달상권,3120225,잠실새내역(신천),10791,7056,3735,8,1729,2510,2651,2277,1616,5,911,1655,1752,1552,1181,3,818,855,899,725,435
20241,D,발달상권,3120226,석촌고분역,2514,1667,847,0,306,572,575,515,546,0,175,394,383,305,410,0,131,178,192,210,136
20241,D,발달상권,3120227,잠실역,79981,46170,33811,207,13297,20873,21936,18800,4868,77,6414,13306,13653,9201,3519,130,6883,7567,8283,9599,1349
20241,D,발달상권,3120228,석촌역(석촌호수),9069,5735,3334,0,1246,2040,2221,1949,1613,0,568,1265,1455,1273,1174,0,678,775,766,676,439
20241,D,발달상권,3120229,방이동먹자골목,18224,10466,7758,2,2947,4672,4115,3896,2592,2,1654,3035,2518,1826,1431,0,1293,1637,1597,2070,1161
20241,D,발달상권,3120230,송파사거리(송파역),1686,1072,614,0,243,399,421,378,245,0,121,261,290,232,168,0,122,138,131,146,77
20241,D,발달상권,3120231,가락시장,4765,3333,1432,0,324,885,1313,1366,877,0,218,677,967,897,574,0,106,208,346,469,303
20241,D,발달상권,3120232,송파나루역,2077,1266,811,0,306,487,503,448,333,0,143,296,322,275,230,0,163,191,181,173,103
20241,D,발달상권,3120233,몽촌토성역,13996,8039,5957,4,2258,3588,3158,2994,1994,4,1266,2335,1932,1403,1099,0,992,1253,1226,1591,895
20241,D,발달상권,3120234,가락시장역,8817,5342,3475,0,1205,2161,2066,1721,1664,0,576,1337,1386,1017,1026,0,629,824,680,704,638
20241,D,발달상권,3120235,문정역,32067,20350,11717,46,4534,9620,9809,5932,2126,18,2185,5470,6758,4591,1328,28,2349,4150,3051,1341,798
20241,D,발달상권,3120236,장지역(가든파이브),6073,3837,2236,10,859,1790,1834,1109,471,4,415,1017,1255,842,304,6,444,773,579,267,167
20241,D,발달상권,3120237,경찰병원역,10735,6593,4142,0,1457,2539,2410,2092,2237,0,721,1600,1610,1217,1445,0,736,939,800,875,792
20241,D,발달상권,3120238,방이역,3675,2614,1061,0,446,813,944,925,547,0,245,537,698,716,418,0,201,276,246,209,129
20241,D,발달상권,3120239,오금역,7045,4538,2507,0,947,1672,1662,1494,1270,0,499,1080,1155,979,825,0,448,592,507,515,445
20241,D,발달상권,3120240,개롱역,2138,1436,702,0,284,450,425,402,577,0,167,306,282,240,441,0,117,144,143,162,136
20241,D,발달상권,3120241,거여역,2600,1683,917,0,513,614,631,533,309,0,335,452,414,286,196,0,178,162,217,247,113
20241,D,발달상권,3120242,강동구청역,8519,5712,2807,0,1049,1833,1847,2156,1634,0,575,1132,1198,1551,1256,0,474,701,649,605,378
20241,D,발달상권,3120243,천호역,1789,1007,782,0,213,372,438,400,366,0,108,192,228,219,260,0,105,180,210,181,106
20241,D,발달상권,3120244,암사역,1268,571,697,0,145,230,290,334,269,0,59,124,138,130,120,0,86,106,152,204,149
20241,D,발달상권,3120245,둔촌역,3077,1844,1233,0,428,701,774,651,523,0,217,442,470,367,348,0,211,259,304,284,175
20241,D,발달상권,3120246,길동역,3877,2013,1864,0,544,791,896,931,715,0,217,434,487,439,436,0,327,357,409,492,279
20241,D,발달상권,3120247,굽은다리역,2346,1362,984,0,223,470,599,539,515,0,81,254,323,323,381,0,142,216,276,216,134
20241,D,발달상권,3120248,명일역,2121,1202,919,0,273,517,536,421,374,0,117,306,328,232,219,0,156,211,208,189,155
20241,D,발달상권,3120249,고덕역,1365,932,433,0,163,389,367,287,159,0,83,274,266,184,125,0,80,115,101,103,34
20241,R,전통시장,3130001,통인시장,617,397,220,0,114,180,171,109,43,0,49,112,127,80,29,0,65,68,44,29,14
20241,R,전통시장,3130002,세종마을음식문화거리(금천교시장),962,605,357,0,127,271,289,193,82,0,55,167,199,134,50,0,72,104,90,59,32
20241,R,전통시장,3130004,낙원시장(낙원지하시장(대일상가)),401,221,180,5,81,123,111,62,19,2,35,62,65,44,13,3,46,61,46,18,6
20241,R,전통시장,3130005,세운상가가동,1224,672,552,16,248,374,336,192,58,6,108,188,196,136,38,10,140,186,140,56,20
20241,R,전통시장,3130007,광장시장(광장전통시장),4950,2774,2176,70,1024,1502,1342,768,244,28,442,778,810,550,166,42,582,724,532,218,78
20241,R,전통시장,3130009,마전교지하쇼핑센터(구 한일상가),394,246,148,10,92,114,96,60,22,2,38,74,70,46,16,8,54,40,26,14,6
20241,R,전통시장,3130010,종로신진시장,2952,1844,1108,62,698,854,726,452,160,12,286,550,534,348,114,50,412,304,192,104,46
20241,R,전통시장,3130011,충신시장,270,170,100,5,64,77,67,43,14,0,27,50,49,33,11,5,37,27,18,10,3
20241,R,전통시장,3130012,"동대문종합시장(동대문종합시장 신관, 동대문종합시장D동상가)",1780,1110,670,42,420,514,438,270,96,8,174,330,320,210,68,34,246,184,118,60,28
20241,R,전통시장,3130014,동문시장,84,36,48,0,2,14,30,22,16,0,0,4,10,10,12,0,2,10,20,12,4
20241,R,전통시장,3130015,창신골목시장,29,4,25,0,0,1,9,13,6,0,0,0,1,2,1,0,0,1,8,11,5
20241,R,전통시장,3130017,동대문상가C동,6,3,3,0,0,1,2,2,1,0,0,0,1,1,1,0,0,1,1,1,0
20241,R,전통시장,3130018,동대문문구완구거리(동대문문구완구시장),320,140,180,0,4,56,108,92,60,0,0,14,38,42,46,0,4,42,70,50,14
20241,R,전통시장,3130019,동대문상가D동,7,3,4,0,0,1,3,2,1,0,0,0,1,1,1,0,0,1,2,1,0
20241,R,전통시장,3130020,동묘시장(동묘벼룩시장),146,73,73,0,22,26,35,33,30,0,6,12,19,19,17,0,16,14,16,14,13
20241,R,전통시장,3130021,신설종합시장,54,27,27,0,8,9,13,13,11,0,2,4,7,8,6,0,6,5,6,5,5
20241,R,전통시장,3130022,숭례문수입상가(남대문시장),2364,1462,902,6,444,836,648,342,88,2,208,498,422,270,62,4,236,338,226,72,26
20241,R,전통시장,3130024,남대문시장(자유상가),31666,19576,12090,54,5948,11188,8680,4600,1196,8,2778,6674,5656,3626,834,46,3170,4514,3024,974,362
20241,R,전통시장,3130025,삼익패션타운(남대문시장),5416,3348,2068,10,1016,1914,1486,786,204,2,474,1142,968,620,142,8,542,772,518,166,62
20241,R,전통시장,3130031,청계천공구상가,704,393,311,0,151,192,167,125,69,0,45,104,108,87,49,0,106,88,59,38,20
20241,R,전통시장,3130032,인현시장,1437,717,720,10,415,377,296,229,110,3,202,220,171,80,41,7,213,157,125,149,69
20241,R,전통시장,3130033,대림상가(청계상가),75,42,33,0,18,18,15,14,10,0,5,10,10,10,7,0,13,8,5,4,3
20241,R,전통시장,3130034,필동 골목형상점가,91,42,49,0,13,22,28,21,7,0,4,11,13,10,4,0,9,11,15,11,3
20241,R,전통시장,3130035,방산종합시장(방산시장),2267,1235,1032,0,553,549,497,394,274,0,144,303,322,273,193,0,409,246,175,121,81
20241,R,전통시장,3130036,중부시장(신중부시장),3364,1712,1652,22,931,872,703,543,293,10,413,501,418,229,141,12,518,371,285,314,152
20241,R,전통시장,3130038,"평화시장(통일상가, 동화상가)",14714,7341,7373,134,4207,3866,3028,2333,1146,54,2028,2248,1752,812,447,80,2179,1618,1276,1521,699
20241,R,전통시장,3130042,약수시장,2579,997,1582,5,417,964,714,354,125,0,128,339,237,203,90,5,289,625,477,151,35
20241,R,전통시장,3130046,team204(팀204),120,66,54,0,36,26,22,22,14,0,16,14,12,14,10,0,20,12,10,8,4
20241,R,전통시장,3130047,테크노상가(엘리시움),340,182,158,0,102,72,64,62,40,0,44,38,32,40,28,0,58,34,32,22,12
20241,R,전통시장,3130048,동평화시장,124,66,58,0,38,26,24,22,14,0,16,14,12,14,10,0,22,12,12,8,4
20241,R,전통시장,3130049,신당 미래유산 먹거리 골목형상점가,29,16,13,0,9,6,6,4,4,0,4,3,3,3,3,0,5,3,3,1,1
20241,R,전통시장,3130050,청평화시장,272,146,126,0,82,58,52,48,32,0,36,30,26,32,22,0,46,28,26,16,10
20241,R,전통시장,3130051,동화동 골목형상점가,535,239,296,0,88,127,136,116,68,0,26,42,67,62,42,0,62,85,69,54,26
20241,R,전통시장,3130052,서울중앙시장(신중앙시장),462,319,143,0,82,127,117,86,50,0,51,79,74,69,46,0,31,48,43,17,4
20241,R,전통시장,3130053,백학시장,181,95,86,0,14,41,52,43,31,0,4,15,27,24,25,0,10,26,25,19,6
20241,R,전통시장,3130054,황학동주방가구거리상점가,241,169,72,0,39,69,64,42,27,0,26,43,40,35,25,0,13,26,24,7,2
20241,R,전통시장,3130055,"황학시장(서울중앙시장, 신중앙시장)",166,123,43,0,20,51,47,30,18,0,15,33,32,25,18,0,5,18,15,5,0
20241,R,전통시장,3130056,용산용문시장,918,546,372,0,175,251,252,170,70,0,75,152,154,116,49,0,100,99,98,54,21
20241,R,전통시장,3130057,만리시장,83,45,38,0,12,22,20,18,11,0,4,10,11,11,9,0,8,12,9,7,2
20241,R,전통시장,3130058,이촌종합시장,2165,1386,779,6,350,585,606,444,174,5,173,359,427,299,123,1,177,226,179,145,51
20241,R,전통시장,3130059,후암시장,188,112,76,0,28,43,53,43,21,0,10,25,35,25,17,0,18,18,18,18,4
20241,R,전통시장,3130060,신흥시장,117,87,30,0,3,20,46,45,3,0,0,11,37,36,3,0,3,9,9,9,0
20241,R,전통시장,3130061,이태원시장,966,428,538,0,282,376,190,92,26,0,74,158,106,68,22,0,208,218,84,24,4
20241,R,전통시장,3130062,보광시장,38,20,18,0,4,8,11,10,5,0,0,4,6,6,4,0,4,4,5,4,1
20241,R,전통시장,3130063,신금호역 골목형상점가,56,29,27,0,6,9,12,14,15,0,0,3,6,8,12,0,6,6,6,6,3
20241,R,전통시장,3130064,금남시장,47,24,23,0,5,7,12,12,11,0,0,1,6,6,11,0,5,6,6,6,0
20241,R,전통시장,3130065,무학봉상점가,461,284,177,0,52,125,136,106,42,0,26,68,84,68,38,0,26,57,52,38,4
20241,R,전통시장,3130066,행당시장상점가,589,382,207,0,72,139,162,155,61,0,36,80,106,109,51,0,36,59,56,46,10
20241,R,전통시장,3130067,왕십리도선동상점가,1667,766,901,0,275,320,347,416,309,0,94,177,187,176,132,0,181,143,160,240,177
20241,R,전통시장,3130068,마장축산물시장,2681,1904,777,0,218,477,613,889,484,0,131,330,447,632,364,0,87,147,166,257,120
20241,R,전통시장,3130069,"한양대앞상점가(한양시장, 왕십리맛골목)",99,70,29,0,2,18,35,33,11,0,0,11,24,24,11,0,2,7,11,9,0
20241,R,전통시장,3130070,뚝섬역상점가,978,675,303,0,155,202,207,213,201,0,93,133,133,152,164,0,62,69,74,61,37
20241,R,전통시장,3130071,성수역 골목형상점가,1668,1069,599,2,274,425,418,335,214,2,152,284,281,202,148,0,122,141,137,133,66
20241,R,전통시장,3130072,성동용답상가시장,461,290,171,1,121,135,95,70,39,0,52,90,67,47,34,1,69,45,28,23,5
20241,R,전통시장,3130073,뚝도시장,278,179,99,0,65,81,65,46,21,0,29,53,45,33,19,0,36,28,20,13,2
20241,R,전통시장,3130074,영동교골목시장,2,2,0,0,0,0,0,1,1,0,0,0,0,1,1,0,0,0,0,0,0
20241,R,전통시장,3130075,노룬산시장(노룬산골목시장),2,2,0,0,0,0,0,0,2,0,0,0,0,0,2,0,0,0,0,0,0
20241,R,전통시장,3130076,능동로골목시장,16,14,2,0,0,1,4,5,6,0,0,1,3,4,6,0,0,0,1,1,0
20241,R,전통시장,3130077,조양시장,3,3,0,0,0,0,1,1,1,0,0,0,1,1,1,0,0,0,0,0,0
20241,R,전통시장,3130078,화양제일골목시장,23,15,8,0,3,4,6,7,3,0,1,2,4,5,3,0,2,2,2,2,0
20241,R,전통시장,3130079,한아름시장,26,18,8,0,3,4,7,8,4,0,1,2,5,6,4,0,2,2,2,2,0
20241,R,전통시장,3130080,자양종합시장(기능상실),12,8,4,0,2,3,3,3,1,0,1,2,2,2,1,0,1,1,1,1,0
20241,R,전통시장,3130081,자양골목전통시장(자양골목시장),284,223,61,0,19,40,79,118,28,0,7,25,63,102,26,0,12,15,16,16,2
20241,R,전통시장,3130082,면곡골목시장,43,30,13,0,3,11,13,10,6,0,2,8,8,7,5,0,1,3,5,3,1
20241,R,전통시장,3130083,"중곡제일시장(중곡제일골목시장, 광성시장)",735,358,377,3,194,142,147,175,74,0,83,76,73,71,55,3,111,66,74,104,19
20241,R,전통시장,3130084,신성시장(신성골목시장),267,131,136,0,45,67,69,62,24,0,12,31,33,33,22,0,33,36,36,29,2
20241,R,전통시장,3130085,용두시장,99,52,47,0,12,22,25,24,16,0,6,13,13,11,9,0,6,9,12,13,7
20241,R,전통시장,3130086,서울약령시장,3697,2230,1467,0,444,939,932,796,586,0,168,561,602,469,430,0,276,378,330,327,156
20241,R,전통시장,3130087,경동광성상가(경동시장),382,231,151,0,48,97,97,81,59,0,19,58,63,47,44,0,29,39,34,34,15
20241,R,전통시장,3130088,경동시장,551,334,217,0,66,140,139,119,87,0,25,84,90,71,64,0,41,56,49,48,23
20241,R,전통시장,3130089,청량리수산시장,228,118,110,0,29,50,56,56,37,0,13,29,29,26,21,0,16,21,27,30,16
20241,R,전통시장,3130090,청량리종합시장,362,219,143,0,42,93,92,80,55,0,15,55,60,48,41,0,27,38,32,32,14
20241,R,전통시장,3130091,청량종합도매시장,479,289,190,0,55,123,123,104,74,0,20,74,79,60,56,0,35,49,44,44,18
20241,R,전통시장,3130092,청량리농수산물시장,404,243,161,0,50,103,99,84,68,0,20,60,64,50,49,0,30,43,35,34,19
20241,R,전통시장,3130094,청량리청과물시장,393,232,161,0,51,104,95,82,61,0,19,62,60,48,43,0,32,42,35,34,18
20241,R,전통시장,3130095,청량리전통시장,424,247,177,0,60,113,97,86,68,0,24,67,59,51,46,0,36,46,38,35,22
20241,R,전통시장,3130096,동부시장,22,11,11,0,3,4,6,6,3,0,2,3,2,2,2,0,1,1,4,4,1
20241,R,전통시장,3130097,답십리 건축자재시장,222,108,114,0,31,47,63,60,21,0,22,33,23,15,15,0,9,14,40,45,6
20241,R,전통시장,3130098,회기시장,43,19,24,0,5,11,13,9,5,0,1,3,6,4,5,0,4,8,7,5,0
20241,R,전통시장,3130099,전농로터리시장,27,21,6,0,1,3,10,10,3,0,1,2,8,8,2,0,0,1,2,2,1
20241,R,전통시장,3130100,답십리시장,256,187,69,0,38,59,61,54,44,0,30,45,44,37,31,0,8,14,17,17,13
20241,R,전통시장,3130101,답십리현대시장,192,146,46,0,32,44,45,38,33,0,25,35,34,27,25,0,7,9,11,11,8
20241,R,전통시장,3130102,이문제일시장,71,38,33,0,8,16,16,18,13,0,2,8,8,10,10,0,6,8,8,8,3
20241,R,전통시장,3130103,이경시장,30,19,11,0,3,6,8,8,5,0,1,4,5,6,3,0,2,2,3,2,2
20241,R,전통시장,3130104,전곡시장,158,85,73,0,50,31,33,29,15,0,26,18,15,14,12,0,24,13,18,15,3
20241,R,전통시장,3130105,장미제일시장(중화동제일시장),66,45,21,0,5,11,18,17,15,0,3,7,10,12,13,0,2,4,8,5,2
20241,R,전통시장,3130106,중랑동부시장,455,288,167,0,35,96,128,128,68,0,15,57,76,82,58,0,20,39,52,46,10
20241,R,전통시장,3130107,중랑동부시장(중랑교종합상가),23,16,7,0,3,6,8,5,1,0,2,4,5,4,1,0,1,2,3,1,0
20241,R,전통시장,3130109,묵1동도깨비시장,91,43,48,0,8,23,27,23,10,0,2,11,12,11,7,0,6,12,15,12,3
20241,R,전통시장,3130110,면목골목시장(면목시장),202,118,84,0,14,35,55,64,34,0,0,15,30,39,34,0,14,20,25,25,0
20241,R,전통시장,3130111,"동원전통종합시장(동원시장, 동원전통시장 상점가)",194,106,88,0,15,48,54,53,24,0,0,24,29,29,24,0,15,24,25,24,0
20241,R,전통시장,3130112,사가정시장,275,176,99,0,18,45,77,79,56,0,3,23,46,58,46,0,15,22,31,21,10
20241,R,전통시장,3130113,신아타운,834,464,370,0,110,210,205,207,102,0,46,99,106,134,79,0,64,111,99,73,23
20241,R,전통시장,3130115,우림골목시장,266,141,125,0,24,51,62,86,43,0,2,22,29,47,41,0,22,29,33,39,2
20241,R,전통시장,3130116,동성타워프라자,31,15,16,0,5,7,6,8,5,0,1,3,3,4,4,0,4,4,3,4,1
20241,R,전통시장,3130117,정릉시장,321,176,145,0,39,78,84,79,41,0,10,39,44,48,35,0,29,39,40,31,6
20241,R,전통시장,3130118,정릉골 골목형상점가,174,106,68,0,10,26,42,58,38,0,1,13,27,39,26,0,9,13,15,19,12
20241,R,전통시장,3130119,정릉아리랑시장,131,54,77,0,19,34,37,29,12,0,1,13,14,14,12,0,18,21,23,15,0
20241,R,전통시장,3130120,돈암시장(돈암제일시장),252,128,124,0,26,61,77,62,26,0,9,26,37,40,16,0,17,35,40,22,10
20241,R,전통시장,3130121,길음시장,510,249,261,34,179,125,85,56,31,14,77,66,42,26,24,20,102,59,43,30,7
20241,R,전통시장,3130122,밤나무골시장,16,11,5,0,1,2,2,4,7,0,0,1,1,3,6,0,1,1,1,1,1
20241,R,전통시장,3130123,꿈의숲 장곡 골목형상점가,63,34,29,0,12,14,16,13,8,0,6,8,8,6,6,0,6,6,8,7,2
20241,R,전통시장,3130124,번동시장,12,8,4,0,1,2,3,3,3,0,0,1,2,2,3,0,1,1,1,1,0
20241,R,전통시장,3130125,장위전통시장,110,76,34,0,1,18,31,31,29,0,0,9,19,21,27,0,1,9,12,10,2
20241,R,전통시장,3130126,새석관시장,66,46,20,0,4,9,12,14,27,0,2,6,7,9,22,0,2,3,5,5,5
20241,R,전통시장,3130127,석관시장,23,15,8,0,1,3,4,5,10,0,0,2,2,3,8,0,1,1,2,2,2
20241,R,전통시장,3130128,돌곶이시장(석관황금시장),54,45,9,0,0,5,10,11,28,0,0,5,7,8,25,0,0,0,3,3,3
20241,R,전통시장,3130129,장미원골목시장,147,91,56,0,7,19,30,43,48,0,1,9,19,28,34,0,6,10,11,15,14
20241,R,전통시장,3130131,동북프라자,15,10,5,0,1,2,4,4,4,0,0,1,2,3,4,0,1,1,2,1,0
20241,R,전통시장,3130132,삼양골목시장(삼양시장),49,35,14,0,1,6,12,14,16,0,0,2,7,11,15,0,1,4,5,3,1
20241,R,전통시장,3130133,우이골목시장(우이시장),199,110,89,0,1,7,40,64,87,0,0,4,27,43,36,0,1,3,13,21,51
20241,R,전통시장,3130134,"솔샘시장(미아6,7동골목시장)",143,78,65,0,26,39,49,20,9,0,10,22,27,10,9,0,16,17,22,10,0
20241,R,전통시장,3130135,수유중앙골목시장(수유중앙시장),107,54,53,0,9,27,28,30,13,0,2,11,12,19,10,0,7,16,16,11,3
20241,R,전통시장,3130136,수유재래시장,45,20,25,0,3,7,13,15,7,0,0,2,5,7,6,0,3,5,8,8,1
20241,R,전통시장,3130137,"수유전통시장(수유시장, 수유골목시장)",140,61,79,0,8,23,41,47,21,0,0,7,16,20,18,0,8,16,25,27,3
20241,R,전통시장,3130138,수유프라자,55,24,31,0,4,9,15,18,9,0,0,3,6,8,7,0,4,6,9,10,2
20241,R,전통시장,3130139,강북종합전통시장(강북종합골목시장),277,144,133,0,22,69,77,75,34,0,6,29,37,46,26,0,16,40,40,29,8
20241,R,전통시장,3130140,숭인시장,80,43,37,0,1,9,16,25,29,0,0,3,7,16,17,0,1,6,9,9,12
20241,R,전통시장,3130141,강북북부골목시장,40,26,14,0,2,8,8,14,8,0,0,5,5,11,5,0,2,3,3,3,3
20241,R,전통시장,3130142,강북북부시장,1,1,0,0,0,0,0,1,0,0,0,0,0,1,0,0,0,0,0,0,0
20241,R,전통시장,3130143,방천골목시장,36,18,18,0,1,5,12,11,7,0,0,2,5,5,6,0,1,3,7,6,1
20241,R,전통시장,3130144,백운시장,47,24,23,0,4,8,13,14,8,0,0,3,5,8,8,0,4,5,8,6,0
20241,R,전통시장,3130145,쌍문역둘리상점가,152,68,84,0,34,36,38,37,7,0,6,17,19,20,6,0,28,19,19,17,1
20241,R,전통시장,3130146,쌍문시장(쌍문역골목시장),494,226,268,0,109,114,126,119,26,0,18,51,65,69,23,0,91,63,61,50,3
20241,R,전통시장,3130147,쌍문역동측상점가,419,189,230,0,56,85,114,116,48,0,19,34,50,54,32,0,37,51,64,62,16
20241,R,전통시장,3130148,방학동도깨비시장,98,44,54,0,2,22,25,22,27,0,0,11,11,11,11,0,2,11,14,11,16
20241,R,전통시장,3130149,창동신창시장,307,178,129,0,33,70,88,76,40,0,14,43,47,39,35,0,19,27,41,37,5
20241,R,전통시장,3130150,창동골목시장,108,61,47,0,3,20,43,36,6,0,0,13,25,17,6,0,3,7,18,19,0
20241,R,전통시장,3130151,신도봉시장,19,13,6,0,0,2,5,7,5,0,0,1,3,5,4,0,0,1,2,2,1
20241,R,전통시장,3130152,오!도봉거리 상점가,50,31,19,0,0,6,10,13,21,0,0,3,5,8,15,0,0,3,5,5,6
20241,R,전통시장,3130153,창동역상점가,551,345,206,0,58,106,134,153,100,0,24,56,80,103,82,0,34,50,54,50,18
20241,R,전통시장,3130154,상계주공1단지(가)상가,92,41,51,0,13,21,24,24,10,0,3,8,11,13,6,0,10,13,13,11,4
20241,R,전통시장,3130155,시영B상가(중계 그린아파트 B 상가),54,29,25,0,7,14,14,14,5,0,4,8,7,7,3,0,3,6,7,7,2
20241,R,전통시장,3130156,시영2단지 무지개종합상가(중계 무지개2단지아파트상가),51,29,22,0,7,13,13,13,5,0,4,8,7,7,3,0,3,5,6,6,2
20241,R,전통시장,3130157,상계중앙시장,165,83,82,0,6,16,39,46,58,0,0,9,18,21,35,0,6,7,21,25,23
20241,R,전통시장,3130158,상계역전종합상가,247,124,123,0,4,17,43,68,115,0,1,11,18,30,64,0,3,6,25,38,51
20241,R,전통시장,3130159,공릉동 도깨비시장,2131,1150,981,0,227,329,463,587,525,0,103,178,230,305,334,0,124,151,233,282,191
20241,R,전통시장,3130160,수일시장,212,137,75,0,27,57,52,42,34,0,13,37,33,27,27,0,14,20,19,15,7
20241,R,전통시장,3130161,증산종합시장,56,37,19,0,7,15,15,13,6,0,3,10,10,9,5,0,4,5,5,4,1
20241,R,전통시장,3130162,증산골목시장,69,43,26,0,8,18,20,16,7,0,3,11,13,10,6,0,5,7,7,6,1
20241,R,전통시장,3130163,응암오거리상점가,234,113,121,0,18,58,71,59,28,0,4,29,32,27,21,0,14,29,39,32,7
20241,R,전통시장,3130165,"대림골목시장(대림시장, 양지시장)",141,68,73,0,10,36,43,36,16,0,2,18,20,16,12,0,8,18,23,20,4
20241,R,전통시장,3130166,응암시장(신응암시장),64,42,22,0,7,7,16,20,14,0,4,4,9,12,13,0,3,3,7,8,1
20241,R,전통시장,3130167,연신내상점가(연빛거리),1198,612,586,0,173,269,296,291,169,0,69,142,145,139,117,0,104,127,151,152,52
20241,R,전통시장,3130168,연서시장,3110,1491,1619,0,127,442,528,687,1326,0,31,227,215,283,735,0,96,215,313,404,591
20241,R,전통시장,3130169,대조시장,138,68,70,0,13,31,39,34,21,0,3,15,19,15,16,0,10,16,20,19,5
20241,R,전통시장,3130170,제일시장,254,127,127,0,29,56,68,60,41,0,9,28,33,27,30,0,20,28,35,33,11
20241,R,전통시장,3130171,불광먹자골목 골목형상점가,483,207,276,0,67,116,131,114,55,0,24,50,55,50,28,0,43,66,76,64,27
20241,R,전통시장,3130172,모래내시장(서중시장),592,357,235,0,42,77,103,148,222,0,28,52,66,79,132,0,14,25,37,69,90
20241,R,전통시장,3130173,백련시장,8,4,4,0,1,2,2,2,1,0,0,1,1,1,1,0,1,1,1,1,0
20241,R,전통시장,3130174,연희사러가,118,78,40,0,18,30,26,33,11,0,10,20,16,24,8,0,8,10,10,9,3
20241,R,전통시장,3130175,신촌 상인회(신촌상점가),53,28,25,0,8,14,14,12,5,0,3,6,7,8,4,0,5,8,7,4,1
20241,R,전통시장,3130176,유진상가,900,178,722,0,30,67,246,430,127,0,10,22,46,52,48,0,20,45,200,378,79
20241,R,전통시장,3130177,인왕시장(홍제골목형상점가),116,57,59,0,8,13,23,32,40,0,1,5,10,17,24,0,7,8,13,15,16
20241,R,전통시장,3130178,이대 앞 스타트업 상점가,24,13,11,0,4,6,6,5,3,0,1,3,3,3,3,0,3,3,3,2,0
20241,R,전통시장,3130179,"이화여대 3,5,7길 상점가",152,82,70,0,23,43,41,33,12,0,8,19,21,22,12,0,15,24,20,11,0
20241,R,전통시장,3130180,포방터시장,881,172,709,0,25,66,242,423,125,0,8,21,45,52,46,0,17,45,197,371,79
20241,R,전통시장,3130181,아현가구거리상점가,317,232,85,0,34,72,88,88,35,0,14,53,68,68,29,0,20,19,20,20,6
20241,R,전통시장,3130182,영천시장,269,143,126,0,19,43,72,96,39,0,4,19,40,56,24,0,15,24,32,40,15
20241,R,전통시장,3130183,상암동상점가,697,431,266,0,151,260,193,75,18,0,65,164,128,56,18,0,86,96,65,19,0
20241,R,전통시장,3130184,마포농수산물시장,108,48,60,0,9,21,29,34,15,0,3,10,13,13,9,0,6,11,16,21,6
20241,R,전통시장,3130185,망원월드컵시장,450,269,181,0,56,85,95,139,75,0,31,63,67,64,44,0,25,22,28,75,31
20241,R,전통시장,3130186,망원시장,224,127,97,0,61,62,48,34,19,0,35,34,24,20,14,0,26,28,24,14,5
20241,R,전통시장,3130187,영진시장,13,7,6,0,2,4,3,2,2,0,1,2,2,1,1,0,1,2,1,1,1
20241,R,전통시장,3130188,합정시장,29,16,13,0,5,8,8,5,3,0,2,4,5,3,2,0,3,4,3,2,1
20241,R,전통시장,3130189,서교시장,156,80,76,0,32,44,36,26,18,0,13,22,20,14,11,0,19,22,16,12,7
20241,R,전통시장,3130190,홍대소상공인상점가,404,205,199,0,86,114,92,68,44,0,35,57,51,35,27,0,51,57,41,33,17
20241,R,전통시장,3130191,홍대 걷고싶은 거리,672,345,327,0,140,190,156,110,76,0,58,95,86,58,48,0,82,95,70,52,28
20241,R,전통시장,3130192,동진시장,31,20,11,0,5,7,8,7,4,0,2,4,5,5,4,0,3,3,3,2,0
20241,R,전통시장,3130193,신수시장,56,30,26,0,7,15,16,14,4,0,2,7,9,9,3,0,5,8,7,5,1
20241,R,전통시장,3130194,용강동 상점가,1025,609,416,0,150,254,241,204,176,0,73,152,159,118,107,0,77,102,82,86,69
20241,R,전통시장,3130195,도화동 상점가,2419,1469,950,0,445,592,613,540,229,0,232,406,403,280,148,0,213,186,210,260,81
20241,R,전통시장,3130196,공덕시장,772,447,325,0,173,213,211,136,39,0,68,113,135,102,29,0,105,100,76,34,10
20241,R,전통시장,3130197,마포시장,239,139,100,0,53,66,65,43,12,0,21,35,42,32,9,0,32,31,23,11,3
20241,R,전통시장,3130198,아현시장,358,198,160,0,68,117,104,61,8,0,30,65,58,38,7,0,38,52,46,23,1
20241,R,전통시장,3130199,신월3동 골목시장,45,28,17,0,2,9,10,16,8,0,0,4,5,11,8,0,2,5,5,5,0
20241,R,전통시장,3130200,"신월7동 골목시장(약수시장, 우성상가)",181,119,62,0,20,30,36,43,52,0,15,23,24,26,31,0,5,7,12,17,21
20241,R,전통시장,3130201,월정로시장,59,38,21,0,4,11,13,21,10,0,2,7,8,13,8,0,2,4,5,8,2
20241,R,전통시장,3130202,신영시장,203,130,73,0,16,37,46,70,34,0,8,22,27,47,26,0,8,15,19,23,8
20241,R,전통시장,3130203,서서울 골목형상점가,160,107,53,0,13,27,38,54,28,0,8,17,23,36,23,0,5,10,15,18,5
20241,R,전통시장,3130204,경창시장,272,167,105,0,17,38,73,80,64,0,9,22,38,48,50,0,8,16,35,32,14
20241,R,전통시장,3130205,신곡종합시장(신월6동 골목시장),220,127,93,0,22,42,51,59,46,0,8,21,27,33,38,0,14,21,24,26,8
20241,R,전통시장,3130206,신정3동 골목시장,82,59,23,0,6,16,21,17,22,0,3,10,14,12,20,0,3,6,7,5,2
20241,R,전통시장,3130207,신정1동 골목시장(신정제일시장),497,290,207,2,87,125,126,106,51,2,36,77,76,61,38,0,51,48,50,45,13
20241,R,전통시장,3130208,목동깨비시장(목3동시장),541,298,243,0,72,118,144,130,77,0,36,68,79,65,50,0,36,50,65,65,27
20241,R,전통시장,3130209,목사랑시장(목4동시장),208,131,77,0,23,45,65,53,22,0,9,28,39,34,21,0,14,17,26,19,1
20241,R,전통시장,3130210,목2동시장,836,467,369,0,119,204,221,192,100,0,57,111,123,109,67,0,62,93,98,83,33
20241,R,전통시장,3130211,신정2동 골목시장(오목교중앙시장),980,568,412,0,179,319,264,173,45,0,74,176,164,116,38,0,105,143,100,57,7
20241,R,전통시장,3130212,공항시장,68,47,21,0,4,13,15,21,15,0,2,8,10,14,13,0,2,5,5,7,2
20241,R,전통시장,3130213,방신전통시장,361,284,77,0,36,77,90,105,53,0,27,63,72,87,35,0,9,14,18,18,18
20241,R,전통시장,3130214,송화벽화시장(송화골목시장),242,141,101,0,14,36,65,79,48,0,6,18,31,46,40,0,8,18,34,33,8
20241,R,전통시장,3130215,대원종합시장,13,8,5,0,2,3,3,3,2,0,1,2,2,2,1,0,1,1,1,1,1
20241,R,전통시장,3130216,화곡중앙시장,161,91,70,0,15,33,41,46,26,0,6,19,23,26,17,0,9,14,18,20,9
20241,R,전통시장,3130217,화곡본동시장,198,115,83,0,19,37,49,49,44,0,6,22,28,26,33,0,13,15,21,23,11
20241,R,전통시장,3130218,신월중앙시장,246,131,115,0,31,53,55,61,46,0,14,29,32,30,26,0,17,24,23,31,20
20241,R,전통시장,3130219,까치산시장,344,190,154,0,48,94,100,62,40,0,21,50,50,39,30,0,27,44,50,23,10
20241,R,전통시장,3130220,등마루시장,89,55,34,0,18,23,20,16,12,0,7,15,14,11,8,0,11,8,6,5,4
20241,R,전통시장,3130221,"남부골목시장(남부화곡시장, 남부시장)",520,229,291,0,124,144,105,97,50,0,25,62,52,52,38,0,99,82,53,45,12
20241,R,전통시장,3130222,오류시장,129,84,45,0,17,23,33,37,19,0,14,17,19,20,14,0,3,6,14,17,5
20241,R,전통시장,3130223,고척근린시장,990,584,406,0,85,214,242,268,181,0,46,121,127,152,138,0,39,93,115,116,43
20241,R,전통시장,3130224,개봉프라자(고척근린시장),27,17,10,0,3,6,7,7,4,0,2,4,4,4,3,0,1,2,3,3,1
20241,R,전통시장,3130225,개봉중앙시장,3370,1670,1700,0,600,820,805,803,342,0,341,524,359,270,176,0,259,296,446,533,166
20241,R,전통시장,3130226,고척프라자,160,113,47,0,14,33,42,48,23,0,7,22,29,36,19,0,7,11,13,12,4
20241,R,전통시장,3130227,고척골목시장상점가(그라운드 고척),402,287,115,0,35,83,107,120,57,0,18,56,75,91,47,0,17,27,32,29,10
20241,R,전통시장,3130228,구로시장,81,45,36,0,5,19,22,21,14,0,2,10,11,11,11,0,3,9,11,10,3
20241,R,전통시장,3130229,남구로시장,481,284,197,0,57,109,118,120,77,0,24,63,68,75,54,0,33,46,50,45,23
20241,R,전통시장,3130230,가리봉시장,37,16,21,0,0,6,9,9,13,0,0,3,3,3,7,0,0,3,6,6,6
20241,R,전통시장,3130231,독산동 우시장,670,430,240,0,52,91,112,148,267,0,31,61,72,91,175,0,21,30,40,57,92
20241,R,전통시장,3130232,독산동 맛나는거리상점가(독산동 맛나는거리),152,88,64,0,17,27,31,36,41,0,12,15,19,17,25,0,5,12,12,19,16
20241,R,전통시장,3130233,남문시장,246,178,68,0,17,39,45,48,97,0,9,24,24,29,92,0,8,15,21,19,5
20241,R,전통시장,3130234,푸른터시장(기능상실),6,5,1,0,0,1,2,1,2,0,0,1,1,1,2,0,0,0,1,0,0
20241,R,전통시장,3130235,대명여울빛거리시장(대명시장),525,283,242,0,78,126,126,130,65,0,37,63,63,73,47,0,41,63,63,57,18
20241,R,전통시장,3130236,비단길현대시장(현대시장),400,212,188,0,57,96,96,101,50,0,25,48,48,57,34,0,32,48,48,44,16
20241,R,전통시장,3130237,박미시장(기능상실),61,36,25,0,4,9,14,16,18,0,2,6,8,9,11,0,2,3,6,7,7
20241,R,전통시장,3130238,은행나무시장,136,83,53,0,17,33,37,28,21,0,9,23,23,14,14,0,8,10,14,14,7
20241,R,전통시장,3130240,영등포유통상가,673,406,267,0,115,192,150,124,92,0,46,107,95,87,71,0,69,85,55,37,21
20241,R,전통시장,3130241,선유도역 골목형상점가,2459,1409,1050,0,446,672,680,426,235,0,195,405,386,250,173,0,251,267,294,176,62
20241,R,전통시장,3130242,대림중앙 골목형상점가,132,69,63,0,24,32,30,20,26,0,9,17,13,12,18,0,15,15,17,8,8
20241,R,전통시장,3130243,도림시장,42,30,12,0,1,6,11,13,11,0,0,4,8,9,9,0,1,2,3,4,2
20241,R,전통시장,3130244,대림중앙시장,318,162,156,0,59,77,71,48,63,0,23,41,30,27,41,0,36,36,41,21,22
20241,R,전통시장,3130245,영일시장,4953,3597,1356,3,767,1618,1528,780,257,1,428,1230,1247,529,162,2,339,388,281,251,95
20241,R,전통시장,3130246,영등포청과시장(조광시장),441,261,180,0,78,122,101,85,55,0,30,68,64,56,43,0,48,54,37,29,12
20241,R,전통시장,3130247,우리시장,39,14,25,0,8,10,13,6,2,0,0,3,6,3,2,0,8,7,7,3,0
20241,R,전통시장,3130248,영등포역지하도상점가,1282,732,550,0,175,323,334,314,136,0,71,164,193,198,106,0,104,159,141,116,30
20241,R,전통시장,3130250,삼구시장(로타리상가),28,16,12,0,5,7,7,5,4,0,2,4,4,3,3,0,3,3,3,2,1
20241,R,전통시장,3130253,영신상가(제일상가),35,19,16,0,6,9,8,7,5,0,2,5,5,4,3,0,4,4,3,3,2
20241,R,전통시장,3130254,남서울상가,8,4,4,0,1,2,2,2,1,0,0,1,1,1,1,0,1,1,1,1,0
20241,R,전통시장,3130255,영등포전통시장,197,112,85,0,37,49,47,39,25,0,13,28,31,24,16,0,24,21,16,15,9
20241,R,전통시장,3130256,신동시장,13,13,0,0,0,1,4,4,4,0,0,1,4,4,4,0,0,0,0,0,0
20241,R,전통시장,3130257,영등포시장기계공구상가,283,159,124,0,52,70,68,55,38,0,20,39,43,32,25,0,32,31,25,23,13
20241,R,전통시장,3130258,영진시장A동,6,4,2,0,0,2,2,1,1,0,0,1,1,1,1,0,0,1,1,0,0
20241,R,전통시장,3130259,대신시장,31,13,18,0,5,8,7,7,4,0,1,4,3,3,2,0,4,4,4,4,2
20241,R,전통시장,3130260,신대방1동골목상권,461,292,169,0,88,148,109,73,43,0,45,96,75,47,29,0,43,52,34,26,14
20241,R,전통시장,3130261,성대전통시장(성대시장),244,146,98,0,11,50,71,58,54,0,7,37,44,29,29,0,4,13,27,29,25
20241,R,전통시장,3130262,상도도깨비 골목형상점가,56,34,22,0,6,14,15,15,6,0,3,8,9,11,3,0,3,6,6,4,3
20241,R,전통시장,3130263,신노량진시장(기능상실),44,24,20,0,7,13,11,9,4,0,4,6,5,6,3,0,3,7,6,3,1
20241,R,전통시장,3130264,상도약수골목형상점가,96,57,39,0,11,24,24,24,13,0,5,14,14,17,7,0,6,10,10,7,6
20241,R,전통시장,3130265,노량진중앙시장,94,53,41,0,12,23,24,22,13,0,5,13,15,12,8,0,7,10,9,10,5
20241,R,전통시장,3130266,만양로상점가,66,36,30,0,9,16,17,15,9,0,4,9,10,8,5,0,5,7,7,7,4
20241,R,전통시장,3130267,본동인정시장(기능상실),82,45,37,0,11,20,21,18,12,0,5,11,13,9,7,0,6,9,8,9,5
20241,R,전통시장,3130268,상도전통시장,311,179,132,0,51,75,76,67,42,0,22,41,46,41,29,0,29,34,30,26,13
20241,R,전통시장,3130269,강남시장(동작구 강남시장),9,5,4,0,2,2,2,2,1,0,1,1,1,1,1,0,1,1,1,1,0
20241,R,전통시장,3130270,흑석시장,1,1,0,0,0,0,1,0,0,0,0,0,1,0,0,0,0,0,0,0,0
20241,R,전통시장,3130271,남성역골목시장,329,171,158,0,33,47,75,63,111,0,14,24,32,28,73,0,19,23,43,35,38
20241,R,전통시장,3130272,사당시장,72,37,35,0,7,10,17,14,24,0,3,5,7,6,16,0,4,5,10,8,8
20241,R,전통시장,3130273,남성사계시장(남성시장),341,186,155,0,53,101,95,63,29,0,25,61,57,28,15,0,28,40,38,35,14
20241,R,전통시장,3130274,사당1동먹자골목상점가(사당1동먹자골목),354,189,165,0,58,90,96,64,46,0,17,44,48,40,40,0,41,46,48,24,6
20241,R,전통시장,3130275,강남골목시장,101,61,40,0,21,25,25,20,10,0,10,15,15,14,7,0,11,10,10,6,3
20241,R,전통시장,3130276,신림중앙시장(조원동 펭귄시장),3,3,0,0,0,1,1,1,0,0,0,1,1,1,0,0,0,0,0,0,0
20241,R,전통시장,3130277,조원동 펭귄시장(신림중앙시장),197,124,73,0,37,49,49,42,20,0,17,32,32,29,14,0,20,17,17,13,6
20241,R,전통시장,3130278,미성동 도깨비시장 골목형상점가,160,96,64,0,12,29,39,43,37,0,9,17,22,22,26,0,3,12,17,21,11
20241,R,전통시장,3130279,관악신사시장,371,258,113,0,59,109,111,67,25,0,26,75,87,51,19,0,33,34,24,16,6
20241,R,전통시장,3130280,신림종합시장,52,36,16,0,9,15,15,9,4,0,4,10,12,7,3,0,5,5,3,2,1
20241,R,전통시장,3130281,우림시장,51,29,22,0,4,11,12,17,7,0,1,6,6,10,6,0,3,5,6,7,1
20241,R,전통시장,3130282,난곡 골목형상점가,57,32,25,0,4,12,14,19,8,0,1,6,7,11,7,0,3,6,7,8,1
20241,R,전통시장,3130283,신원시장,140,88,52,0,2,33,40,40,25,0,2,19,26,26,15,0,0,14,14,14,10
20241,R,전통시장,3130284,관악종합시장(신원시장),18,11,7,0,1,4,5,5,3,0,1,2,3,3,2,0,0,2,2,2,1
20241,R,전통시장,3130285,서원동상점가,808,326,482,0,148,177,149,183,151,0,31,69,75,66,85,0,117,108,74,117,66
20241,R,전통시장,3130286,신신림시장(삼성동시장),23,14,9,0,2,4,7,7,3,0,1,2,4,4,3,0,1,2,3,3,0
20241,R,전통시장,3130287,삼성동 시장(삼성동시장),27,16,11,0,1,4,9,9,4,0,0,2,5,5,4,0,1,2,4,4,0
20241,R,전통시장,3130288,신림현대종합상가,43,24,19,0,6,8,11,9,9,0,3,4,6,5,6,0,3,4,5,4,3
20241,R,전통시장,3130289,봉일시장,90,43,47,0,12,17,19,25,17,0,4,8,10,11,10,0,8,9,9,14,7
20241,R,전통시장,3130290,영림시장,562,311,251,0,91,164,135,128,44,0,35,84,75,84,33,0,56,80,60,44,11
20241,R,전통시장,3130291,봉천제일종합시장,29,16,13,0,5,8,7,6,3,0,2,4,4,4,2,0,3,4,3,2,1
20241,R,전통시장,3130292,봉천현대시장,14,8,6,0,2,2,3,4,3,0,1,1,2,2,2,0,1,1,1,2,1
20241,R,전통시장,3130293,봉천중앙시장,71,32,39,0,8,12,16,22,13,0,3,6,7,10,6,0,5,6,9,12,7
20241,R,전통시장,3130294,관악중부시장,420,235,185,0,63,102,99,96,60,0,31,57,53,50,44,0,32,45,46,46,16
20241,R,전통시장,3130295,인헌시장(원당종합시장),389,228,161,0,78,116,101,61,33,0,35,73,61,31,28,0,43,43,40,30,5
20241,R,전통시장,3130296,남부종합시장,180,100,80,0,34,46,48,32,20,0,12,24,28,21,15,0,22,22,20,11,5
20241,R,전통시장,3130301,양재시장,607,392,215,8,142,168,138,90,61,4,72,113,97,60,46,4,70,55,41,30,15
20241,R,전통시장,3130303,영동전통시장,784,456,328,0,204,237,168,108,67,0,86,141,112,69,48,0,118,96,56,39,19
20241,R,전통시장,3130304,신사상가,43,25,18,0,10,14,10,6,3,0,4,8,7,4,2,0,6,6,3,2,1
20241,R,전통시장,3130305,논현종합시장,138,88,50,0,26,40,34,22,16,0,11,24,24,17,12,0,15,16,10,5,4
20241,R,전통시장,3130306,강남언주로,758,448,310,0,153,232,197,131,45,0,73,145,129,70,31,0,80,87,68,61,14
20241,R,전통시장,3130307,도곡시장,173,102,71,0,40,48,41,31,13,0,19,31,27,16,9,0,21,17,14,15,4
20241,R,전통시장,3130309,은마종합상점가,1278,714,564,7,232,352,294,241,152,3,107,215,189,124,76,4,125,137,105,117,76
20241,R,전통시장,3130310,강남개포시장,5258,3446,1812,4,924,1498,1259,977,596,0,493,1002,867,623,461,4,431,496,392,354,135
20241,R,전통시장,3130311,새마을시장,756,481,275,0,105,147,174,169,161,0,46,88,109,116,122,0,59,59,65,53,39
20241,R,전통시장,3130312,석촌시장,501,328,173,0,61,115,117,103,105,0,36,82,78,60,72,0,25,33,39,43,33
20241,R,전통시장,3130313,방이시장,4043,2323,1720,1,653,1036,916,864,573,1,367,674,560,405,316,0,286,362,356,459,257
20241,R,전통시장,3130314,풍납시장,446,263,183,0,47,101,127,128,43,0,27,59,68,69,40,0,20,42,59,59,3
20241,R,전통시장,3130315,문정동 로데오거리 상점가(문정동 로데오거리),9226,6971,2255,0,881,1771,2603,3313,658,0,505,1256,2002,2789,419,0,376,515,601,524,239
20241,R,전통시장,3130316,마천시장,49,32,17,0,4,12,14,13,6,0,2,8,8,8,6,0,2,4,6,5,0
20241,R,전통시장,3130317,마천중앙시장,203,133,70,0,14,50,60,54,25,0,9,31,35,33,25,0,5,19,25,21,0
20241,R,전통시장,3130318,로데오거리상점가,548,295,253,0,46,94,122,118,168,0,16,43,60,59,117,0,30,51,62,59,51
20241,R,전통시장,3130319,성내전통시장,81,55,26,0,14,16,19,16,16,0,11,11,11,11,11,0,3,5,8,5,5
20241,R,전통시장,3130320,암사종합시장,571,349,222,0,78,120,120,116,137,0,39,78,77,77,78,0,39,42,43,39,59
20241,R,전통시장,3130321,장신구 특화거리 상점가,1206,819,387,0,144,254,261,309,238,0,83,158,170,224,184,0,61,96,91,85,54
20241,R,전통시장,3130322,고분다리전통시장,117,69,48,0,8,19,28,28,34,0,2,10,14,17,26,0,6,9,14,11,8
20241,R,전통시장,3130323,둔촌역전통시장,381,229,152,0,51,86,97,80,67,0,26,55,58,46,44,0,25,31,39,34,23
20241,R,전통시장,3130324,길동복조리시장,115,56,59,0,15,23,27,29,21,0,5,12,15,12,12,0,10,11,12,17,9
20241,R,전통시장,3130325,명일전통시장,206,116,90,0,30,56,53,37,30,0,14,34,35,19,14,0,16,22,18,18,16
20241,R,전통시장,3130326,고덕 골목형상점가,384,243,141,0,21,49,85,134,95,0,3,21,49,93,77,0,18,28,36,41,18
20241,R,전통시장,3130327,"평화시장(남평화시장, 제일평화시장, 신평화패션타운)",800,432,368,0,242,170,150,142,96,0,106,90,76,94,66,0,136,80,74,48,30
20242,U,관광특구,3001491,이태원 관광특구,28395,15935,12460,8,6830,9855,6365,4305,1032,8,2203,4986,4313,3583,842,0,4627,4869,2052,722,190
20242,U,관광특구,3001492,명동 남대문 북창동 다동 무교동 관광특구,214604,123445,91159,396,43270,71925,55534,34108,9371,87,16696,38123,36717,25448,6374,309,26574,33802,18817,8660,2997
20242,U,관광특구,3001493,동대문패션타운 관광특구,33474,16833,16641,273,9661,8613,6813,5378,2736,109,4636,4972,3883,2050,1183,164,5025,3641,2930,3328,1553
20242,U,관광특구,3001494,종로?청계 관광특구,47296,26388,20908,670,9566,14142,12876,7558,2484,242,4114,7326,7672,5302,1732,428,5452,6816,5204,2256,752
20242,U,관광특구,3001495,잠실 관광특구,111557,65817,45740,195,18343,29274,28408,24388,10949,80,9089,18331,18070,13050,7197,115,9254,10943,10338,11338,3752
20242,U,관광특구,3001496,강남 마이스 관광특구,113536,76610,36926,286,22874,34048,30408,20154,5766,142,12294,22506,22424,15800,3444,144,10580,11542,7984,4354,2322
20242,A,골목상권,3110001,이북5도청사,2441,1370,1071,0,303,654,800,532,152,0,146,334,473,319,98,0,157,320,327,213,54
20242,A,골목상권,3110002,독립문역 1번,403,109,294,0,114,114,103,50,22,0,26,26,33,13,11,0,88,88,70,37,11
20242,A,골목상권,3110003,세검정초등학교,1186,667,519,0,157,325,375,251,78,0,71,172,220,151,53,0,86,153,155,100,25
20242,A,골목상권,3110004,대신고등학교,27,9,18,0,6,8,9,3,1,0,1,2,4,1,1,0,5,6,5,2,0
20242,A,골목상권,3110005,세검정,394,219,175,0,67,115,106,75,31,0,27,63,60,46,23,0,40,52,46,29,8
20242,A,골목상권,3110006,부암동주민센터,142,79,63,0,24,41,39,28,10,0,10,22,22,17,8,0,14,19,17,11,2
20242,A,골목상권,3110007,사직공원(한국사회과학도서관),302,189,113,0,40,87,91,60,24,0,16,53,62,42,16,0,24,34,29,18,8
20242,A,골목상권,3110008,배화여자대학교(박노수미술관),1045,673,372,0,171,302,301,197,74,0,72,189,218,141,53,0,99,113,83,56,21
20242,A,골목상권,3110009,자하문터널,239,135,104,0,39,72,69,45,14,0,15,40,39,30,11,0,24,32,30,15,3
20242,A,골목상권,3110010,평창동서측,3988,2238,1750,0,490,1072,1308,866,252,0,236,548,773,520,161,0,254,524,535,346,91
20242,A,골목상권,3110011,청운초등학교,166,107,59,0,31,47,46,31,11,0,14,29,34,22,8,0,17,18,12,9,3
20242,A,골목상권,3110012,성곡미술관,2803,1756,1047,0,368,796,846,559,234,0,153,488,581,389,145,0,215,308,265,170,89
20242,A,골목상권,3110013,체부동홍종문가옥,96,62,34,0,16,27,28,18,7,0,7,17,20,13,5,0,9,10,8,5,2
20242,A,골목상권,3110014,경복고등학교,1501,972,529,0,275,436,420,267,103,0,121,274,311,193,73,0,154,162,109,74,30
20242,A,골목상권,3110015,청와대사랑채,823,532,291,1,153,241,228,145,55,0,66,151,170,106,39,1,87,90,58,39,16
20242,A,골목상권,3110016,평창동동측,2949,1656,1293,0,365,792,967,644,181,0,176,404,572,388,116,0,189,388,395,256,65
20242,A,골목상권,3110017,정독도서관,408,324,84,0,46,125,129,86,22,0,28,94,108,75,19,0,18,31,21,11,3
20242,A,골목상권,3110018,중앙고등학교,1215,910,305,0,128,419,366,231,71,0,67,308,288,190,57,0,61,111,78,41,14
20242,A,골목상권,3110019,창덕궁,962,528,434,7,195,300,266,151,43,3,83,150,156,106,30,4,112,150,110,45,13
20242,A,골목상권,3110020,서울국제고등학교,887,433,454,0,139,247,219,180,102,0,45,121,117,92,58,0,94,126,102,88,44
20242,A,골목상권,3110021,성균관대학교,899,440,459,0,146,247,218,180,108,0,50,121,117,94,58,0,96,126,101,86,50
20242,A,골목상권,3110022,경신고등학교,238,117,121,0,38,65,59,48,28,0,13,32,32,25,15,0,25,33,27,23,13
20242,A,골목상권,3110023,서울대병원,62,35,27,0,10,14,17,13,8,0,3,7,10,9,6,0,7,7,7,4,2
20242,A,골목상권,3110024,혜회동주민센터,444,217,227,0,72,122,109,87,54,0,25,60,58,44,30,0,47,62,51,43,24
20242,A,골목상권,3110025,충신시장옆,470,295,175,8,110,135,116,73,28,1,46,87,85,56,20,7,64,48,31,17,8
20242,A,골목상권,3110026,종로5가역 4번,498,313,185,9,118,145,122,77,27,1,50,94,89,59,20,8,68,51,33,18,7
20242,A,골목상권,3110027,혜화역 1번,103,60,43,0,13,29,27,23,11,0,4,13,18,16,9,0,9,16,9,7,2
20242,A,골목상권,3110028,이화달팽이길,509,309,200,1,103,143,132,91,39,0,38,80,88,70,33,1,65,63,44,21,6
20242,A,골목상권,3110029,동대문역 1번,58,14,44,0,1,7,16,26,8,0,0,2,3,7,2,0,1,5,13,19,6
20242,A,골목상권,3110030,동대문역 3번,24,10,14,0,1,4,8,7,4,0,0,1,3,3,3,0,1,3,5,4,1
20242,A,골목상권,3110031,창신역 1번,82,35,47,0,8,22,21,26,5,0,1,8,8,13,5,0,7,14,13,13,0
20242,A,골목상권,3110032,수족관거리,78,32,46,0,2,12,28,24,12,0,0,2,10,10,10,0,2,10,18,14,2
20242,A,골목상권,3110033,창신역 4번,138,62,76,0,24,31,34,32,17,0,0,13,17,17,15,0,24,18,17,15,2
20242,A,골목상권,3110034,창신1동주민센터,49,21,28,0,1,8,18,13,9,0,0,2,6,6,7,0,1,6,12,7,2
20242,A,골목상권,3110035,동묘앞역 2번,246,120,126,0,36,45,60,60,45,0,6,20,33,35,26,0,30,25,27,25,19
20242,A,골목상권,3110036,동묘앞역 3번,138,71,67,0,20,23,34,34,27,0,5,11,19,21,15,0,15,12,15,13,12
20242,A,골목상권,3110037,신설동역 12번,410,293,117,0,40,111,91,93,75,0,18,84,69,71,51,0,22,27,22,22,24
20242,A,골목상권,3110038,경향신문사,4022,2135,1887,22,1164,1270,884,532,150,6,378,632,631,388,100,16,786,638,253,144,50
20242,A,골목상권,3110039,회현역 1번,629,389,240,0,118,222,173,91,25,0,55,132,113,72,17,0,63,90,60,19,8
20242,A,골목상권,3110040,중구회현체육센터(정화예술대남산캠퍼스),1162,718,444,0,219,411,320,169,43,0,101,245,208,134,30,0,118,166,112,35,13
20242,A,골목상권,3110041,남산케이블카,1045,608,437,0,171,354,284,185,51,0,68,183,184,138,35,0,103,171,100,47,16
20242,A,골목상권,3110042,남산골공원옆,2278,1072,1206,0,326,580,703,499,170,0,111,287,331,233,110,0,215,293,372,266,60
20242,A,골목상권,3110043,충무초등학교,1714,864,850,1,328,454,483,350,98,0,115,241,258,185,65,1,213,213,225,165,33
20242,A,골목상권,3110044,관성묘,625,330,295,1,143,171,163,121,26,0,51,96,96,70,17,1,92,75,67,51,9
20242,A,골목상권,3110045,동대문역사문화공원역 5번,1301,668,633,5,336,350,303,229,78,2,143,198,177,109,39,3,193,152,126,120,39
20242,A,골목상권,3110046,버티고개,109,71,38,0,19,38,28,18,6,0,8,27,20,11,5,0,11,11,8,7,1
20242,A,골목상권,3110047,다산성곽길,367,235,132,0,65,119,91,62,30,0,27,82,64,39,23,0,38,37,27,23,7
20242,A,골목상권,3110048,장충동주민센터,1193,651,542,1,266,339,304,223,60,0,97,200,187,127,40,1,169,139,117,96,20
20242,A,골목상권,3110049,장충단 고개,2333,1479,854,0,412,749,565,408,199,0,168,515,398,250,148,0,244,234,167,158,51
20242,A,골목상권,3110050,약수역 7번,2475,956,1519,5,398,926,685,339,122,0,122,326,227,194,87,5,276,600,458,145,35
20242,A,골목상권,3110051,한양공고앞 교차로,22,13,9,0,8,5,4,3,2,0,3,3,2,3,2,0,5,2,2,0,0
20242,A,골목상권,3110052,장충초등학교,796,506,290,0,142,258,196,137,63,0,59,178,137,84,48,0,83,80,59,53,15
20242,A,골목상권,3110053,청구역 1번,77,39,38,0,34,14,14,11,4,0,13,7,7,8,4,0,21,7,7,3,0
20242,A,골목상권,3110054,청구역 3번,11732,6410,5322,0,1703,3095,2770,2524,1640,0,574,1603,1734,1541,958,0,1129,1492,1036,983,682
20242,A,골목상권,3110055,황학동벼룩시장,84,62,22,0,11,25,24,15,9,0,9,16,15,13,9,0,2,9,9,2,0
20242,A,골목상권,3110056,신당역 3번,408,204,204,0,33,99,113,102,61,0,8,36,56,55,49,0,25,63,57,47,12
20242,A,골목상권,3110057,황학코아루아파트,117,86,31,0,15,35,33,22,12,0,11,23,22,18,12,0,4,12,11,4,0
20242,A,골목상권,3110058,성심여자고등학교,1485,1087,398,0,235,457,416,240,137,0,136,329,322,183,117,0,99,128,94,57,20
20242,A,골목상권,3110059,새남터성지,1693,1143,550,0,245,462,500,367,119,0,113,288,375,281,86,0,132,174,125,86,33
20242,A,골목상권,3110060,효창공원앞역 6번,1225,714,511,0,239,332,339,230,85,0,100,196,203,155,60,0,139,136,136,75,25
20242,A,골목상권,3110061,효창동주민센터,475,276,199,0,72,125,132,100,46,0,35,73,79,53,36,0,37,52,53,47,10
20242,A,골목상권,3110062,한강로동땡땡거리(은행나무길),2317,1142,1175,0,474,728,663,339,113,0,192,340,330,206,74,0,282,388,333,133,39
20242,A,골목상권,3110063,효창공원앞역 5번,1161,734,427,0,202,317,317,216,109,0,99,206,204,148,77,0,103,111,113,68,32
20242,A,골목상권,3110064,효창공원앞역 2번,743,424,319,0,101,190,202,163,87,0,49,109,119,83,64,0,52,81,83,80,23
20242,A,골목상권,3110065,남정초등학교,179,122,57,0,28,49,47,33,22,0,16,35,33,22,16,0,12,14,14,11,6
20242,A,골목상권,3110066,서울역 15번,1037,562,475,0,158,268,252,223,136,0,52,123,134,140,113,0,106,145,118,83,23
20242,A,골목상권,3110067,배문고등학교,487,263,224,0,73,127,119,105,63,0,23,58,63,66,53,0,50,69,56,39,10
20242,A,골목상권,3110068,남영역 1번,767,513,254,0,116,212,202,144,93,0,65,144,137,100,67,0,51,68,65,44,26
20242,A,골목상권,3110069,숙대입구,1130,609,521,0,169,291,272,246,152,0,54,134,148,152,121,0,115,157,124,94,31
20242,A,골목상권,3110070,용산세무서,207,101,106,0,43,65,59,30,10,0,18,30,29,18,6,0,25,35,30,12,4
20242,A,골목상권,3110071,한강미주맨션아파트,1700,1090,610,5,275,458,477,348,137,4,136,282,337,235,96,1,139,176,140,113,41
20242,A,골목상권,3110072,열정도,236,159,77,0,36,64,63,44,29,0,21,45,44,30,19,0,15,19,19,14,10
20242,A,골목상권,3110073,삼각지역 3번,1907,942,965,4,389,597,545,280,92,2,158,279,271,171,61,2,231,318,274,109,31
20242,A,골목상권,3110074,서울역 12번,4774,2012,2762,34,1818,1181,913,612,216,1,341,633,542,330,165,33,1477,548,371,282,51
20242,A,골목상권,3110075,숙대입구역 1번,1728,736,992,11,654,427,335,226,75,0,127,230,199,122,58,11,527,197,136,104,17
20242,A,골목상권,3110076,삼각지역 14번,181,90,91,0,37,57,52,26,9,0,15,27,26,16,6,0,22,30,26,10,3
20242,A,골목상권,3110077,삼광초등학교,175,104,71,0,25,40,50,42,18,0,8,24,33,25,14,0,17,16,17,17,4
20242,A,골목상권,3110078,이촌동점보아파트,608,389,219,1,99,164,170,125,49,1,49,101,120,84,34,0,50,63,50,41,15
20242,A,골목상권,3110079,후암동주민센터,1044,619,425,0,151,235,301,247,110,0,48,139,198,144,90,0,103,96,103,103,20
20242,A,골목상권,3110080,해방촌예술마을,222,145,77,0,26,44,73,62,17,0,9,26,53,43,14,0,17,18,20,19,3
20242,A,골목상권,3110081,해방촌 남동측,234,175,59,0,1,40,98,94,1,0,0,21,78,75,1,0,1,19,20,19,0
20242,A,골목상권,3110082,용산구청,5140,2262,2878,0,1512,1968,1008,496,156,0,398,822,558,358,126,0,1114,1146,450,138,30
20242,A,골목상권,3110083,서빙고역 1번,3456,2266,1190,0,616,1029,1067,548,196,0,297,601,779,436,153,0,319,428,288,112,43
20242,A,골목상권,3110084,경리단길북측,360,205,155,0,52,128,104,52,24,0,24,71,56,30,24,0,28,57,48,22,0
20242,A,골목상권,3110085,경리단길남측,361,202,159,0,57,131,102,47,24,0,25,70,55,28,24,0,32,61,47,19,0
20242,A,골목상권,3110086,이태원역 북측,307,164,143,0,77,108,70,41,11,0,25,53,44,32,10,0,52,55,26,9,1
20242,A,골목상권,3110087,이태원엔틱가구거리,820,363,457,0,243,315,160,78,24,0,64,133,88,58,20,0,179,182,72,20,4
20242,A,골목상권,3110088,오산고등학교,1315,862,453,0,232,391,408,211,73,0,110,229,297,167,59,0,122,162,111,44,14
20242,A,골목상권,3110089,서빙고동주민센터,1671,1100,571,0,296,499,515,267,94,0,143,292,377,213,75,0,153,207,138,54,19
20242,A,골목상권,3110090,한국폴리텍대학서울정수캠퍼스,997,648,349,0,172,290,311,165,59,0,80,168,223,130,47,0,92,122,88,35,12
20242,A,골목상권,3110091,리움미술관,908,669,239,0,151,268,240,209,40,0,73,180,194,188,34,0,78,88,46,21,6
20242,A,골목상권,3110092,NH농협은행 보광동지점,125,66,59,0,13,27,37,34,14,0,0,13,20,20,13,0,13,14,17,14,1
20242,A,골목상권,3110093,우사단길,5478,3978,1500,4,915,1633,1437,1249,240,4,425,1076,1157,1119,197,0,490,557,280,130,43
20242,A,골목상권,3110094,오산중학교,27,14,13,0,3,6,8,7,3,0,0,3,4,4,3,0,3,3,4,3,0
20242,A,골목상권,3110095,한강진역 3번,2799,2056,743,1,461,832,737,643,125,1,220,556,598,579,102,0,241,276,139,64,23
20242,A,골목상권,3110096,한남힐사이드아파트,985,720,265,0,163,292,259,228,43,0,77,194,210,204,35,0,86,98,49,24,8
20242,A,골목상권,3110097,한남초등학교,263,193,70,0,44,77,70,60,12,0,21,52,56,54,10,0,23,25,14,6,2
20242,A,골목상권,3110098,서울독일학교,1343,984,359,0,222,400,354,308,59,0,106,267,286,277,48,0,116,133,68,31,11
20242,A,골목상권,3110099,유엔빌리지길,1612,1180,432,1,267,479,424,371,70,1,125,319,344,333,58,0,142,160,80,38,12
20242,A,골목상권,3110100,옥수동우편취급국,450,175,275,0,116,133,102,68,31,0,30,49,48,32,16,0,86,84,54,36,15
20242,A,골목상권,3110101,옥정중학교,1830,711,1119,0,469,542,414,276,129,0,120,201,194,130,66,0,349,341,220,146,63
20242,A,골목상권,3110102,옥수역 6번,2049,796,1253,0,526,606,462,311,144,0,135,224,216,147,74,0,391,382,246,164,70
20242,A,골목상권,3110103,옥수터널,245,96,149,0,61,72,56,38,18,0,15,27,26,18,10,0,46,45,30,20,8
20242,A,골목상권,3110104,신금호역 4번,66,38,28,0,6,11,16,16,17,0,0,4,8,10,16,0,6,7,8,6,1
20242,A,골목상권,3110105,금동어린이공원,31,18,13,0,3,3,8,7,10,0,0,0,4,4,10,0,3,3,4,3,0
20242,A,골목상권,3110106,금북초등학교,177,62,115,0,21,58,73,21,4,0,5,19,28,7,3,0,16,39,45,14,1
20242,A,골목상권,3110107,금호사거리,115,70,45,0,15,26,33,27,14,0,6,13,22,17,12,0,9,13,11,10,2
20242,A,골목상권,3110108,성동구립금호도서관,181,67,114,1,21,59,74,22,4,0,6,20,29,9,3,1,15,39,45,13,1
20242,A,골목상권,3110109,금호삼성래미안아파트,972,357,615,5,114,321,395,112,25,0,34,106,155,44,18,5,80,215,240,68,7
20242,A,골목상권,3110110,상왕십리역 6번,264,162,102,0,32,69,78,61,24,0,16,37,48,39,22,0,16,32,30,22,2
20242,A,골목상권,3110111,대현산장미원,54,24,30,0,14,14,11,10,5,0,4,5,5,5,5,0,10,9,6,5,0
20242,A,골목상권,3110112,행당역 2번,93,64,29,0,10,21,25,27,10,0,5,13,17,20,9,0,5,8,8,7,1
20242,A,골목상권,3110113,응봉산,365,153,212,0,87,96,78,66,38,0,22,35,35,33,28,0,65,61,43,33,10
20242,A,골목상권,3110114,왕십리파출소,172,79,93,0,28,33,38,41,32,0,9,19,21,17,13,0,19,14,17,24,19
20242,A,골목상권,3110115,상왕십리역 3번,666,305,361,0,112,128,140,163,123,0,38,70,77,67,53,0,74,58,63,96,70
20242,A,골목상권,3110116,청계천박물관,1183,841,342,0,93,209,272,394,215,0,55,147,197,278,164,0,38,62,75,116,51
20242,A,골목상권,3110117,성동구보건소,354,250,104,0,28,61,82,120,63,0,17,42,58,85,48,0,11,19,24,35,15
20242,A,골목상권,3110118,왕십리역 9번,279,193,86,0,34,59,73,81,32,0,17,37,51,62,26,0,17,22,22,19,6
20242,A,골목상권,3110119,마장지하차도,327,232,95,0,27,57,76,108,59,0,16,39,55,77,45,0,11,18,21,31,14
20242,A,골목상권,3110120,서울숲카페거리,119,90,29,0,19,24,25,27,24,0,13,17,17,21,22,0,6,7,8,6,2
20242,A,골목상권,3110121,한양대역 4번,52,37,15,0,1,10,18,17,6,0,0,6,12,13,6,0,1,4,6,4,0
20242,A,골목상권,3110122,마장역 2번,824,585,239,0,67,147,189,272,149,0,41,102,138,193,111,0,26,45,51,79,38
20242,A,골목상권,3110123,마장역 3번,670,478,192,0,54,118,154,224,120,0,32,82,114,158,92,0,22,36,40,66,28
20242,A,골목상권,3110124,뚝섬역교차로,1099,760,339,0,174,224,231,241,229,0,104,149,150,172,185,0,70,75,81,69,44
20242,A,골목상권,3110125,사근동살곶이상점가,76,59,17,0,1,13,28,24,10,0,0,9,20,20,10,0,1,4,8,4,0
20242,A,골목상권,3110126,서울숲역 1번,93,60,33,0,14,20,20,22,17,0,7,13,13,15,12,0,7,7,7,7,5
20242,A,골목상권,3110127,성수1가1동주민센터,379,238,141,0,47,81,85,102,64,0,22,50,54,70,42,0,25,31,31,32,22
20242,A,골목상권,3110128,성원중학교,959,602,357,0,156,233,218,221,131,0,72,145,140,152,93,0,84,88,78,69,38
20242,A,골목상권,3110129,성원어린이공원,628,437,191,0,100,127,133,138,130,0,60,85,86,100,106,0,40,42,47,38,24
20242,A,골목상권,3110130,답십리역 6번,81,50,31,0,22,24,18,12,5,0,8,16,13,8,5,0,14,8,5,4,0
20242,A,골목상권,3110131,성수동카페거리,4747,3034,1713,11,998,1328,1128,830,452,6,471,866,769,565,357,5,527,462,359,265,95
20242,A,골목상권,3110132,성수2가3동주민센터,1267,810,457,0,209,325,317,254,162,0,115,217,213,153,112,0,94,108,104,101,50
20242,A,골목상권,3110133,서울교통공사,739,456,283,3,190,211,153,114,68,0,81,140,106,73,56,3,109,71,47,41,12
20242,A,골목상권,3110134,성수119안전센터,678,437,241,0,160,203,157,109,49,0,71,133,108,79,46,0,89,70,49,30,3
20242,A,골목상권,3110135,성동세무서,526,337,189,0,63,130,138,108,87,0,29,82,80,68,78,0,34,48,58,40,9
20242,A,골목상권,3110136,경수초등학교,4708,3013,1695,7,948,1290,1134,851,478,4,460,849,773,559,368,3,488,441,361,292,110
20242,A,골목상권,3110137,성수초등학교,14279,9152,5127,20,2352,3634,3571,2871,1831,20,1305,2429,2404,1731,1263,0,1047,1205,1167,1140,568
20242,A,골목상권,3110138,송정체육공원,194,130,64,0,26,47,51,40,30,0,13,31,30,26,30,0,13,16,21,14,0
20242,A,골목상권,3110139,자양4동주민센터,60,55,5,0,0,1,15,18,26,0,0,1,12,16,26,0,0,0,3,2,0
20242,A,골목상권,3110140,건대입구역 6번,150,122,28,0,0,10,40,50,50,0,0,9,26,37,50,0,0,1,14,13,0
20242,A,골목상권,3110141,건대입구역 1번,67,46,21,0,7,10,17,23,10,0,2,5,12,18,9,0,5,5,5,5,1
20242,A,골목상권,3110142,화양사거리,54,44,10,0,4,4,16,21,9,0,2,2,14,17,9,0,2,2,2,4,0
20242,A,골목상권,3110143,뚝섬유원지역 1번,42,31,11,0,5,12,11,11,3,0,4,8,8,8,3,0,1,4,3,3,0
20242,A,골목상권,3110144,어린이대공원역 4번,28,20,8,0,3,4,7,9,5,0,1,2,5,7,5,0,2,2,2,2,0
20242,A,골목상권,3110145,장안초등학교,7,4,3,0,0,2,2,2,1,0,0,1,1,1,1,0,0,1,1,1,0
20242,A,골목상권,3110146,신자초등학교,686,509,177,0,76,183,196,176,55,0,50,131,147,133,48,0,26,52,49,43,7
20242,A,골목상권,3110147,능동우편취급국,103,59,44,0,9,21,25,23,25,0,2,11,15,13,18,0,7,10,10,10,7
20242,A,골목상권,3110148,어린이대공원역 3번,17,13,4,0,1,2,6,6,2,0,0,1,5,5,2,0,1,1,1,1,0
20242,A,골목상권,3110149,세종대학교,133,75,58,0,14,28,32,30,29,0,5,15,19,16,20,0,9,13,13,14,9
20242,A,골목상권,3110150,중곡1동 마을마당,1148,559,589,1,307,222,231,274,113,0,131,118,114,108,88,1,176,104,117,166,25
20242,A,골목상권,3110151,자양한강도서관,586,362,224,0,80,132,156,155,63,0,53,85,91,84,49,0,27,47,65,71,14
20242,A,골목상권,3110152,중곡어린이공원,193,93,100,0,51,37,39,48,18,0,22,20,19,19,13,0,29,17,20,29,5
20242,A,골목상권,3110153,중곡1동주민센터,211,102,109,0,58,41,43,49,20,0,24,22,21,19,16,0,34,19,22,30,4
20242,A,골목상권,3110154,광진정말공원,890,709,181,0,54,127,247,367,95,0,24,84,197,317,87,0,30,43,50,50,8
20242,A,골목상권,3110155,광진구청,1004,796,208,0,69,141,273,411,110,0,30,92,220,358,96,0,39,49,53,53,14
20242,A,골목상권,3110156,군자역 5번,242,156,86,0,32,60,65,48,37,0,15,37,42,30,32,0,17,23,23,18,5
20242,A,골목상권,3110157,자양동우체국,390,250,140,0,54,88,104,107,37,0,39,59,61,59,32,0,15,29,43,48,5
20242,A,골목상권,3110158,중곡3동주민센터,359,252,107,0,26,90,112,89,42,0,17,71,68,61,35,0,9,19,44,28,7
20242,A,골목상권,3110159,구의역 4번,1833,1458,375,0,117,259,500,752,205,0,52,171,402,654,179,0,65,88,98,98,26
20242,A,골목상권,3110160,광진경찰서,312,189,123,0,44,78,88,73,29,0,23,46,48,48,24,0,21,32,40,25,5
20242,A,골목상권,3110161,중곡역 3번,217,152,65,0,16,56,68,54,23,0,10,45,41,37,19,0,6,11,27,17,4
20242,A,골목상권,3110162,군자역 4번,159,94,65,0,19,32,41,40,27,0,13,19,22,21,19,0,6,13,19,19,8
20242,A,골목상권,3110163,성자초등학교,578,358,220,0,82,128,156,149,63,0,56,82,91,80,49,0,26,46,65,69,14
20242,A,골목상권,3110164,아차산역 5번,183,118,65,0,24,44,50,36,29,0,11,27,33,23,24,0,13,17,17,13,5
20242,A,골목상권,3110165,국립정신건강센터,235,139,96,0,29,47,64,57,38,0,20,27,35,31,26,0,9,20,29,26,12
20242,A,골목상권,3110166,구의1동주민센터,438,263,175,0,59,118,125,101,35,0,32,66,67,66,32,0,27,52,58,35,3
20242,A,골목상권,3110167,용마초등학교,445,263,182,0,54,90,122,108,71,0,38,52,65,59,49,0,16,38,57,49,22
20242,A,골목상권,3110168,대원고등학교,435,217,218,0,77,109,112,102,35,0,22,52,55,55,33,0,55,57,57,47,2
20242,A,골목상권,3110169,성동초등학교,687,423,264,0,87,148,174,178,100,0,56,100,109,94,64,0,31,48,65,84,36
20242,A,골목상권,3110170,동대부여고,313,198,115,0,40,84,93,74,22,0,21,52,52,52,21,0,19,32,41,22,1
20242,A,골목상권,3110171,중곡4동주민센터,170,84,86,0,29,42,44,41,14,0,8,19,21,22,14,0,21,23,23,19,0
20242,A,골목상권,3110172,광진초등학교,503,320,183,0,71,87,132,137,76,0,36,50,87,90,57,0,35,37,45,47,19
20242,A,골목상권,3110173,구남초등학교,465,284,181,0,55,98,112,119,81,0,30,69,76,62,47,0,25,29,36,57,34
20242,A,골목상권,3110174,아차산역 1번,638,323,315,0,107,150,166,153,62,0,31,70,84,84,54,0,76,80,82,69,8
20242,A,골목상권,3110175,푸른동산공원,355,219,136,0,42,77,88,87,61,0,24,53,62,45,35,0,18,24,26,42,26
20242,A,골목상권,3110176,해오름공원,872,432,440,0,151,214,228,205,74,0,39,99,112,112,70,0,112,115,116,93,4
20242,A,골목상권,3110177,동의초등학교,38,24,14,0,6,6,10,10,6,0,3,3,7,7,4,0,3,3,3,3,2
20242,A,골목상권,3110178,장로회신학대학교,299,183,116,0,93,81,59,46,20,0,45,52,40,31,15,0,48,29,19,15,5
20242,A,골목상권,3110179,광나루역 1번,908,548,360,5,285,241,175,139,63,0,137,154,118,93,46,5,148,87,57,46,17
20242,A,골목상권,3110180,광진정보도서관,3745,2270,1475,27,1164,986,728,580,260,5,557,636,492,389,191,22,607,350,236,191,69
20242,A,골목상권,3110181,신설동역 9번,2753,1419,1334,0,338,612,679,674,450,0,160,349,358,308,244,0,178,263,321,366,206
20242,A,골목상권,3110182,용두희망어린이공원,623,324,299,0,82,139,151,152,99,0,39,81,81,69,54,0,43,58,70,83,45
20242,A,골목상권,3110183,한국의류시험연구원,779,402,377,0,97,171,193,190,128,0,46,99,101,87,69,0,51,72,92,103,59
20242,A,골목상권,3110184,용두사거리,439,226,213,0,56,97,107,107,72,0,26,55,56,50,39,0,30,42,51,57,33
20242,A,골목상권,3110185,용두초등학교,295,150,145,0,38,64,72,72,49,0,17,36,38,33,26,0,21,28,34,39,23
20242,A,골목상권,3110186,종암초등학교,221,133,88,0,26,56,56,48,35,0,10,34,36,28,25,0,16,22,20,20,10
20242,A,골목상권,3110187,제기동역 6번,1998,1035,963,0,252,442,489,488,327,0,118,256,260,222,179,0,134,186,229,266,148
20242,A,골목상권,3110188,용두동신동아아파트,2023,1049,974,0,252,448,498,496,329,0,120,259,264,227,179,0,132,189,234,269,150
20242,A,골목상권,3110189,제기동역 1번,640,368,272,0,77,153,161,144,105,0,32,90,98,78,70,0,45,63,63,66,35
20242,A,골목상권,3110190,고대앞사거리,306,188,118,0,36,78,78,65,49,0,14,47,51,38,38,0,22,31,27,27,11
20242,A,골목상권,3110191,고려대역 6번,354,220,134,0,40,92,90,78,54,0,14,57,60,48,41,0,26,35,30,30,13
20242,A,골목상권,3110192,동의보감타워,723,375,348,0,89,161,178,177,118,0,42,93,94,81,65,0,47,68,84,96,53
20242,A,골목상권,3110193,고려대역 4번,355,216,139,0,42,92,90,76,55,0,16,56,59,45,40,0,26,36,31,31,15
20242,A,골목상권,3110194,홍파초등학교,680,410,270,0,80,175,174,146,105,0,28,104,112,85,81,0,52,71,62,61,24
20242,A,골목상권,3110195,동대문구청,1243,641,602,0,157,272,305,305,204,0,74,156,160,140,111,0,83,116,145,165,93
20242,A,골목상권,3110196,홍릉근린공원,23,13,10,0,3,12,3,3,2,0,1,7,2,2,1,0,2,5,1,1,1
20242,A,골목상권,3110197,세종대왕기념관교차로,56,32,24,0,8,16,12,11,9,0,3,9,7,7,6,0,5,7,5,4,3
20242,A,골목상권,3110198,동대문중앙새마을금고본점,98,60,38,0,13,24,25,20,16,0,5,14,17,12,12,0,8,10,8,8,4
20242,A,골목상권,3110199,홍릉시장,434,254,180,0,57,118,102,90,67,0,20,70,64,53,47,0,37,48,38,37,20
20242,A,골목상권,3110200,동대문경찰서,65,34,31,0,11,21,12,11,10,0,4,12,6,6,6,0,7,9,6,5,4
20242,A,골목상권,3110201,전농119안전센터,19,15,4,0,1,2,6,7,3,0,1,2,5,5,2,0,0,0,1,2,1
20242,A,골목상권,3110202,전농1동주민센터(전농시장),17,16,1,0,0,1,7,8,1,0,0,1,7,7,1,0,0,0,0,1,0
20242,A,골목상권,3110203,떡전교사거리,268,147,121,0,45,82,51,48,42,0,16,49,28,28,26,0,29,33,23,20,16
20242,A,골목상권,3110204,간데메공원,1065,517,548,0,152,212,300,288,113,0,102,141,113,85,76,0,50,71,187,203,37
20242,A,골목상권,3110206,텃골근린공원,24,24,0,0,0,0,12,12,0,0,0,0,12,12,0,0,0,0,0,0,0
20242,A,골목상권,3110207,시립대앞사거리,8,8,0,0,0,0,4,4,0,0,0,0,4,4,0,0,0,0,0,0,0
20242,A,골목상권,3110208,시조사삼거리,90,48,42,0,14,27,18,18,13,0,5,15,10,10,8,0,9,12,8,8,5
20242,A,골목상권,3110209,답십리 장령당공원,146,71,75,0,22,32,39,38,15,0,14,21,14,11,11,0,8,11,25,27,4
20242,A,골목상권,3110210,서울시립대,447,242,205,0,50,93,122,121,61,0,19,44,69,67,43,0,31,49,53,54,18
20242,A,골목상권,3110211,전곡마을마당공원,19,18,1,0,0,1,8,9,1,0,0,1,8,8,1,0,0,0,0,1,0
20242,A,골목상권,3110212,답십리초등학교,353,174,179,0,49,75,98,96,35,0,35,49,36,27,27,0,14,26,62,69,8
20242,A,골목상권,3110213,청량초등학교,98,43,55,0,18,27,28,19,6,0,2,11,14,11,5,0,16,16,14,8,1
20242,A,골목상권,3110214,경희대후문,414,182,232,0,78,111,119,77,29,0,11,41,59,47,24,0,67,70,60,30,5
20242,A,골목상권,3110215,회기역 1번,39,29,10,0,1,8,12,12,6,0,0,6,9,10,4,0,1,2,3,2,2
20242,A,골목상권,3110216,전농중학교,424,220,204,0,51,86,112,116,59,0,21,40,61,60,38,0,30,46,51,56,21
20242,A,골목상권,3110217,자동차부품상가,618,452,166,0,95,139,147,132,105,0,74,107,106,91,74,0,21,32,41,41,31
20242,A,골목상권,3110218,답십리사거리,581,425,156,0,88,132,139,123,99,0,70,102,99,83,71,0,18,30,40,40,28
20242,A,골목상권,3110219,삼육보건대학교,592,304,288,0,74,134,154,146,84,0,19,63,81,76,65,0,55,71,73,70,19
20242,A,골목상권,3110220,외대앞역 1번,598,262,336,0,113,161,167,110,47,0,16,59,83,68,36,0,97,102,84,42,11
20242,A,골목상권,3110221,의릉,164,94,70,0,16,34,35,42,37,0,5,17,17,24,31,0,11,17,18,18,6
20242,A,골목상권,3110222,회기역 2번,31,20,11,0,3,6,8,8,6,0,1,4,5,6,4,0,2,2,3,2,2
20242,A,골목상권,3110223,군자초등학교,1215,773,442,0,161,242,263,270,279,0,97,157,166,165,188,0,64,85,97,105,91
20242,A,골목상권,3110224,외대앞역 2번,69,39,30,0,10,16,20,15,8,0,2,8,12,11,6,0,8,8,8,4,2
20242,A,골목상권,3110225,촬영소사거리,446,330,116,0,69,101,107,93,76,0,55,79,77,63,56,0,14,22,30,30,20
20242,A,골목상권,3110226,장안1동주민센터,2671,1693,978,0,358,525,578,595,615,0,217,342,361,358,415,0,141,183,217,237,200
20242,A,골목상권,3110227,답십리공원,504,312,192,0,108,107,114,105,70,0,64,69,67,61,51,0,44,38,47,44,19
20242,A,골목상권,3110228,장안근린공원,740,400,340,0,228,144,151,139,78,0,119,82,72,67,60,0,109,62,79,72,18
20242,A,골목상권,3110229,장평중학교,1734,1098,636,0,235,342,378,383,396,0,142,221,237,230,268,0,93,121,141,153,128
20242,A,골목상권,3110230,장안현대홈타운1차아파트,285,154,131,0,88,57,59,53,28,0,45,33,27,26,23,0,43,24,32,27,5
20242,A,골목상권,3110231,장안교,128,68,60,0,36,25,27,25,15,0,18,14,13,12,11,0,18,11,14,13,4
20242,A,골목상권,3110232,동대부고,1201,643,558,0,374,231,244,227,125,0,193,133,113,109,95,0,181,98,131,118,30
20242,A,골목상권,3110233,중랑역 1번,43,32,11,0,0,0,16,11,16,0,0,0,8,8,16,0,0,0,8,3,0
20242,A,골목상권,3110234,중랑역 4번,68,44,24,0,1,6,22,17,22,0,0,3,11,11,19,0,1,3,11,6,3
20242,A,골목상권,3110235,세화어린이공원,4,3,1,0,0,0,2,1,1,0,0,0,1,1,1,0,0,0,1,0,0
20242,A,골목상권,3110236,신묵초등학교,568,401,167,0,81,141,138,165,43,0,50,96,90,123,42,0,31,45,48,42,1
20242,A,골목상권,3110237,메가박스 상봉,778,484,294,0,58,153,208,231,128,0,21,86,123,145,109,0,37,67,85,86,19
20242,A,골목상권,3110238,배꽃어린이공원,7,6,1,0,0,0,2,1,4,0,0,0,1,1,4,0,0,0,1,0,0
20242,A,골목상권,3110239,중랑역 2번,6,4,2,0,0,0,2,2,2,0,0,0,1,1,2,0,0,0,1,1,0
20242,A,골목상권,3110240,태릉시장 특화거리,30,21,9,0,0,2,8,7,13,0,0,0,4,4,13,0,0,2,4,3,0
20242,A,골목상권,3110241,먹골역 5번,545,378,167,0,80,138,134,150,43,0,46,94,88,112,38,0,34,44,46,38,5
20242,A,골목상권,3110242,면목5동주민센터,219,164,55,0,11,35,65,58,50,0,11,31,32,40,50,0,0,4,33,18,0
20242,A,골목상권,3110243,중랑노인종합복지관,721,416,305,0,31,113,170,240,167,0,0,50,87,141,138,0,31,63,83,99,29
20242,A,골목상권,3110244,중화역 4번,123,79,44,0,5,7,42,34,35,0,2,3,21,21,32,0,3,4,21,13,3
20242,A,골목상권,3110245,KB국민은행 중화동지점,51,34,17,0,2,4,16,12,17,0,1,2,8,8,15,0,1,2,8,4,2
20242,A,골목상권,3110246,월드순복음교회,702,476,226,0,71,168,219,179,65,0,38,112,141,125,60,0,33,56,78,54,5
20242,A,골목상권,3110247,먹골역 1번,428,203,225,0,39,103,131,106,49,0,11,50,56,50,36,0,28,53,75,56,13
20242,A,골목상권,3110248,먹골파출소,100,47,53,0,7,27,31,27,8,0,1,12,15,12,7,0,6,15,16,15,1
20242,A,골목상권,3110249,중화역 1번,642,338,304,0,62,140,174,157,109,0,18,54,82,89,95,0,44,86,92,68,14
20242,A,골목상권,3110250,화랑대역 7번,91,43,48,0,5,23,30,23,10,0,1,11,12,11,8,0,4,12,18,12,2
20242,A,골목상권,3110251,장안중학교,307,164,143,0,28,70,83,74,52,0,8,27,38,45,46,0,20,43,45,29,6
20242,A,골목상권,3110252,장안제일시장,618,456,162,0,41,91,179,171,136,0,40,82,87,112,135,0,1,9,92,59,1
20242,A,골목상권,3110253,중곡초등학교,198,168,30,0,4,27,58,83,26,0,2,21,44,75,26,0,2,6,14,8,0
20242,A,골목상권,3110254,오거리공원,230,178,52,0,4,23,74,95,34,0,0,14,53,77,34,0,4,9,21,18,0
20242,A,골목상권,3110255,상봉역 4번,554,397,157,0,62,145,194,126,27,0,36,105,132,97,27,0,26,40,62,29,0
20242,A,골목상권,3110256,면목2동체육관,1357,789,568,0,56,221,318,454,308,0,0,99,162,268,260,0,56,122,156,186,48
20242,A,골목상권,3110257,상봉역 7번,228,167,61,0,22,39,51,64,52,0,16,26,29,46,50,0,6,13,22,18,2
20242,A,골목상권,3110258,면동초등학교,168,98,70,0,12,40,48,44,24,0,1,21,26,28,22,0,11,19,22,16,2
20242,A,골목상권,3110259,사가정역 1번,329,219,110,0,23,59,91,94,62,0,5,32,55,72,55,0,18,27,36,22,7
20242,A,골목상권,3110260,면목역 3번,76,44,32,0,6,19,23,20,8,0,0,10,13,13,8,0,6,9,10,7,0
20242,A,골목상권,3110261,사가정역 4번,174,118,56,0,9,26,49,64,26,0,0,14,31,47,26,0,9,12,18,17,0
20242,A,골목상권,3110262,상봉역 3번,685,484,201,0,82,178,232,157,36,0,47,128,157,117,35,0,35,50,75,40,1
20242,A,골목상권,3110263,면목역 1번,87,47,40,0,8,22,24,23,10,0,0,11,13,13,10,0,8,11,11,10,0
20242,A,골목상권,3110264,면목역 2번,259,143,116,0,18,67,73,70,31,0,0,34,39,39,31,0,18,33,34,31,0
20242,A,골목상권,3110265,망우역 1번,389,266,123,0,42,69,82,109,87,0,26,40,45,74,81,0,16,29,37,35,6
20242,A,골목상권,3110266,면목동우체국,219,141,78,0,12,39,61,65,42,0,1,20,36,48,36,0,11,19,25,17,6
20242,A,골목상권,3110267,망우역 2번,259,176,83,0,27,50,59,72,51,0,16,29,34,50,47,0,11,21,25,22,4
20242,A,골목상권,3110268,망우3동주민센터,55,31,24,0,0,4,15,23,13,0,0,0,5,13,13,0,0,4,10,10,0
20242,A,골목상권,3110269,용마문화복지센터,168,108,60,0,12,30,44,50,32,0,1,16,27,37,27,0,11,14,17,13,5
20242,A,골목상권,3110270,혜원여고,65,36,29,0,1,6,19,24,15,0,0,2,8,13,13,0,1,4,11,11,2
20242,A,골목상권,3110271,신내역 1번,83,39,44,0,14,19,15,22,13,0,3,8,7,11,10,0,11,11,8,11,3
20242,A,골목상권,3110272,신내1동주민센터,700,332,368,0,124,155,127,190,104,0,32,64,60,93,83,0,92,91,67,97,21
20242,A,골목상권,3110273,장스여성병원,307,153,154,0,42,63,64,87,51,0,10,26,30,45,42,0,32,37,34,42,9
20242,A,골목상권,3110274,서일대학교,445,285,160,0,27,69,121,136,92,0,4,34,70,97,80,0,23,35,51,39,12
20242,A,골목상권,3110275,하나은행 망우동지점,117,62,55,0,11,21,27,39,19,0,2,8,13,21,18,0,9,13,14,18,1
20242,A,골목상권,3110276,신내IC북측,118,57,61,0,21,26,22,32,17,0,6,11,11,15,14,0,15,15,11,17,3
20242,A,골목상권,3110277,러스크서울병원,287,151,136,0,26,55,68,91,47,0,2,22,32,50,45,0,24,33,36,41,2
20242,A,골목상권,3110278,망우본동주민센터,312,168,144,0,22,55,76,106,53,0,1,19,36,60,52,0,21,36,40,46,1
20242,A,골목상권,3110279,신내역 2번,119,57,62,0,20,26,22,32,19,0,5,11,10,16,15,0,15,15,12,16,4
20242,A,골목상권,3110280,북정마을,535,407,128,0,71,133,158,153,20,0,39,92,125,137,14,0,32,41,33,16,6
20242,A,골목상권,3110281,길상사,1041,792,249,0,139,256,302,300,44,0,77,178,239,267,31,0,62,78,63,33,13
20242,A,골목상권,3110282,국민대학교앞,74,56,18,0,10,22,20,15,7,0,6,17,16,12,5,0,4,5,4,3,2
20242,A,골목상권,3110283,성북초등학교앞,795,607,188,0,105,195,231,230,34,0,58,137,183,205,24,0,47,58,48,25,10
20242,A,골목상권,3110284,정릉북한산국립공원입구,246,152,94,0,15,38,59,82,52,0,3,19,38,56,36,0,12,19,21,26,16
20242,A,골목상권,3110285,홍대부중,1347,1029,318,0,177,331,392,391,56,0,98,232,310,350,39,0,79,99,82,41,17
20242,A,골목상권,3110286,한성대입구역 5번,2996,2264,732,0,392,741,867,861,135,0,214,514,681,761,94,0,178,227,186,100,41
20242,A,골목상권,3110287,정릉3동주민센터,115,72,43,0,17,34,29,22,13,0,8,20,18,15,11,0,9,14,11,7,2
20242,A,골목상권,3110288,동구여중,1269,967,302,0,166,312,369,366,56,0,92,218,292,326,39,0,74,94,77,40,17
20242,A,골목상권,3110289,북한산보국문역 2번,43,41,2,0,3,16,13,9,2,0,3,14,13,9,2,0,0,2,0,0,0
20242,A,골목상권,3110290,북한산보국문역 1번,164,102,62,0,10,24,41,53,36,0,2,12,27,36,25,0,8,12,14,17,11
20242,A,골목상권,3110291,한성대입구역 3번,435,217,218,0,41,106,140,111,37,0,10,43,67,73,24,0,31,63,73,38,13
20242,A,골목상권,3110292,정릉역 2번,138,58,80,0,22,34,38,31,13,0,3,13,15,14,13,0,19,21,23,17,0
20242,A,골목상권,3110293,삼선중학교,5155,3924,1231,0,673,1264,1496,1496,226,0,371,886,1183,1328,156,0,302,378,313,168,70
20242,A,골목상권,3110294,서경대학교,432,236,196,0,38,84,116,129,65,0,4,37,62,81,52,0,34,47,54,48,13
20242,A,골목상권,3110295,정릉우체국,372,154,218,0,54,93,103,87,35,0,3,36,41,41,33,0,51,57,62,46,2
20242,A,골목상권,3110296,성신여대입구역 4번,630,360,270,1,91,146,182,130,80,0,37,80,114,86,43,1,54,66,68,44,37
20242,A,골목상권,3110297,경동고등학교,856,510,346,0,85,227,228,204,112,0,30,135,132,139,74,0,55,92,96,65,38
20242,A,골목상권,3110298,솔숲어린이공원,95,54,41,0,8,18,22,29,18,0,0,7,11,18,18,0,8,11,11,11,0
20242,A,골목상권,3110299,정릉역 1번,503,269,234,0,71,108,114,130,80,0,9,43,58,81,78,0,62,65,56,49,2
20242,A,골목상권,3110300,삼선동주민센터,956,500,456,0,113,218,249,242,134,0,37,100,128,147,88,0,76,118,121,95,46
20242,A,골목상권,3110301,성신여대입구역 7번,436,221,215,0,58,91,101,109,77,0,19,41,52,61,48,0,39,50,49,48,29
20242,A,골목상권,3110302,보문역 8번,754,566,188,0,72,224,158,158,142,0,39,177,126,126,98,0,33,47,32,32,44
20242,A,골목상권,3110303,성신여대입구역 1번,384,187,197,0,46,83,91,98,66,0,12,35,43,54,43,0,34,48,48,44,23
20242,A,골목상권,3110304,보문역 4번,560,415,145,0,54,166,127,118,95,0,29,127,96,94,69,0,25,39,31,24,26
20242,A,골목상권,3110305,보문역 5번,937,698,239,0,92,276,208,198,163,0,50,213,159,158,118,0,42,63,49,40,45
20242,A,골목상권,3110306,미아초등학교,911,443,468,60,318,224,155,99,55,24,137,118,77,45,42,36,181,106,78,54,13
20242,A,골목상권,3110307,길음역 7번,2145,1048,1097,140,751,529,359,234,132,57,324,279,177,108,103,83,427,250,182,126,29
20242,A,골목상권,3110308,길음역 8번,57,20,37,0,2,11,17,21,6,0,0,3,8,6,3,0,2,8,9,15,3
20242,A,골목상권,3110309,대광초등학교,261,176,85,0,32,70,77,58,24,0,16,44,50,43,23,0,16,26,27,15,1
20242,A,골목상권,3110310,길음역 10번,44,19,25,0,8,12,11,10,3,0,2,5,6,4,2,0,6,7,5,6,1
20242,A,골목상권,3110311,종암아이파크2차후문,93,49,44,0,8,24,33,27,1,0,3,9,15,21,1,0,5,15,18,6,0
20242,A,골목상권,3110312,안암역 2번,1127,750,377,0,149,300,322,250,106,0,76,189,209,182,94,0,73,111,113,68,12
20242,A,골목상권,3110313,안암역 3번,470,313,157,0,58,129,140,105,38,0,29,81,90,76,37,0,29,48,50,29,1
20242,A,골목상권,3110314,종암경찰서,3164,1663,1501,0,277,800,1116,901,70,0,120,295,510,696,42,0,157,505,606,205,28
20242,A,골목상권,3110315,종암아이파크2차,2951,1560,1391,0,257,749,1039,841,65,0,111,279,475,655,40,0,146,470,564,186,25
20242,A,골목상권,3110316,숭곡초등학교,837,524,313,0,29,101,172,187,348,0,3,50,89,123,259,0,26,51,83,64,89
20242,A,골목상권,3110317,종암중학교,1251,659,592,0,107,318,441,358,27,0,47,117,202,277,16,0,60,201,239,81,11
20242,A,골목상권,3110318,KT월곡지사,341,211,130,0,17,40,72,73,139,0,2,20,37,50,102,0,15,20,35,23,37
20242,A,골목상권,3110319,종암동주민센터,2537,1340,1197,0,223,646,894,719,55,0,99,240,409,558,34,0,124,406,485,161,21
20242,A,골목상권,3110320,KB국민은행 종암동지점,2171,1143,1028,0,190,549,766,618,48,0,82,203,350,479,29,0,108,346,416,139,19
20242,A,골목상권,3110321,동덕여대,20,12,8,0,1,2,4,5,8,0,0,1,2,3,6,0,1,1,2,2,2
20242,A,골목상권,3110322,장위1동주민센터,148,80,68,0,26,32,38,31,21,0,12,19,19,15,15,0,14,13,19,16,6
20242,A,골목상권,3110323,상월곡역 1번,643,407,236,0,104,184,157,114,84,0,52,119,94,68,74,0,52,65,63,46,10
20242,A,골목상권,3110324,월곡역 4번,194,122,72,0,32,54,47,35,26,0,16,35,28,20,23,0,16,19,19,15,3
20242,A,골목상권,3110325,장곡초등학교,148,81,67,0,26,33,40,31,18,0,13,20,20,14,14,0,13,13,20,17,4
20242,A,골목상권,3110326,장위동성당,41,24,17,0,6,9,11,9,6,0,3,5,6,5,5,0,3,4,5,4,1
20242,A,골목상권,3110327,상월곡역 2번,289,192,97,0,28,74,76,60,51,0,14,46,44,40,48,0,14,28,32,20,3
20242,A,골목상권,3110328,상월곡역 3번,967,623,344,0,134,252,228,174,179,0,67,164,137,107,148,0,67,88,91,67,31
20242,A,골목상권,3110329,우리은행체육관,214,138,76,0,19,38,52,59,46,0,4,20,30,39,45,0,15,18,22,20,1
20242,A,골목상권,3110330,돌곶이역 1번,264,176,88,0,4,44,75,72,69,0,0,22,44,48,62,0,4,22,31,24,7
20242,A,골목상권,3110331,돌곶이역 8번,438,318,120,0,15,57,81,94,191,0,7,41,49,63,158,0,8,16,32,31,33
20242,A,골목상권,3110332,돌곶이역 3번,192,121,71,0,14,33,51,50,44,0,3,17,29,31,41,0,11,16,22,19,3
20242,A,골목상권,3110333,돌곶이역 5번,193,143,50,0,2,23,35,42,91,0,1,16,21,28,77,0,1,7,14,14,14
20242,A,골목상권,3110334,석관중앙교회,107,86,21,0,0,10,18,22,57,0,0,9,11,16,50,0,0,1,7,6,7
20242,A,골목상권,3110335,석계역 7번,304,225,79,0,7,40,55,65,137,0,3,28,34,45,115,0,4,12,21,20,22
20242,A,골목상권,3110336,석관고등학교,178,131,47,0,6,20,34,39,79,0,3,15,21,27,65,0,3,5,13,12,14
20242,A,골목상권,3110337,아카데미하우스,409,257,152,0,10,29,63,106,201,0,0,14,36,72,135,0,10,15,27,34,66
20242,A,골목상권,3110338,인수초등학교,84,50,34,0,7,16,23,25,13,0,2,9,14,15,10,0,5,7,9,10,3
20242,A,골목상권,3110339,국립4.19민주묘지,41,25,16,0,1,3,6,10,21,0,0,1,3,7,14,0,1,2,3,3,7
20242,A,골목상권,3110340,인수중학교,147,89,58,0,10,25,40,45,27,0,1,14,25,28,21,0,9,11,15,17,6
20242,A,골목상권,3110341,북한산우이역 2번,295,186,109,0,7,18,40,75,155,0,0,7,22,53,104,0,7,11,18,22,51
20242,A,골목상권,3110342,국립재활원,83,53,30,0,4,15,23,29,12,0,1,9,14,19,10,0,3,6,9,10,2
20242,A,골목상권,3110343,무너미어린이공원,184,115,69,0,10,31,43,56,44,0,2,18,27,35,33,0,8,13,16,21,11
20242,A,골목상권,3110344,화계중학교,46,21,25,0,2,7,13,16,8,0,0,2,5,7,7,0,2,5,8,9,1
20242,A,골목상권,3110345,솔밭공원역 2번,303,192,111,0,6,16,43,80,158,0,0,7,25,56,104,0,6,9,18,24,54
20242,A,골목상권,3110346,4.19민주묘지역 2번,164,107,57,0,4,8,21,42,89,0,0,4,12,30,61,0,4,4,9,12,28
20242,A,골목상권,3110347,구세군강북종합사회복지관,5,3,2,0,0,1,2,1,1,0,0,0,1,1,1,0,0,1,1,0,0
20242,A,골목상권,3110348,강북문화예술회관,319,195,124,0,26,61,89,100,43,0,5,34,59,61,36,0,21,27,30,39,7
20242,A,골목상권,3110349,화계역 2번,11,6,5,0,0,1,4,4,2,0,0,0,2,2,2,0,0,1,2,2,0
20242,A,골목상권,3110350,가오리역 2번,143,87,56,0,13,26,41,43,20,0,3,15,26,27,16,0,10,11,15,16,4
20242,A,골목상권,3110351,수유북부시장옆,346,210,136,0,24,70,92,107,53,0,5,41,57,63,44,0,19,29,35,44,9
20242,A,골목상권,3110352,수유1동주민센터,233,108,125,0,12,38,69,78,36,0,0,12,28,35,33,0,12,26,41,43,3
20242,A,골목상권,3110353,수유동우체국,267,148,119,0,3,8,54,86,116,0,0,5,36,61,46,0,3,3,18,25,70
20242,A,골목상권,3110354,삼각산119안전센터,126,68,58,0,22,35,43,18,8,0,8,20,23,9,8,0,14,15,20,9,0
20242,A,골목상권,3110355,삼양사거리역 2번,33,24,9,0,2,4,7,10,10,0,0,2,4,8,10,0,2,2,3,2,0
20242,A,골목상권,3110356,덕수교,216,115,101,0,5,9,46,68,88,0,0,3,28,46,38,0,5,6,18,22,50
20242,A,골목상권,3110357,가오리역 1번,233,127,106,0,2,5,49,75,102,0,0,3,32,51,41,0,2,2,17,24,61
20242,A,골목상권,3110358,인수동 우편취급국,474,283,191,0,35,97,129,144,69,0,9,54,79,85,56,0,26,43,50,59,13
20242,A,골목상권,3110359,수유시장옆,154,81,73,0,8,40,43,45,18,0,2,16,19,29,15,0,6,24,24,16,3
20242,A,골목상권,3110360,수유초등학교,304,134,170,0,16,47,90,104,47,0,0,14,35,45,40,0,16,33,55,59,7
20242,A,골목상권,3110361,삼양사거리역 1번,35,21,14,0,0,4,6,10,15,0,0,1,3,7,10,0,0,3,3,3,5
20242,A,골목상권,3110362,우이천 계성교,331,183,148,0,2,8,67,110,144,0,0,5,43,77,58,0,2,3,24,33,86
20242,A,골목상권,3110363,송천동주민센터,23,13,10,0,0,2,5,8,8,0,0,1,2,5,5,0,0,1,3,3,3
20242,A,골목상권,3110364,미아역 8번,631,369,262,0,42,112,195,193,89,0,12,55,112,121,69,0,30,57,83,72,20
20242,A,골목상권,3110365,미아역 5번,236,145,91,0,11,43,75,74,33,0,2,21,46,48,28,0,9,22,29,26,5
20242,A,골목상권,3110366,광산사거리,102,52,50,0,7,26,30,30,9,0,1,10,14,20,7,0,6,16,16,10,2
20242,A,골목상권,3110367,강북구청,374,192,182,0,32,92,102,104,44,0,7,38,48,66,33,0,25,54,54,38,11
20242,A,골목상권,3110368,송천초등학교,20,14,6,0,0,0,1,8,11,0,0,0,0,7,7,0,0,0,1,1,4
20242,A,골목상권,3110369,성신여대운정그린캠퍼스,1611,908,703,0,127,272,495,489,228,0,41,134,269,299,165,0,86,138,226,190,63
20242,A,골목상권,3110370,도봉세무서,199,108,91,0,2,21,36,61,79,0,0,7,15,40,46,0,2,14,21,21,33
20242,A,골목상권,3110371,삼양입구사거리,38,21,17,0,0,0,4,13,21,0,0,0,0,10,11,0,0,0,4,3,10
20242,A,골목상권,3110372,강북중학교,162,85,77,0,8,44,46,47,17,0,2,19,21,28,15,0,6,25,25,19,2
20242,A,골목상권,3110373,수유역 2번,206,133,73,0,21,41,39,60,45,0,8,28,26,43,28,0,13,13,13,17,17
20242,A,골목상권,3110374,송중초등학교,219,107,112,0,9,31,73,65,41,0,1,10,31,31,34,0,8,21,42,34,7
20242,A,골목상권,3110375,서울북부고용노동지청,796,377,419,0,98,96,229,254,119,0,37,52,98,122,68,0,61,44,131,132,51
20242,A,골목상권,3110376,수송초등학교,203,131,72,0,16,42,39,61,45,0,6,28,25,44,28,0,10,14,14,17,17
20242,A,골목상권,3110377,미아사거리역 3번,44,23,21,0,1,5,15,15,8,0,0,1,7,7,8,0,1,4,8,8,0
20242,A,골목상권,3110378,송중동주민센터,67,32,35,0,4,10,22,19,12,0,0,4,9,9,10,0,4,6,13,10,2
20242,A,골목상권,3110379,KT&G 북부지사,26,19,7,0,2,5,5,8,6,0,1,4,4,6,4,0,1,1,1,2,2
20242,A,골목상권,3110380,강북문화정보도서관,69,33,36,0,7,7,20,24,11,0,2,4,8,12,7,0,5,3,12,12,4
20242,A,골목상권,3110381,번동주공2단지,511,281,230,0,52,83,125,148,103,0,19,40,70,82,70,0,33,43,55,66,33
20242,A,골목상권,3110382,솔밭공원역 1번,126,61,65,0,10,20,37,39,20,0,0,6,15,20,20,0,10,14,22,19,0
20242,A,골목상권,3110383,덕성여대시반거리,159,76,83,0,13,26,46,49,25,0,0,8,18,25,25,0,13,18,28,24,0
20242,A,골목상권,3110384,문이교,19,9,10,0,2,3,5,6,3,0,0,1,2,3,3,0,2,2,3,3,0
20242,A,골목상권,3110385,효문고등학교,32,16,16,0,2,3,9,12,6,0,0,1,3,6,6,0,2,2,6,6,0
20242,A,골목상권,3110386,연산군묘,144,87,57,0,25,33,34,33,19,0,16,19,22,16,14,0,9,14,12,17,5
20242,A,골목상권,3110387,쌍문초등학교,234,114,120,0,19,35,68,73,39,0,0,13,23,39,39,0,19,22,45,34,0
20242,A,골목상권,3110388,도봉우체국,89,39,50,0,19,21,25,22,2,0,2,8,13,14,2,0,17,13,12,8,0
20242,A,골목상권,3110389,한일병원,151,68,83,0,32,36,38,37,8,0,5,17,19,20,7,0,27,19,19,17,1
20242,A,골목상권,3110390,방학초등학교,512,292,220,0,74,116,121,117,84,0,46,65,72,57,52,0,28,51,49,60,32
20242,A,골목상권,3110391,샘말어린이공원,74,36,38,0,0,18,18,18,20,0,0,9,9,9,9,0,0,9,9,9,11
20242,A,골목상권,3110392,발바닥공원,175,92,83,0,16,40,52,47,20,0,3,19,26,26,18,0,13,21,26,21,2
20242,A,골목상권,3110393,국민은행방학지점,361,217,144,0,63,82,85,83,48,0,40,47,54,40,36,0,23,35,31,43,12
20242,A,골목상권,3110394,방학중학교,136,64,72,0,1,30,36,30,39,0,0,15,17,15,17,0,1,15,19,15,22
20242,A,골목상권,3110395,신한은행 방학동지점,405,232,173,0,40,89,99,121,56,0,22,50,50,69,41,0,18,39,49,52,15
20242,A,골목상권,3110396,쌍문역1번(쌍리단길),388,174,214,0,51,79,107,110,41,0,17,31,47,51,28,0,34,48,60,59,13
20242,A,골목상권,3110397,도봉산입구,414,295,119,0,1,29,105,167,112,0,0,15,61,121,98,0,1,14,44,46,14
20242,A,골목상권,3110398,쌍문2동우체국,450,260,190,0,41,77,110,139,83,0,5,36,57,90,72,0,36,41,53,49,11
20242,A,골목상권,3110399,창2동주민센터,544,325,219,0,59,128,155,132,70,0,26,82,87,68,62,0,33,46,68,64,8
20242,A,골목상권,3110400,도봉구보건소,253,146,107,0,24,43,65,77,44,0,4,20,34,48,40,0,20,23,31,29,4
20242,A,골목상권,3110401,도봉구민회관,590,375,215,0,68,133,145,125,119,0,35,92,98,69,81,0,33,41,47,56,38
20242,A,골목상권,3110402,도봉구 정병원,635,373,262,0,63,132,157,195,88,0,28,75,82,116,72,0,35,57,75,79,16
20242,A,골목상권,3110403,방학1동주민센터,2078,1211,867,0,203,464,512,624,275,0,111,268,268,354,210,0,92,196,244,270,65
20242,A,골목상권,3110404,신창초등학교,421,234,187,0,6,81,184,134,16,0,0,51,113,54,16,0,6,30,71,80,0
20242,A,골목상권,3110405,방학역 1번,1662,979,683,0,155,352,410,511,234,0,85,203,214,297,180,0,70,149,196,214,54
20242,A,골목상권,3110406,도봉산역 1번,319,230,89,0,1,26,79,126,87,0,0,15,47,93,75,0,1,11,32,33,12
20242,A,골목상권,3110407,도봉역 2번,418,299,119,0,0,30,108,166,114,0,0,17,63,120,99,0,0,13,45,46,15
20242,A,골목상권,3110408,가인초등학교,768,487,281,0,88,170,190,165,155,0,45,118,128,91,105,0,43,52,62,74,50
20242,A,골목상권,3110409,창동역 2번,901,570,331,0,106,200,220,193,182,0,54,138,149,106,123,0,52,62,71,87,59
20242,A,골목상권,3110410,방학역 2번,1509,890,619,0,136,314,360,445,254,0,72,179,189,257,193,0,64,135,171,188,61
20242,A,골목상권,3110411,도봉역 3번,223,145,78,0,8,24,37,57,97,0,2,12,21,38,72,0,6,12,16,19,25
20242,A,골목상권,3110412,창동중학교,191,111,80,0,19,41,46,59,26,0,10,23,24,34,20,0,9,18,22,25,6
20242,A,골목상권,3110413,누원고등학교,139,88,51,0,6,16,24,36,57,0,2,8,13,23,42,0,4,8,11,13,15
20242,A,골목상권,3110414,장석교회,148,81,67,0,24,35,38,29,22,0,11,21,19,15,15,0,13,14,19,14,7
20242,A,골목상권,3110415,수락산역 4번,1855,1174,681,0,218,386,443,471,337,0,129,257,289,292,207,0,89,129,154,179,130
20242,A,골목상권,3110416,노원초등학교,615,388,227,0,72,129,147,154,113,0,43,86,94,95,70,0,29,43,53,59,43
20242,A,골목상권,3110417,월계역 3번,21,10,11,0,2,5,6,6,2,0,0,2,3,3,2,0,2,3,3,3,0
20242,A,골목상권,3110418,광운대학교 남단,159,89,70,0,23,36,40,35,25,0,8,20,21,19,21,0,15,16,19,16,4
20242,A,골목상권,3110419,수락산디자인거리,959,607,352,0,108,199,230,248,174,0,64,135,149,151,108,0,44,64,81,97,66
20242,A,골목상권,3110420,광운대역 1번,198,107,91,0,33,47,50,39,29,0,15,28,25,20,19,0,18,19,25,19,10
20242,A,골목상권,3110421,석계역 1번,359,194,165,0,57,86,94,70,52,0,26,51,47,35,35,0,31,35,47,35,17
20242,A,골목상권,3110422,노원역 9번,57,28,29,0,6,9,15,15,12,0,1,6,7,7,7,0,5,3,8,8,5
20242,A,골목상권,3110423,석계역 2번,161,86,75,0,22,36,44,36,23,0,10,21,22,18,15,0,12,15,22,18,8
20242,A,골목상권,3110424,상계초등학교,134,63,71,0,14,21,36,37,26,0,3,13,16,16,15,0,11,8,20,21,11
20242,A,골목상권,3110425,계상초등학교,231,117,114,0,4,15,47,67,98,0,1,10,19,30,57,0,3,5,28,37,41
20242,A,골목상권,3110426,상계2동주민센터,206,99,107,0,21,38,53,53,41,0,3,22,25,25,24,0,18,16,28,28,17
20242,A,골목상권,3110427,노원 을지대학교병원,112,71,41,0,12,24,28,32,16,0,6,14,17,22,12,0,6,10,11,10,4
20242,A,골목상권,3110428,상계5동주민센터,357,180,177,0,1,11,60,105,180,0,0,9,23,45,103,0,1,2,37,60,77
20242,A,골목상권,3110429,공릉동 국수거리,5671,3063,2608,0,606,867,1234,1567,1397,0,275,471,613,814,890,0,331,396,621,753,507
20242,A,골목상권,3110430,중계초등학교,202,111,91,0,19,42,48,54,39,0,7,20,25,29,30,0,12,22,23,25,9
20242,A,골목상권,3110431,상계역,574,314,260,0,56,117,135,152,114,0,20,56,71,81,86,0,36,61,64,71,28
20242,A,골목상권,3110432,대진고등학교,327,205,122,0,38,69,81,95,44,0,17,40,47,66,35,0,21,29,34,29,9
20242,A,골목상권,3110433,공릉역 2번,1608,870,738,0,171,243,353,444,397,0,77,132,175,232,254,0,94,111,178,212,143
20242,A,골목상권,3110434,태릉입구역 4번,681,369,312,0,71,105,148,189,168,0,33,56,74,99,107,0,38,49,74,90,61
20242,A,골목상권,3110435,서울과학기술대,206,96,110,0,34,52,50,48,22,0,10,24,24,24,14,0,24,28,26,24,8
20242,A,골목상권,3110436,상계제일중학교,247,140,107,0,21,51,58,68,49,0,8,25,31,37,39,0,13,26,27,31,10
20242,A,골목상권,3110437,당고개역 2번,210,155,55,0,4,10,57,90,49,0,0,5,36,69,45,0,4,5,21,21,4
20242,A,골목상권,3110438,경춘선숲길 우측,1346,622,724,0,224,339,329,316,138,0,68,154,154,156,90,0,156,185,175,160,48
20242,A,골목상권,3110439,당고개역 5번,113,88,25,0,1,2,33,51,26,0,0,1,22,40,25,0,1,1,11,11,1
20242,A,골목상권,3110440,상계3동4동주민센터,96,73,23,0,2,6,25,38,25,0,0,3,17,30,23,0,2,3,8,8,2
20242,A,골목상권,3110441,영신여고,120,57,63,0,11,24,31,38,16,0,5,12,14,16,10,0,6,12,17,22,6
20242,A,골목상권,3110442,화랑대철도공원,510,235,275,0,84,128,125,119,54,0,25,58,58,59,35,0,59,70,67,60,19
20242,A,골목상권,3110443,수색역 1번,32,21,11,0,4,9,8,6,5,0,2,6,5,4,4,0,2,3,3,2,1
20242,A,골목상권,3110444,수색성당,311,199,112,0,40,83,84,72,32,0,18,54,55,47,25,0,22,29,29,25,7
20242,A,골목상권,3110445,덕산중학교,40,23,17,0,1,8,10,13,8,0,0,4,6,6,7,0,1,4,4,7,1
20242,A,골목상권,3110446,내를건너서숲으로도서관,231,168,63,0,21,47,61,60,42,0,19,32,35,41,41,0,2,15,26,19,1
20242,A,골목상권,3110447,구산초등학교,45,23,22,0,3,6,11,19,6,0,1,2,4,12,4,0,2,4,7,7,2
20242,A,골목상권,3110448,상신초등학교입구,81,60,21,0,7,16,23,21,14,0,6,12,13,15,14,0,1,4,10,6,0
20242,A,골목상권,3110449,증산역 3번,878,572,306,0,113,236,239,204,86,0,51,156,157,138,70,0,62,80,82,66,16
20242,A,골목상권,3110450,시립서북병원,692,344,348,0,100,138,175,180,99,0,34,62,84,95,69,0,66,76,91,85,30
20242,A,골목상권,3110451,증산역 4번,487,325,162,0,61,133,137,112,44,0,28,90,91,77,39,0,33,43,46,35,5
20242,A,골목상권,3110452,새절역 3번,531,384,147,0,56,112,142,133,88,0,43,79,85,91,86,0,13,33,57,42,2
20242,A,골목상권,3110453,신사1동주민센터,701,375,326,0,63,150,165,180,143,0,22,73,92,86,102,0,41,77,73,94,41
20242,A,골목상권,3110454,선정중학교,176,91,85,0,14,36,46,50,30,0,6,20,22,22,21,0,8,16,24,28,9
20242,A,골목상권,3110455,역촌노인복지관,420,204,216,0,64,84,111,99,62,0,21,38,54,47,44,0,43,46,57,52,18
20242,A,골목상권,3110456,구산보건지소,543,280,263,0,72,103,130,157,81,0,28,47,60,92,53,0,44,56,70,65,28
20242,A,골목상권,3110457,예일여고,373,202,171,0,42,69,82,124,56,0,17,31,39,78,37,0,25,38,43,46,19
20242,A,골목상권,3110458,선일여고,316,158,158,0,31,67,86,83,49,0,11,35,41,39,32,0,20,32,45,44,17
20242,A,골목상권,3110459,응암역 2번,475,229,246,0,71,97,125,112,70,0,24,44,60,53,48,0,47,53,65,59,22
20242,A,골목상권,3110460,구산역 4번,742,385,357,0,68,147,201,202,124,0,31,84,97,88,85,0,37,63,104,114,39
20242,A,골목상권,3110461,새절역 2번,58,28,30,0,4,14,18,15,7,0,1,7,9,6,5,0,3,7,9,9,2
20242,A,골목상권,3110462,갈현건영아파트,236,119,117,0,37,56,58,54,31,0,13,29,29,27,21,0,24,27,29,27,10
20242,A,골목상권,3110463,응암3동주민센터,113,53,60,0,8,26,38,30,11,0,1,13,18,12,9,0,7,13,20,18,2
20242,A,골목상권,3110464,연신내역 5번,447,228,219,0,41,86,123,123,74,0,19,49,56,53,51,0,22,37,67,70,23
20242,A,골목상권,3110465,연신내역 7번,279,141,138,0,41,65,71,68,34,0,14,34,35,33,25,0,27,31,36,35,9
20242,A,골목상권,3110466,구산역 2번,208,98,110,0,35,40,56,51,26,0,13,16,27,24,18,0,22,24,29,27,8
20242,A,골목상권,3110467,은평요양병원,265,132,133,0,47,62,62,62,32,0,16,31,31,31,23,0,31,31,31,31,9
20242,A,골목상권,3110468,응암역 3번,1036,497,539,0,169,210,270,240,147,0,58,94,129,114,102,0,111,116,141,126,45
20242,A,골목상권,3110469,응암정보도서관,425,207,218,0,22,110,132,112,49,0,1,55,59,53,39,0,21,55,73,59,10
20242,A,골목상권,3110470,신진과학기술고등학교,102,56,46,0,7,17,27,26,25,0,2,8,14,13,19,0,5,9,13,13,6
20242,A,골목상권,3110471,응암동우체국,369,236,133,0,36,47,99,110,77,0,19,26,56,64,71,0,17,21,43,46,6
20242,A,골목상권,3110472,연신내역 4번,204,97,107,0,16,45,61,51,31,0,1,22,30,21,23,0,15,23,31,30,8
20242,A,골목상권,3110473,구산역 1번,219,110,109,0,19,50,62,55,33,0,3,25,30,25,27,0,16,25,32,30,6
20242,A,골목상권,3110474,세명컴퓨터고등학교,1577,753,824,0,61,225,271,345,675,0,13,114,111,141,374,0,48,111,160,204,301
20242,A,골목상권,3110475,백련산해모로아파트,155,94,61,0,16,24,38,39,38,0,8,12,22,22,30,0,8,12,16,17,8
20242,A,골목상권,3110476,역촌역 2번,35,16,19,0,2,6,13,8,6,0,0,3,5,3,5,0,2,3,8,5,1
20242,A,골목상권,3110477,은평세무서,556,300,256,0,60,111,144,141,100,0,26,53,70,79,72,0,34,58,74,62,28
20242,A,골목상권,3110478,응암1동주민센터,220,122,98,0,21,36,51,50,62,0,8,18,26,25,45,0,13,18,25,25,17
20242,A,골목상권,3110479,연신내역 2번,2574,1233,1341,0,104,368,438,569,1095,0,25,188,180,234,606,0,79,180,258,335,489
20242,A,골목상권,3110480,연신내역 3번,252,107,145,0,36,59,70,58,29,0,13,25,29,25,15,0,23,34,41,33,14
20242,A,골목상권,3110481,불광역 7번,291,147,144,0,29,68,80,71,43,0,8,34,38,33,34,0,21,34,42,38,9
20242,A,골목상권,3110482,연신초등학교,652,311,341,0,26,93,112,144,277,0,6,48,45,59,153,0,20,45,67,85,124
20242,A,골목상권,3110483,연천초등학교,70,28,42,0,8,18,21,17,6,0,2,7,9,7,3,0,6,11,12,10,3
20242,A,골목상권,3110484,역촌역 3번,220,115,105,0,19,55,64,61,21,0,9,26,30,36,14,0,10,29,34,25,7
20242,A,골목상권,3110485,연신내우체국,1174,560,614,0,48,167,200,261,498,0,11,84,83,107,275,0,37,83,117,154,223
20242,A,골목상권,3110486,은평구청,1007,538,469,0,113,234,276,271,113,0,54,113,132,163,76,0,59,121,144,108,37
20242,A,골목상권,3110487,불광역 8번,379,163,216,0,51,92,104,88,44,0,18,40,45,38,22,0,33,52,59,50,22
20242,A,골목상권,3110488,우리은행응암동지점,227,127,100,0,21,41,53,51,61,0,9,20,28,26,44,0,12,21,25,25,17
20242,A,골목상권,3110489,불광역 3번,50,28,22,0,6,10,15,15,4,0,3,5,6,10,4,0,3,5,9,5,0
20242,A,골목상권,3110490,녹번동근린공원,221,118,103,0,23,53,63,59,23,0,11,25,30,36,16,0,12,28,33,23,7
20242,A,골목상권,3110491,불광중학교,383,182,201,0,14,57,67,85,160,0,2,30,27,35,88,0,12,27,40,50,72
20242,A,골목상권,3110492,하나고등학교,79,41,38,0,7,19,22,19,12,0,3,12,12,8,6,0,4,7,10,11,6
20242,A,골목상권,3110493,북가좌초등학교,136,116,20,0,0,3,13,30,90,0,0,1,6,22,87,0,0,2,7,8,3
20242,A,골목상권,3110494,증산3교남측,29,27,2,0,0,0,2,7,20,0,0,0,1,6,20,0,0,0,1,1,0
20242,A,골목상권,3110495,북가좌2동주민센터,557,283,274,0,74,110,129,147,97,0,13,56,75,78,61,0,61,54,54,69,36
20242,A,골목상권,3110496,모래내우체국,516,261,255,0,69,103,119,135,90,0,12,52,68,72,57,0,57,51,51,63,33
20242,A,골목상권,3110497,가좌역 3번,452,305,147,0,22,43,69,108,210,0,14,27,40,63,161,0,8,16,29,45,49
20242,A,골목상권,3110498,증산역 1번,152,75,77,0,14,35,43,38,22,0,2,18,22,18,15,0,12,17,21,20,7
20242,A,골목상권,3110499,연가초등학교,96,49,47,0,10,16,24,29,17,0,0,8,15,16,10,0,10,8,9,13,7
20242,A,골목상권,3110500,남가좌동현대아파트,60,32,28,0,5,12,16,17,10,0,1,6,8,9,8,0,4,6,8,8,2
20242,A,골목상권,3110501,연희어린이공원,1039,691,348,0,165,257,223,293,101,0,92,174,140,212,73,0,73,83,83,81,28
20242,A,골목상권,3110502,남가좌파출소,397,204,193,0,33,80,119,122,43,0,5,38,56,68,37,0,28,42,63,54,6
20242,A,골목상권,3110503,명지대학교교회,1400,892,508,0,213,377,353,314,143,0,118,241,220,205,108,0,95,136,133,109,35
20242,A,골목상권,3110504,명지전문대,42,27,15,0,7,11,11,9,4,0,4,7,7,6,3,0,3,4,4,3,1
20242,A,골목상권,3110505,홍남교남측,214,141,73,0,33,54,46,60,21,0,18,36,29,43,15,0,15,18,17,17,6
20242,A,골목상권,3110506,연희임광아파트,591,390,201,0,92,149,128,165,57,0,52,99,80,119,40,0,40,50,48,46,17
20242,A,골목상권,3110507,명지대학교,645,376,269,0,78,161,177,165,64,0,32,92,98,98,56,0,46,69,79,67,8
20242,A,골목상권,3110508,서연중학교,1241,834,407,0,199,311,266,348,117,0,112,214,170,253,85,0,87,97,96,95,32
20242,A,골목상권,3110509,연희대우아파트앞,538,334,204,0,86,139,123,140,50,0,43,82,72,99,38,0,43,57,51,41,12
20242,A,골목상권,3110510,홍연시장,933,621,312,0,147,233,201,262,90,0,82,158,127,189,65,0,65,75,74,73,25
20242,A,골목상권,3110511,연희초등학교,1781,1184,597,0,279,447,386,502,167,0,158,300,243,362,121,0,121,147,143,140,46
20242,A,골목상권,3110512,연희지하차도,1817,1205,612,0,287,452,392,510,176,0,160,305,247,366,127,0,127,147,145,144,49
20242,A,골목상권,3110513,연희파출소,2183,1444,739,0,346,545,471,612,209,0,193,365,296,440,150,0,153,180,175,172,59
20242,A,골목상권,3110514,서대문우체국,31,17,14,0,3,10,8,8,2,0,1,4,4,6,2,0,2,6,4,2,0
20242,A,골목상권,3110515,홍은중학교,177,114,63,0,28,46,44,40,19,0,17,29,27,26,15,0,11,17,17,14,4
20242,A,골목상권,3110516,정원여중,102,66,36,0,16,27,25,23,11,0,10,17,16,14,9,0,6,10,9,9,2
20242,A,골목상권,3110517,서대문소방서,1734,1149,585,0,275,432,375,485,167,0,153,290,235,350,121,0,122,142,140,135,46
20242,A,골목상권,3110518,서대문구청,2989,1980,1009,0,473,747,644,837,288,0,264,502,404,603,207,0,209,245,240,234,81
20242,A,골목상권,3110519,서대문구보건소별관,1329,676,653,0,145,202,335,458,189,0,39,90,174,253,120,0,106,112,161,205,69
20242,A,골목상권,3110520,경의중앙 신촌역,35,19,16,0,5,10,9,9,2,0,2,3,5,7,2,0,3,7,4,2,0
20242,A,골목상권,3110521,홍제역 4번,298,152,146,0,31,46,75,101,45,0,8,20,39,56,29,0,23,26,36,45,16
20242,A,골목상권,3110522,홍제역 3번,822,419,403,0,88,124,211,284,115,0,24,56,109,157,73,0,64,68,102,127,42
20242,A,골목상권,3110523,홍제성원아파트,37,19,18,0,4,6,10,13,4,0,1,3,5,7,3,0,3,3,5,6,1
20242,A,골목상권,3110524,연희세브란스병원,55,29,26,0,10,16,14,11,4,0,4,7,7,7,4,0,6,9,7,4,0
20242,A,골목상권,3110525,홍은종합사회복지관,641,126,515,0,19,47,176,307,92,0,7,15,33,37,34,0,12,32,143,270,58
20242,A,골목상권,3110526,봉원사,11,5,6,0,2,4,2,2,1,0,1,1,1,1,1,0,1,3,1,1,0
20242,A,골목상권,3110527,홍제역 2번,132,65,67,0,15,22,32,35,28,0,4,13,15,17,16,0,11,9,17,18,12
20242,A,골목상권,3110528,서울여자간호대학교,137,68,69,0,7,13,28,39,50,0,0,5,12,21,30,0,7,8,16,18,20
20242,A,골목상권,3110529,홍제3동주민센터,169,81,88,0,7,14,33,50,65,0,0,4,12,27,38,0,7,10,21,23,27
20242,A,골목상권,3110530,아현역 1번,141,99,42,0,16,33,39,40,13,0,6,23,29,30,11,0,10,10,10,10,2
20242,A,골목상권,3110531,홍지문,349,81,268,0,15,32,97,157,48,0,5,13,22,22,19,0,10,19,75,135,29
20242,A,골목상권,3110532,아현역 2번,401,294,107,0,41,93,110,115,42,0,17,70,86,88,33,0,24,23,24,27,9
20242,A,골목상권,3110533,충정로역 7번,77,57,20,0,7,20,22,20,8,0,3,15,17,16,6,0,4,5,5,4,2
20242,A,골목상권,3110534,경기대학교,137,86,51,0,16,35,37,34,15,0,7,21,24,22,12,0,9,14,13,12,3
20242,A,골목상권,3110535,영천시장입구,139,76,63,0,9,21,37,53,19,0,2,9,22,31,12,0,7,12,15,22,7
20242,A,골목상권,3110536,돈의문센트레빌아파트입구,180,103,77,0,19,37,47,54,23,0,7,20,28,33,15,0,12,17,19,21,8
20242,A,골목상권,3110537,충정로현대아파트,1091,680,411,0,135,280,290,259,127,0,63,170,185,171,91,0,72,110,105,88,36
20242,A,골목상권,3110538,충정로역 3번,319,198,121,0,40,82,84,76,37,0,19,50,53,50,26,0,21,32,31,26,11
20242,A,골목상권,3110539,미근동,1534,956,578,0,189,394,407,366,178,0,89,239,259,241,128,0,100,155,148,125,50
20242,A,골목상권,3110540,망원나들목체육관,80,47,33,0,22,24,18,12,4,0,13,13,9,8,4,0,9,11,9,4,0
20242,A,골목상권,3110541,동교초등학교,801,482,319,0,103,147,171,244,136,0,58,110,122,114,78,0,45,37,49,130,58
20242,A,골목상권,3110542,마포구청역 7번,1398,841,557,0,175,259,302,425,237,0,98,193,213,198,139,0,77,66,89,227,98
20242,A,골목상권,3110543,중암중학교,5,2,3,0,0,1,2,2,0,0,0,0,1,1,0,0,0,1,1,1,0
20242,A,골목상권,3110544,망리단길,1410,794,616,0,398,400,296,209,107,0,227,214,144,125,84,0,171,186,152,84,23
20242,A,골목상권,3110545,마포구청역 1번,998,448,550,0,80,192,271,320,135,0,25,95,123,125,80,0,55,97,148,195,55
20242,A,골목상권,3110546,양화대교북단,355,201,154,0,56,105,96,65,33,0,21,51,61,44,24,0,35,54,35,21,9
20242,A,골목상권,3110547,KB국민은행 망원동지점,736,445,291,0,90,139,158,224,125,0,50,103,112,105,75,0,40,36,46,119,50
20242,A,골목상권,3110548,마포구청역 4번,951,635,316,0,119,199,218,188,227,0,59,124,140,131,181,0,60,75,78,57,46
20242,A,골목상권,3110549,새터산,93,40,53,0,5,14,30,34,10,0,1,7,13,13,6,0,4,7,17,21,4
20242,A,골목상권,3110550,합정역 8번,1259,706,553,0,205,371,338,228,117,0,76,182,211,153,84,0,129,189,127,75,33
20242,A,골목상권,3110551,성서초등학교,486,318,168,0,62,103,113,96,112,0,31,62,71,66,88,0,31,41,42,30,24
20242,A,골목상권,3110552,성미산체육관,1000,665,335,0,126,208,230,196,240,0,63,130,146,136,190,0,63,78,84,60,50
20242,A,골목상권,3110553,가좌역 2번,272,122,150,0,18,52,78,90,34,0,5,26,34,36,21,0,13,26,44,54,13
20242,A,골목상권,3110554,망원역 1번,1139,584,555,0,237,320,265,187,130,0,97,160,147,99,81,0,140,160,118,88,49
20242,A,골목상권,3110555,홍익지구대,341,175,166,0,73,94,79,57,38,0,30,47,44,30,24,0,43,47,35,27,14
20242,A,골목상권,3110556,절두산순교성지,170,96,74,0,27,52,47,30,14,0,9,26,30,21,10,0,18,26,17,9,4
20242,A,골목상권,3110557,홍대부속여중고앞,898,522,376,0,151,224,206,164,153,0,67,123,122,100,110,0,84,101,84,64,43
20242,A,골목상권,3110558,경성고등학교,1872,1241,631,0,235,400,437,370,430,0,116,246,275,261,343,0,119,154,162,109,87
20242,A,골목상권,3110559,성산중학교,841,472,369,0,141,247,227,153,73,0,52,121,141,102,56,0,89,126,86,51,17
20242,A,골목상권,3110560,마포FM,513,334,179,0,70,114,122,102,105,0,32,67,76,71,88,0,38,47,46,31,17
20242,A,골목상권,3110561,상수역 4번,372,239,133,0,61,94,89,75,53,0,30,57,60,51,41,0,31,37,29,24,12
20242,A,골목상권,3110562,연트럴파크(연남동주민센터),309,199,110,0,49,73,78,70,39,0,22,39,49,50,39,0,27,34,29,20,0
20242,A,골목상권,3110563,상수역 3번,275,173,102,0,47,67,65,54,42,0,23,40,44,35,31,0,24,27,21,19,11
20242,A,골목상권,3110564,홍대입구역 3번,543,279,264,0,115,152,126,89,61,0,47,76,70,47,39,0,68,76,56,42,22
20242,A,골목상권,3110565,홍익대,241,152,89,0,41,58,59,48,35,0,20,35,39,32,26,0,21,23,20,16,9
20242,A,골목상권,3110566,경의선책거리,1341,687,654,0,281,378,309,225,148,0,117,189,170,119,92,0,164,189,139,106,56
20242,A,골목상권,3110567,광흥창역 6번,286,180,106,0,52,69,66,57,42,0,25,41,44,38,32,0,27,28,22,19,10
20242,A,골목상권,3110568,광흥창역 1번,158,100,58,0,26,40,38,30,24,0,12,24,26,21,17,0,14,16,12,9,7
20242,A,골목상권,3110569,홍대땡땡거리,736,411,325,0,144,196,175,128,93,0,60,106,106,76,63,0,84,90,69,52,30
20242,A,골목상권,3110570,KB국민은행 서강지점,219,125,94,0,26,62,62,53,16,0,10,29,36,37,13,0,16,33,26,16,3
20242,A,골목상권,3110571,신수동주민센터,1194,679,515,0,145,332,335,294,88,0,54,157,191,206,71,0,91,175,144,88,17
20242,A,골목상권,3110572,서강대역 1번,1052,573,479,0,229,278,248,220,77,0,87,134,141,148,63,0,142,144,107,72,14
20242,A,골목상권,3110573,신촌역 6번,104,51,53,0,44,24,15,13,8,0,17,13,8,8,5,0,27,11,7,5,3
20242,A,골목상권,3110574,서강대학교,187,92,95,0,77,42,26,26,16,0,30,22,14,15,11,0,47,20,12,11,5
20242,A,골목상권,3110575,대흥동주민센터,331,162,169,0,142,76,46,45,22,0,53,39,25,29,16,0,89,37,21,16,6
20242,A,골목상권,3110576,대흥역 3번,1146,674,472,3,331,258,204,210,140,1,142,156,139,139,97,2,189,102,65,71,43
20242,A,골목상권,3110577,용강동주민센터,699,416,283,0,101,172,165,139,122,0,50,102,109,81,74,0,51,70,56,58,48
20242,A,골목상권,3110578,대흥역 2번,1265,800,465,3,302,287,244,256,173,1,139,185,176,177,122,2,163,102,68,79,51
20242,A,골목상권,3110579,마포역 4번,1163,709,454,0,215,286,292,258,112,0,111,196,193,136,73,0,104,90,99,122,39
20242,A,골목상권,3110580,양원초등학교,152,74,78,0,67,32,21,21,11,0,26,16,11,12,9,0,41,16,10,9,2
20242,A,골목상권,3110581,염리초등학교,246,146,100,0,36,61,58,48,43,0,18,36,38,28,26,0,18,25,20,20,17
20242,A,골목상권,3110582,이대역 5번,282,163,119,0,95,67,46,47,27,0,39,39,32,33,20,0,56,28,14,14,7
20242,A,골목상권,3110583,공덕래미안3차아파트,362,200,162,0,70,119,103,62,8,0,31,67,58,37,7,0,39,52,45,25,1
20242,A,골목상권,3110584,아현역 4번,182,100,82,0,34,60,52,32,4,0,15,33,29,19,4,0,19,27,23,13,0
20242,A,골목상권,3110585,마포경찰서,235,129,106,0,46,76,67,40,6,0,20,43,37,24,5,0,26,33,30,16,1
20242,A,골목상권,3110586,서울서부지방법원,3762,2181,1581,1,835,1043,1029,664,190,0,328,553,659,499,142,1,507,490,370,165,48
20242,A,골목상권,3110587,공덕동주민센터,909,530,379,0,204,252,248,157,48,0,82,134,159,119,36,0,122,118,89,38,12
20242,A,골목상권,3110588,한겨레신문사,660,384,276,0,148,183,186,112,31,0,60,98,117,86,23,0,88,85,69,26,8
20242,A,골목상권,3110589,애오개역 3번,115,68,47,0,26,32,33,19,5,0,10,18,21,15,4,0,16,14,12,4,1
20242,A,골목상권,3110590,만리재,300,174,126,0,65,86,79,54,16,0,24,46,50,41,13,0,41,40,29,13,3
20242,A,골목상권,3110591,충정로역 6번,166,95,71,0,37,51,42,28,8,0,16,28,25,19,7,0,21,23,17,9,1
20242,A,골목상권,3110592,서울금융고등학교,292,170,122,0,26,55,67,91,53,0,8,23,35,58,46,0,18,32,32,33,7
20242,A,골목상권,3110593,신월3동주민센터,344,203,141,0,25,62,82,112,63,0,7,23,43,72,58,0,18,39,39,40,5
20242,A,골목상권,3110594,신월중학교,187,107,80,0,21,46,50,50,20,0,9,23,27,31,17,0,12,23,23,19,3
20242,A,골목상권,3110595,메디힐병원,964,543,421,0,105,256,252,250,101,0,49,128,131,148,87,0,56,128,121,102,14
20242,A,골목상권,3110596,서서울호수공원,180,106,74,0,14,34,40,58,34,0,4,14,20,38,30,0,10,20,20,20,4
20242,A,골목상권,3110597,신월1동주민센터,447,294,153,0,33,78,106,153,77,0,19,48,62,104,61,0,14,30,44,49,16
20242,A,골목상권,3110598,신월문화체육센터,636,420,216,0,69,105,129,153,180,0,51,81,88,92,108,0,18,24,41,61,72
20242,A,골목상권,3110599,신월1파출소,299,203,96,0,23,49,70,105,52,0,13,33,43,72,42,0,10,16,27,33,10
20242,A,골목상권,3110600,신월7동주민센터,671,442,229,0,71,111,138,160,191,0,55,83,92,97,115,0,16,28,46,63,76
20242,A,골목상권,3110601,신월1동우편취급국,614,402,212,0,48,105,146,210,105,0,26,64,87,142,83,0,22,41,59,68,22
20242,A,골목상권,3110602,신월시영아파트중문,811,528,283,0,88,135,166,193,229,0,65,102,109,116,136,0,23,33,57,77,93
20242,A,골목상권,3110603,지향초등학교,597,421,176,0,50,115,148,131,153,0,24,70,99,89,139,0,26,45,49,42,14
20242,A,골목상권,3110604,신월4동주민센터,467,320,147,0,17,56,112,156,126,0,7,31,64,106,112,0,10,25,48,50,14
20242,A,골목상권,3110605,목동센트럴아이파크앞,192,114,78,0,19,37,44,52,40,0,7,20,24,30,33,0,12,17,20,22,7
20242,A,골목상권,3110606,신한은행 신월동지점,390,266,124,0,11,46,92,133,108,0,3,25,51,91,96,0,8,21,41,42,12
20242,A,골목상권,3110607,금빛새마을금고본점,175,102,73,0,15,31,44,48,37,0,8,17,23,26,28,0,7,14,21,22,9
20242,A,골목상권,3110608,신월2동주민센터,440,257,183,0,33,72,117,125,93,0,19,44,59,67,68,0,14,28,58,58,25
20242,A,골목상권,3110609,신정네거리역 2번,90,65,25,0,6,17,24,18,25,0,2,10,16,13,24,0,4,7,8,5,1
20242,A,골목상권,3110610,계남근린공원,110,82,28,0,7,22,28,24,29,0,3,14,19,18,28,0,4,8,9,6,1
20242,A,골목상권,3110611,신정역 1번,384,215,169,0,63,68,75,82,96,0,17,32,39,46,81,0,46,36,36,36,15
20242,A,골목상권,3110612,신정역 5번,699,393,306,0,116,122,133,149,179,0,32,59,67,83,152,0,84,63,66,66,27
20242,A,골목상권,3110613,신정네거리역 4번,257,149,108,0,46,65,64,55,27,0,19,41,38,31,20,0,27,24,26,24,7
20242,A,골목상권,3110614,목동로데오거리,763,425,338,0,127,135,148,161,192,0,36,65,76,88,160,0,91,70,72,73,32
20242,A,골목상권,3110615,신서초등학교,1953,1142,811,7,345,490,490,416,205,7,143,306,295,242,149,0,202,184,195,174,56
20242,A,골목상권,3110616,양목초등학교,263,146,117,0,43,45,51,57,67,0,12,21,27,31,55,0,31,24,24,26,12
20242,A,골목상권,3110617,등촌역 4번,134,75,59,0,16,30,37,32,19,0,8,18,21,16,12,0,8,12,16,16,7
20242,A,골목상권,3110618,강서고등학교,375,231,144,0,38,86,114,98,39,0,12,51,68,63,37,0,26,35,46,35,2
20242,A,골목상권,3110619,목4동주민센터,208,130,78,0,25,48,62,52,21,0,11,30,36,33,20,0,14,18,26,19,1
20242,A,골목상권,3110620,목동보건지소,630,380,250,0,73,143,183,159,72,0,31,85,107,96,61,0,42,58,76,63,11
20242,A,골목상권,3110621,목동역 5번,291,190,101,0,51,79,74,59,28,0,24,52,52,43,19,0,27,27,22,16,9
20242,A,골목상권,3110622,달마을공원,545,304,241,0,74,132,147,126,66,0,35,73,81,72,43,0,39,59,66,54,23
20242,A,골목상권,3110623,갈산공원,422,257,165,0,48,98,126,100,50,0,22,56,78,64,37,0,26,42,48,36,13
20242,A,골목상권,3110624,목동문화체육센터,158,89,69,0,20,40,41,36,21,0,9,22,23,21,14,0,11,18,18,15,7
20242,A,골목상권,3110625,신정2동주민센터,10107,5807,4300,3,1830,3287,2711,1787,489,0,739,1807,1678,1192,391,3,1091,1480,1033,595,98
20242,A,골목상권,3110626,양화초등학교,731,411,320,0,101,177,195,167,91,0,47,97,109,96,62,0,54,80,86,71,29
20242,A,골목상권,3110627,신정롯데캐슬아파트,5756,3309,2447,0,1043,1875,1545,1017,276,0,422,1031,958,677,221,0,621,844,587,340,55
20242,A,골목상권,3110628,신목동역,453,253,200,0,64,110,121,103,55,0,31,59,67,59,37,0,33,51,54,44,18
20242,A,골목상권,3110629,송정역 4번,215,113,102,0,35,71,60,42,7,0,7,30,35,35,6,0,28,41,25,7,1
20242,A,골목상권,3110630,공항시장역 1번,321,234,87,0,20,63,77,93,68,0,14,42,55,63,60,0,6,21,22,30,8
20242,A,골목상권,3110631,방화초등학교,94,69,25,0,5,17,21,30,21,0,3,13,15,19,19,0,2,4,6,11,2
20242,A,골목상권,3110632,방화역 3번,555,433,122,0,53,119,140,160,83,0,40,95,111,132,55,0,13,24,29,28,28
20242,A,골목상권,3110633,개화산역 1번,102,75,27,0,9,21,24,29,19,0,6,15,18,21,15,0,3,6,6,8,4
20242,A,골목상권,3110634,송정역 3번,1273,669,604,0,213,425,350,251,34,0,50,176,205,208,30,0,163,249,145,43,4
20242,A,골목상권,3110635,공항시장역 3번,345,198,147,0,52,105,95,75,18,0,16,49,59,62,12,0,36,56,36,13,6
20242,A,골목상권,3110636,방화역 2번,311,248,63,0,29,67,78,90,47,0,23,56,63,75,31,0,6,11,15,15,16
20242,A,골목상권,3110637,송정역 2번,514,269,245,0,85,172,141,101,15,0,19,71,83,84,12,0,66,101,58,17,3
20242,A,골목상권,3110638,신방화역 2번,1329,1051,278,0,132,286,331,383,197,0,100,235,266,318,132,0,32,51,65,65,65
20242,A,골목상권,3110639,신방화역 8번,371,296,75,0,34,79,95,109,54,0,27,65,77,91,36,0,7,14,18,18,18
20242,A,골목상권,3110640,방화역 1번,1520,983,537,0,149,326,386,418,241,0,75,173,238,292,205,0,74,153,148,126,36
20242,A,골목상권,3110641,공항고등학교,421,336,85,0,43,89,104,123,62,0,33,74,84,103,42,0,10,15,20,20,20
20242,A,골목상권,3110642,정곡초등학교,169,109,60,0,16,36,43,46,28,0,8,19,27,32,23,0,8,17,16,14,5
20242,A,골목상권,3110643,강서구다솔마을,1021,536,485,0,171,337,280,199,34,0,41,140,162,164,29,0,130,197,118,35,5
20242,A,골목상권,3110644,신광명마을,123,73,50,0,4,18,34,42,25,0,1,9,16,25,22,0,3,9,18,17,3
20242,A,골목상권,3110645,우장산역 4번,671,397,274,0,30,94,185,228,134,0,11,48,89,134,115,0,19,46,96,94,19
20242,A,골목상권,3110646,푸른들청소년도서관,1432,883,549,0,199,342,367,330,194,0,107,228,223,186,139,0,92,114,144,144,55
20242,A,골목상권,3110647,화곡역 5번,813,464,349,0,74,177,210,230,122,0,34,102,114,131,83,0,40,75,96,99,39
20242,A,골목상권,3110648,양천향교역 7번,400,252,148,0,41,82,93,98,86,0,16,51,57,64,64,0,25,31,36,34,22
20242,A,골목상권,3110649,우장산역 1번,572,319,253,0,125,128,123,122,74,0,48,75,73,73,50,0,77,53,50,49,24
20242,A,골목상권,3110650,우장산힐스테이트,349,192,157,0,76,78,75,74,46,0,28,45,44,44,31,0,48,33,31,30,15
20242,A,골목상권,3110651,화원중학교,501,284,217,0,45,104,126,146,80,0,20,62,68,83,51,0,25,42,58,63,29
20242,A,골목상권,3110652,양천향교역 2번,168,103,65,0,17,36,38,42,35,0,6,21,22,27,27,0,11,15,16,15,8
20242,A,골목상권,3110653,화곡역 2번,449,250,199,0,100,103,95,95,56,0,37,60,58,58,37,0,63,43,37,37,19
20242,A,골목상권,3110654,까치산역 4번,963,549,414,0,86,202,245,280,150,0,40,121,135,156,97,0,46,81,110,124,53
20242,A,골목상권,3110655,발산역 5번,1048,582,466,0,230,236,226,219,137,0,85,138,135,133,91,0,145,98,91,86,46
20242,A,골목상권,3110656,까치산역 3번,684,388,296,0,52,147,175,202,108,0,20,84,99,114,71,0,32,63,76,88,37
20242,A,골목상권,3110657,양천향교역 5번,2792,1503,1289,0,346,597,626,688,535,0,150,329,368,344,312,0,196,268,258,344,223
20242,A,골목상권,3110658,화곡초등학교,306,177,129,0,28,61,77,75,65,0,7,36,46,39,49,0,21,25,31,36,16
20242,A,골목상권,3110659,화곡역 4번,922,540,382,0,79,184,234,234,191,0,23,108,136,126,147,0,56,76,98,108,44
20242,A,골목상권,3110660,등촌3동주민센터,4370,2318,2052,0,547,932,980,1080,831,0,241,508,572,526,471,0,306,424,408,554,360
20242,A,골목상권,3110661,강서새말어린이공원,261,171,90,0,34,71,69,61,26,0,17,47,45,42,20,0,17,24,24,19,6
20242,A,골목상권,3110662,까치산역 1번,493,282,211,0,61,140,150,92,50,0,30,80,79,57,36,0,31,60,71,35,14
20242,A,골목상권,3110663,우장산롯데캐슬아파트앞,498,318,180,0,70,136,128,111,53,0,35,86,81,74,42,0,35,50,47,37,11
20242,A,골목상권,3110664,강서구청옆,196,124,72,0,28,53,51,44,20,0,14,34,32,29,15,0,14,19,19,15,5
20242,A,골목상권,3110665,곰달래도서관,2795,1690,1105,0,352,772,738,651,282,0,204,498,443,351,194,0,148,274,295,300,88
20242,A,골목상권,3110666,KC대학교,196,127,69,0,26,52,51,46,21,0,13,34,33,31,16,0,13,18,18,15,5
20242,A,골목상권,3110667,가양역 10번,546,290,256,0,68,117,122,135,104,0,30,64,71,66,59,0,38,53,51,69,45
20242,A,골목상권,3110668,화곡2동주민센터,1708,1043,665,0,212,474,450,410,162,0,128,312,275,216,112,0,84,162,175,194,50
20242,A,골목상권,3110669,화곡보람2차아파트,71,45,26,0,10,20,18,16,7,0,5,12,11,11,6,0,5,8,7,5,1
20242,A,골목상권,3110670,신곡초등학교,371,204,167,0,64,101,89,83,34,0,25,57,50,44,28,0,39,44,39,39,6
20242,A,골목상권,3110671,등촌1동주민센터,3205,1938,1267,0,639,837,713,572,444,0,235,530,496,378,299,0,404,307,217,194,145
20242,A,골목상권,3110672,백석중학교,198,119,79,0,20,40,50,53,35,0,9,22,30,33,25,0,11,18,20,20,10
20242,A,골목상권,3110673,뜸부기어린이공원,1006,559,447,0,163,282,242,222,97,0,66,165,141,118,69,0,97,117,101,104,28
20242,A,골목상권,3110674,강서구청가양동별관,1182,761,421,2,198,262,332,246,142,1,130,175,213,146,96,1,68,87,119,100,46
20242,A,골목상권,3110675,화곡4동주민센터,309,156,153,0,58,80,71,66,34,0,11,38,38,41,28,0,47,42,33,25,6
20242,A,골목상권,3110676,등촌역 7번,443,264,179,0,51,91,108,113,80,0,22,50,65,72,55,0,29,41,43,41,25
20242,A,골목상권,3110677,등촌역 1번,307,182,125,0,61,81,69,55,41,0,22,50,46,37,27,0,39,31,23,18,14
20242,A,골목상권,3110678,염창무학아파트,398,186,212,0,62,117,117,68,34,0,22,52,47,38,27,0,40,65,70,30,7
20242,A,골목상권,3110679,염창역 2번,1552,722,830,0,243,457,461,263,128,0,88,200,186,146,102,0,155,257,275,117,26
20242,A,골목상권,3110680,온수역 5번(온수산업단지),606,417,189,0,57,117,141,175,116,0,37,74,90,120,96,0,20,43,51,55,20
20242,A,골목상권,3110681,온수역 1번,134,91,43,0,13,26,31,38,26,0,8,17,19,26,21,0,5,9,12,12,5
20242,A,골목상권,3110682,온수역 8번,20,15,5,0,1,3,6,6,4,0,1,2,4,4,4,0,0,1,2,2,0
20242,A,골목상권,3110683,오류고등학교,70,48,22,0,7,14,16,20,13,0,5,8,10,14,11,0,2,6,6,6,2
20242,A,골목상권,3110684,서울공연예술고등학교,134,94,40,0,12,26,31,38,27,0,7,17,20,27,23,0,5,9,11,11,4
20242,A,골목상권,3110685,금강수목원아파트,23,15,8,0,2,5,5,7,4,0,1,3,3,5,3,0,1,2,2,2,1
20242,A,골목상권,3110686,수궁동주민센터,340,238,102,0,30,66,81,98,65,0,17,45,53,69,54,0,13,21,28,29,11
20242,A,골목상권,3110687,"천왕역 3번(오류2동주민센터, 서울오류남초등학교)",85,52,33,0,8,19,23,22,13,0,3,11,13,14,11,0,5,8,10,8,2
20242,A,골목상권,3110688,오류지구대,153,99,54,0,17,30,39,47,20,0,12,21,25,27,14,0,5,9,14,20,6
20242,A,골목상권,3110689,오류동역 3번,324,207,117,0,41,60,81,96,46,0,30,42,49,54,32,0,11,18,32,42,14
20242,A,골목상권,3110690,오류2동버들시장,606,376,230,0,55,138,158,156,99,0,25,80,92,99,80,0,30,58,66,57,19
20242,A,골목상권,3110691,개봉중학교,3122,1824,1298,0,264,672,751,835,600,0,136,375,386,476,451,0,128,297,365,359,149
20242,A,골목상권,3110692,큰굴다리,1643,958,685,0,138,353,395,440,317,0,72,195,202,250,239,0,66,158,193,190,78
20242,A,골목상권,3110693,오류동역 4번,58,37,21,0,7,11,14,18,8,0,5,8,9,10,5,0,2,3,5,8,3
20242,A,골목상권,3110694,세곡초등학교,2853,1680,1173,0,239,619,691,766,538,0,126,348,358,439,409,0,113,271,333,327,129
20242,A,골목상권,3110695,개봉1동주민센터,3698,2175,1523,0,312,801,900,992,693,0,169,449,464,566,527,0,143,352,436,426,166
20242,A,골목상권,3110696,오류동역 1번,708,352,356,0,126,173,167,168,74,0,73,112,74,55,38,0,53,61,93,113,36
20242,A,골목상권,3110697,개봉3동주민센터,52,35,17,0,2,15,15,12,8,0,1,10,10,7,7,0,1,5,5,5,1
20242,A,골목상권,3110698,개웅초등학교(개웅중학교),101,60,41,0,13,27,28,23,10,0,7,18,16,11,8,0,6,9,12,12,2
20242,A,골목상권,3110699,덕의초등학교,296,189,107,0,27,70,79,81,39,0,19,44,46,47,33,0,8,26,33,34,6
20242,A,골목상권,3110700,고척초등학교,1100,721,379,0,92,229,280,320,179,0,48,144,173,215,141,0,44,85,107,105,38
20242,A,골목상권,3110701,고척동성당,299,189,110,0,30,69,78,82,40,0,19,44,46,47,33,0,11,25,32,35,7
20242,A,골목상권,3110702,개봉초등학교,481,298,183,0,60,121,125,106,69,0,30,76,76,61,55,0,30,45,49,45,14
20242,A,골목상권,3110703,개봉역,5622,3245,2377,0,513,1218,1353,1492,1046,0,270,686,685,827,777,0,243,532,668,665,269
20242,A,골목상권,3110704,고척중학교,234,166,68,0,21,48,62,70,33,0,11,32,43,53,27,0,10,16,19,17,6
20242,A,골목상권,3110705,고산초등학교,137,98,39,0,12,28,36,42,19,0,6,19,25,32,16,0,6,9,11,10,3
20242,A,골목상권,3110706,그라운드 고척,622,446,176,0,53,126,167,187,89,0,28,85,117,142,74,0,25,41,50,45,15
20242,A,골목상권,3110707,구로창업지원센터,4239,2793,1446,0,695,1322,1035,770,417,0,287,900,749,537,320,0,408,422,286,233,97
20242,A,골목상권,3110708,화원어린이공원,138,85,53,0,15,32,36,36,19,0,6,19,21,24,15,0,9,13,15,12,4
20242,A,골목상권,3110709,구로119안전센터,201,127,74,0,23,48,51,51,28,0,10,29,31,35,22,0,13,19,20,16,6
20242,A,골목상권,3110710,남구로역 3번,440,266,174,0,40,104,112,111,73,0,18,60,64,70,54,0,22,44,48,41,19
20242,A,골목상권,3110711,구로초등학교,763,475,288,0,87,176,196,197,107,0,39,105,119,130,82,0,48,71,77,67,25
20242,A,골목상권,3110712,남구로역 5번,150,87,63,0,6,33,42,42,27,0,1,20,22,22,22,0,5,13,20,20,5
20242,A,골목상권,3110713,구로보건소,1979,1244,735,0,279,466,515,436,283,0,155,321,340,259,169,0,124,145,175,177,114
20242,A,골목상권,3110714,구로4동주민센터,345,211,134,0,29,76,91,90,59,0,12,46,52,55,46,0,17,30,39,35,13
20242,A,골목상권,3110715,구로구민회관,113,74,39,0,15,26,30,26,16,0,9,19,20,16,10,0,6,7,10,10,6
20242,A,골목상권,3110716,구로나눔길,236,146,90,0,29,57,58,60,32,0,13,34,35,39,25,0,16,23,23,21,7
20242,A,골목상권,3110717,남구로역 2번,545,341,204,0,90,175,143,74,63,0,44,115,96,44,42,0,46,60,47,30,21
20242,A,골목상권,3110718,한국SGI본부,1050,661,389,0,149,247,271,233,150,0,84,170,178,138,91,0,65,77,93,95,59
20242,A,골목상권,3110719,영서중학교,82,55,27,0,18,27,21,10,6,0,9,18,15,8,5,0,9,9,6,2,1
20242,A,골목상권,3110720,대림역 2번,161,89,72,0,15,34,41,41,30,0,6,20,21,21,21,0,9,14,20,20,9
20242,A,골목상권,3110721,가리봉파출소,304,142,162,0,10,53,73,68,100,0,2,26,31,26,57,0,8,27,42,42,43
20242,A,골목상권,3110722,G타워,2711,1778,933,8,564,914,688,337,200,5,285,606,485,236,161,3,279,308,203,101,39
20242,A,골목상권,3110723,가산디지털단지역 1번 출입구,279,186,93,0,55,89,69,40,26,0,31,59,50,27,19,0,24,30,19,13,7
20242,A,골목상권,3110724,금천구립가산도서관,311,205,106,0,60,98,77,46,30,0,32,66,56,30,21,0,28,32,21,16,9
20242,A,골목상권,3110725,가산동주민센터,352,232,120,0,70,110,88,51,33,0,37,74,63,34,24,0,33,36,25,17,9
20242,A,골목상권,3110726,금천철쭉어린이공원(금하마을),140,95,45,0,6,18,19,34,63,0,5,13,14,22,41,0,1,5,5,12,22
20242,A,골목상권,3110727,독산역 1번 출입구,521,335,186,0,39,71,88,115,208,0,23,48,57,71,136,0,16,23,31,44,72
20242,A,골목상권,3110728,두산초등학교,341,218,123,0,26,45,57,76,137,0,15,30,36,47,90,0,11,15,21,29,47
20242,A,골목상권,3110729,가산동우체국,332,219,113,0,66,105,83,47,31,0,36,69,59,33,22,0,30,36,24,14,9
20242,A,골목상권,3110730,서울축산농협 독산역지점(독산파출소),577,373,204,0,44,77,95,125,236,0,26,51,62,79,155,0,18,26,33,46,81
20242,A,골목상권,3110731,금천구청역 1번 출입구,881,475,406,0,129,208,208,223,113,0,59,104,104,127,81,0,70,104,104,96,32
20242,A,골목상권,3110732,가산초등학교(세일중학교),614,395,219,0,47,85,104,135,243,0,29,56,67,82,161,0,18,29,37,53,82
20242,A,골목상권,3110733,금천어울림복지센터,288,155,133,0,39,71,70,72,36,0,18,35,35,41,26,0,21,36,35,31,10
20242,A,골목상권,3110734,금천파출소,76,40,36,0,11,18,18,20,9,0,5,9,9,11,6,0,6,9,9,9,3
20242,A,골목상권,3110735,말미고개,496,287,209,0,47,102,124,159,64,0,26,46,62,96,57,0,21,56,62,63,7
20242,A,골목상권,3110736,독산119안전센터,402,235,167,0,45,69,83,96,109,0,31,41,50,47,66,0,14,28,33,49,43
20242,A,골목상권,3110737,금천세무서,510,377,133,0,35,75,91,104,205,0,20,48,49,63,197,0,15,27,42,41,8
20242,A,골목상권,3110738,문성초등학교,539,395,144,0,36,82,101,108,212,0,19,54,55,64,203,0,17,28,46,44,9
20242,A,골목상권,3110739,시흥3동 우편취급국,378,226,152,0,28,55,87,99,109,0,15,36,51,54,70,0,13,19,36,45,39
20242,A,골목상권,3110740,금천해태공원,620,346,274,0,83,137,146,175,79,0,41,66,73,102,64,0,42,71,73,73,15
20242,A,골목상권,3110741,독산2동주민센터,244,143,101,0,25,52,58,79,30,0,14,24,29,48,28,0,11,28,29,31,2
20242,A,골목상권,3110742,KT금천빌딩(금천구시설관리공단),347,197,150,0,39,69,82,89,68,0,20,38,44,50,45,0,19,31,38,39,23
20242,A,골목상권,3110743,시흥초등학교(시흥1동우체국),343,186,157,0,51,84,84,83,41,0,24,42,42,47,31,0,27,42,42,36,10
20242,A,골목상권,3110744,독산동성당,467,299,168,0,38,74,97,109,149,0,27,45,59,54,114,0,11,29,38,55,35
20242,A,골목상권,3110745,독산동정훈단지,263,154,109,0,27,54,63,83,36,0,15,24,32,51,32,0,12,30,31,32,4
20242,A,골목상권,3110746,금천금빛공원(은행나무사거리서측),96,54,42,0,17,22,22,25,10,0,8,11,11,14,10,0,9,11,11,11,0
20242,A,골목상권,3110747,석수역 1번 출입구,593,350,243,0,42,88,137,155,171,0,21,57,80,84,108,0,21,31,57,71,63
20242,A,골목상권,3110748,백산초등학교,198,120,78,0,26,49,53,44,26,0,13,32,32,24,19,0,13,17,21,20,7
20242,A,골목상권,3110749,금산초등학교(금천고등학교),812,481,331,0,57,119,188,213,235,0,30,77,109,116,149,0,27,42,79,97,86
20242,A,골목상권,3110750,시흥4동주민센터(서울신흥초등학교),390,239,151,0,63,82,115,98,32,0,40,57,69,46,27,0,23,25,46,52,5
20242,A,골목상권,3110751,난곡중학교,323,240,83,0,16,51,62,66,128,0,9,33,33,40,125,0,7,18,29,26,3
20242,A,골목상권,3110752,한울중학교,629,384,245,0,99,135,186,162,47,0,62,94,111,76,41,0,37,41,75,86,6
20242,A,골목상권,3110753,시흥동 은행나무사거리,437,273,164,0,54,111,121,90,61,0,29,77,77,46,44,0,25,34,44,44,17
20242,A,골목상권,3110754,삼성산자연공원(서울금천초등학교),307,186,121,0,39,68,86,73,41,0,22,47,51,36,30,0,17,21,35,37,11
20242,A,골목상권,3110755,동일여자고등학교,785,461,324,0,82,160,197,229,117,0,45,93,111,132,80,0,37,67,86,97,37
20242,A,골목상권,3110756,문래중학교,442,259,183,0,88,103,99,88,64,0,46,66,59,46,42,0,42,37,40,42,22
20242,A,골목상권,3110757,양평역 2번,1670,969,701,0,331,389,372,335,243,0,168,249,222,172,158,0,163,140,150,163,85
20242,A,골목상권,3110758,문래소공원,1464,1065,399,0,226,479,452,230,77,0,126,364,369,157,49,0,100,115,83,73,28
20242,A,골목상권,3110759,문래예술촌(문래창작촌),24026,17462,6564,8,3703,7864,7407,3790,1254,1,2067,5980,6053,2572,789,7,1636,1884,1354,1218,465
20242,A,골목상권,3110760,선유도역 6번,4330,2482,1848,0,790,1183,1198,748,411,0,344,713,679,442,304,0,446,470,519,306,107
20242,A,골목상권,3110761,문래동남성맨션,966,703,263,0,148,316,299,152,51,0,83,241,244,103,32,0,65,75,55,49,19
20242,A,골목상권,3110762,선유도역 1번,3631,2082,1549,0,658,994,1010,629,340,0,282,603,571,372,254,0,376,391,439,257,86
20242,A,골목상권,3110763,영등포구청역 2번,696,419,277,0,119,198,156,127,96,0,47,111,99,89,73,0,72,87,57,38,23
20242,A,골목상권,3110764,문래역 3번,239,144,95,0,41,69,53,44,32,0,16,38,34,31,25,0,25,31,19,13,7
20242,A,골목상권,3110765,문래동사거리,3606,2620,986,1,557,1180,1113,568,187,0,312,897,910,384,117,1,245,283,203,184,70
20242,A,골목상권,3110766,대림역 5번,388,255,133,0,36,78,104,90,80,0,18,57,75,57,48,0,18,21,29,33,32
20242,A,골목상권,3110767,도림동주민센터,45,31,14,0,2,7,12,13,11,0,0,5,8,9,9,0,2,2,4,4,2
20242,A,골목상권,3110768,도림2동유수지내체육시설,144,100,44,0,4,23,38,43,36,0,0,16,26,29,29,0,4,7,12,14,7
20242,A,골목상권,3110769,대림차이나타운(대림역 12번),132,69,63,0,25,31,30,20,26,0,11,17,13,11,17,0,14,14,17,9,9
20242,A,골목상권,3110770,영등포구청역 6번,189,116,73,0,34,55,43,32,25,0,13,31,27,24,21,0,21,24,16,8,4
20242,A,골목상권,3110771,대림역 11번,190,97,93,0,35,45,42,29,39,0,14,24,18,16,25,0,21,21,24,13,14
20242,A,골목상권,3110772,신우어린이공원,130,83,47,0,13,27,35,30,25,0,7,19,24,19,14,0,6,8,11,11,11
20242,A,골목상권,3110773,당산역 13번,166,95,71,0,30,45,46,29,16,0,13,27,26,17,12,0,17,18,20,12,4
20242,A,골목상권,3110774,당산반도유보라팰리스아파트,431,288,143,0,68,95,107,95,66,0,34,59,74,70,51,0,34,36,33,25,15
20242,A,골목상권,3110775,대동초등학교,165,86,79,0,29,38,37,28,33,0,12,21,16,16,21,0,17,17,21,12,12
20242,A,골목상권,3110776,도신초등학교,393,256,137,0,35,81,104,97,76,0,18,58,75,60,45,0,17,23,29,37,31
20242,A,골목상권,3110777,구로세무서,2776,2019,757,0,431,909,856,437,143,0,241,691,700,297,90,0,190,218,156,140,53
20242,A,골목상권,3110778,구로디지털단지역 4번,1123,567,556,0,211,269,246,175,222,0,83,141,105,97,141,0,128,128,141,78,81
20242,A,골목상권,3110779,대림갑을명가아파트,28,10,18,0,9,6,8,4,1,0,1,2,4,2,1,0,8,4,4,2,0
20242,A,골목상권,3110780,신길대성유니드아파트,405,196,209,0,28,91,141,104,41,0,11,41,52,52,40,0,17,50,89,52,1
20242,A,골목상권,3110781,대림한신아파트,117,40,77,0,40,30,24,20,3,0,5,10,12,10,3,0,35,20,12,10,0
20242,A,골목상권,3110782,영등포시장역 4번,152,85,67,0,29,37,36,30,20,0,11,20,22,18,14,0,18,17,14,12,6
20242,A,골목상권,3110783,영등포시장역 1번,362,203,159,0,68,90,84,72,48,0,26,51,53,42,31,0,42,39,31,30,17
20242,A,골목상권,3110784,신대림초등학교,92,35,57,0,31,23,18,16,4,0,6,8,9,8,4,0,25,15,9,8,0
20242,A,골목상권,3110785,영등포푸르지오아파트,238,164,74,0,15,45,63,66,49,0,5,27,43,48,41,0,10,18,20,18,8
20242,A,골목상권,3110786,당산역 8번,249,165,84,0,42,54,59,56,38,0,21,33,41,41,29,0,21,21,18,15,9
20242,A,골목상권,3110787,신길3동주민센터,274,231,43,0,1,33,68,79,93,0,0,28,54,61,88,0,1,5,14,18,5
20242,A,골목상권,3110788,영등포시장역 3번,64,36,28,0,11,16,16,12,9,0,4,9,9,7,7,0,7,7,7,5,2
20242,A,골목상권,3110789,대림성모병원,535,197,338,0,178,127,118,85,27,0,31,42,59,43,22,0,147,85,59,42,5
20242,A,골목상권,3110790,대림1동주민센터,414,180,234,0,69,94,127,93,31,0,14,37,51,47,31,0,55,57,76,46,0
20242,A,골목상권,3110791,신풍역 3번,106,51,55,0,8,23,37,28,10,0,3,10,13,15,10,0,5,13,24,13,0
20242,A,골목상권,3110792,영등포역 2번,459,274,185,0,50,105,123,120,61,0,19,56,74,76,49,0,31,49,49,44,12
20242,A,골목상권,3110793,대림썬프라자,15,6,9,0,5,3,4,2,1,0,1,1,2,1,1,0,4,2,2,1,0
20242,A,골목상권,3110794,영동초등학교,1146,761,385,0,183,259,278,252,174,0,91,160,193,185,132,0,92,99,85,67,42
20242,A,골목상권,3110795,도림초등학교,75,63,12,0,0,8,19,24,24,0,0,8,14,17,24,0,0,0,5,7,0
20242,A,골목상권,3110796,한림대학교한강성심병원,182,103,79,0,34,45,43,36,24,0,12,26,27,22,16,0,22,19,16,14,8
20242,A,골목상권,3110797,KT대방빌딩,43,26,17,0,2,11,12,11,7,0,1,6,7,6,6,0,1,5,5,5,1
20242,A,골목상권,3110798,신풍역 2번,127,81,46,0,12,30,33,28,24,0,6,19,20,18,18,0,6,11,13,10,6
20242,A,골목상권,3110799,영등포본동주민센터,119,69,50,0,15,29,31,30,14,0,5,15,18,19,12,0,10,14,13,11,2
20242,A,골목상권,3110800,영등포동성당,621,348,273,0,112,156,149,122,82,0,40,87,93,72,56,0,72,69,56,50,26
20242,A,골목상권,3110801,신풍역 6번(신길6동공영주차장),19,13,6,0,2,4,5,4,4,0,1,3,3,3,3,0,1,1,2,1,1
20242,A,골목상권,3110802,신길동홍어거리,550,273,277,0,91,130,142,130,57,0,31,60,69,70,43,0,60,70,73,60,14
20242,A,골목상권,3110803,신길2동우편취급국,393,227,166,0,54,98,105,99,37,0,22,50,60,63,32,0,32,48,45,36,5
20242,A,골목상권,3110804,신풍역 1번,333,218,115,0,32,79,89,72,61,0,16,53,54,49,46,0,16,26,35,23,15
20242,A,골목상권,3110805,신길새마을금고신길4동지점,165,84,81,0,28,40,42,39,16,0,10,19,21,21,13,0,18,21,21,18,3
20242,A,골목상권,3110806,서울시립영등포장애인복지관,246,137,109,0,45,62,59,49,31,0,16,34,37,29,21,0,29,28,22,20,10
20242,A,골목상권,3110807,신길역 3번,128,71,57,0,23,31,31,25,18,0,9,17,18,14,13,0,14,14,13,11,5
20242,A,골목상권,3110808,신길역 1번,90,51,39,0,11,24,24,22,9,0,4,12,13,14,8,0,7,12,11,8,1
20242,A,골목상권,3110809,장훈고등학교,221,132,89,0,32,55,59,54,21,0,15,29,35,35,18,0,17,26,24,19,3
20242,A,골목상권,3110810,영신초등학교,832,351,481,0,144,208,188,163,129,0,36,98,87,65,65,0,108,110,101,98,64
20242,A,골목상권,3110811,보라매역 4번,143,91,52,0,10,36,42,31,24,0,5,21,25,20,20,0,5,15,17,11,4
20242,A,골목상권,3110812,신길6동주민센터,275,179,96,0,30,66,72,60,47,0,15,43,45,41,35,0,15,23,27,19,12
20242,A,골목상권,3110813,보라매역 6번,552,372,180,0,63,113,131,147,98,0,36,76,86,96,78,0,27,37,45,51,20
20242,A,골목상권,3110814,서울지방병무청,1106,663,443,0,147,233,247,288,191,0,67,140,151,169,136,0,80,93,96,119,55
20242,A,골목상권,3110815,공군호텔,2281,1077,1204,0,377,541,514,482,367,0,118,272,258,224,205,0,259,269,256,258,162
20242,A,골목상권,3110816,대방역 6번,459,288,171,0,58,94,106,120,81,0,29,59,66,74,60,0,29,35,40,46,21
20242,A,골목상권,3110817,대방역 4번,67,33,34,0,9,16,15,15,12,0,2,9,8,7,7,0,7,7,7,8,5
20242,A,골목상권,3110818,신대방역 3번,577,366,211,0,110,184,136,93,54,0,56,119,93,61,37,0,54,65,43,32,17
20242,A,골목상권,3110819,신대방역 4번,2062,1310,752,0,392,662,481,331,196,0,200,428,333,215,134,0,192,234,148,116,62
20242,A,골목상권,3110820,성남고등학교,615,409,206,0,100,168,147,139,61,0,53,115,101,101,39,0,47,53,46,38,22
20242,A,골목상권,3110821,보라매역 2번,1155,748,407,0,204,260,228,268,195,0,146,196,150,149,107,0,58,64,78,119,88
20242,A,골목상권,3110822,신대방삼거리역 4번(대림초등학교),121,84,37,0,18,33,30,29,11,0,10,23,22,21,8,0,8,10,8,8,3
20242,A,골목상권,3110823,신대방삼거리역 3번,517,319,198,0,86,110,101,125,95,0,62,79,63,63,52,0,24,31,38,62,43
20242,A,골목상권,3110824,대방역 3번,831,554,277,0,139,228,195,185,84,0,75,155,137,134,53,0,64,73,58,51,31
20242,A,골목상권,3110825,신대방삼거리역 1번,233,147,86,0,16,45,66,59,47,0,12,37,43,30,25,0,4,8,23,29,22
20242,A,골목상권,3110826,장승배기역 4번,417,231,186,0,30,93,117,102,75,0,15,58,67,51,40,0,15,35,50,51,35
20242,A,골목상권,3110827,NH농협은행 상도동지점,378,224,154,0,46,89,98,94,51,0,22,51,57,67,27,0,24,38,41,27,24
20242,A,골목상권,3110828,노량진역 6번,1352,838,514,0,221,382,321,292,136,0,118,228,201,205,86,0,103,154,120,87,50
20242,A,골목상권,3110829,장승배기역 5번,184,98,86,0,30,54,45,39,16,0,16,25,20,25,12,0,14,29,25,14,4
20242,A,골목상권,3110830,상도초등학교,161,89,72,0,19,41,41,40,20,0,9,22,22,25,11,0,10,19,19,15,9
20242,A,골목상권,3110831,상도4동주민센터,139,81,58,0,15,33,39,34,18,0,6,19,23,23,10,0,9,14,16,11,8
20242,A,골목상권,3110832,노량진초등학교,330,181,149,0,44,83,83,78,42,0,18,45,47,44,27,0,26,38,36,34,15
20242,A,골목상권,3110833,상도역 2번,129,69,60,0,14,32,35,33,15,0,6,17,19,17,10,0,8,15,16,16,5
20242,A,골목상권,3110834,동작구자원봉사센터,82,46,36,0,11,19,21,19,12,0,5,11,13,10,7,0,6,8,8,9,5
20242,A,골목상권,3110835,상도역 1번,249,142,107,0,39,62,59,55,34,0,17,34,36,33,22,0,22,28,23,22,12
20242,A,골목상권,3110836,상도역 5번,654,379,275,0,104,160,156,146,88,0,45,91,95,89,59,0,59,69,61,57,29
20242,A,골목상권,3110837,숭실대입구역 1번,512,293,219,0,80,124,126,113,69,0,34,68,77,68,46,0,46,56,49,45,23
20242,A,골목상권,3110838,상도1동주민센터앞,100,58,42,0,17,24,25,21,13,0,8,13,15,13,9,0,9,11,10,8,4
20242,A,골목상권,3110839,숭실대입구역 4번,361,208,153,0,56,89,88,81,47,0,23,50,52,50,33,0,33,39,36,31,14
20242,A,골목상권,3110840,중앙대학교,53,32,21,0,0,14,18,14,7,0,0,7,11,7,7,0,0,7,7,7,0
20242,A,골목상권,3110841,중대부중,7,4,3,0,0,2,2,2,1,0,0,1,1,1,1,0,0,1,1,1,0
20242,A,골목상권,3110842,흑리단길,15,9,6,0,0,4,5,4,2,0,0,2,3,2,2,0,0,2,2,2,0
20242,A,골목상권,3110843,사당5동주민센터,455,250,205,0,52,116,138,112,37,0,23,53,72,65,37,0,29,63,66,47,0
20242,A,골목상권,3110845,사당종합체육관,155,90,65,0,20,35,41,36,23,0,6,19,25,21,19,0,14,16,16,15,4
20242,A,골목상권,3110846,남성역 1번,873,476,397,0,90,190,245,191,157,0,37,90,120,105,124,0,53,100,125,86,33
20242,A,골목상권,3110847,예술인마을,250,135,115,0,41,62,69,45,33,0,12,30,35,28,30,0,29,32,34,17,3
20242,A,골목상권,3110848,양지어린이공원,234,127,107,0,28,51,61,44,50,0,8,26,30,25,38,0,20,25,31,19,12
20242,A,골목상권,3110849,이수역 10번,799,472,327,0,90,179,223,188,119,0,32,96,139,113,92,0,58,83,84,75,27
20242,A,골목상권,3110850,사당역 10번,611,330,281,0,102,156,174,109,70,0,29,77,88,69,67,0,73,79,86,40,3
20242,A,골목상권,3110851,경문고등학교(동작동성당),135,72,63,0,20,41,38,27,9,0,9,24,22,12,5,0,11,17,16,15,4
20242,A,골목상권,3110852,이수역 9번,215,116,99,0,34,57,58,38,28,0,9,28,29,25,25,0,25,29,29,13,3
20242,A,골목상권,3110853,KT구로지사,435,274,161,0,83,109,106,94,43,0,38,71,68,63,34,0,45,38,38,31,9
20242,A,골목상권,3110854,조원동주민센터,121,77,44,0,24,30,30,26,11,0,11,20,19,19,8,0,13,10,11,7,3
20242,A,골목상권,3110855,신대방역 2번,709,442,267,0,137,177,173,152,70,0,63,114,110,103,52,0,74,63,63,49,18
20242,A,골목상권,3110856,미성초등학교,812,482,330,0,68,143,199,219,183,0,45,86,111,112,128,0,23,57,88,107,55
20242,A,골목상권,3110857,미성동주민센터,369,221,148,0,28,65,91,100,85,0,21,39,51,51,59,0,7,26,40,49,26
20242,A,골목상권,3110858,신대방역 1번,190,135,55,0,33,57,57,32,11,0,15,39,47,26,8,0,18,18,10,6,3
20242,A,골목상권,3110859,난향초등학교,325,158,167,0,35,73,93,72,52,0,5,33,39,37,44,0,30,40,54,35,8
20242,A,골목상권,3110860,호림박물관(성보고등학교),337,201,136,0,28,58,81,92,78,0,19,35,45,47,55,0,9,23,36,45,23
20242,A,골목상권,3110861,관악구신사동주민센터,1751,1218,533,0,284,515,525,315,112,0,128,351,413,242,84,0,156,164,112,73,28
20242,A,골목상권,3110862,난곡초등학교(난곡동벽화마을),178,105,73,0,8,40,45,60,25,0,2,21,23,36,23,0,6,19,22,24,2
20242,A,골목상권,3110863,난우초등학교,445,269,176,0,34,77,111,124,99,0,24,47,63,64,71,0,10,30,48,60,28
20242,A,골목상권,3110864,신림우방아파트,293,211,82,0,45,91,90,49,18,0,19,64,73,41,14,0,26,27,17,8,4
20242,A,골목상권,3110865,남강고등학교(남강중학교),506,293,213,0,33,103,126,163,81,0,13,54,64,96,66,0,20,49,62,67,15
20242,A,골목상권,3110866,난우중학교,196,115,81,0,7,45,50,68,26,0,1,23,25,41,25,0,6,22,25,27,1
20242,A,골목상권,3110867,국제신학대학원대학교(남서울중학교),238,151,87,0,14,48,66,65,45,0,10,29,41,39,32,0,4,19,25,26,13
20242,A,골목상권,3110868,남부초등학교,379,264,115,0,63,115,114,64,23,0,27,79,90,50,18,0,36,36,24,14,5
20242,A,골목상권,3110869,"신림역 5번(신림동주민센터, 신림동별빛거리)",171,114,57,0,2,17,48,44,60,0,0,9,27,27,51,0,2,8,21,17,9
20242,A,골목상권,3110870,신림주공2단지(광신고등학교),72,41,31,0,7,14,21,20,10,0,3,7,11,11,9,0,4,7,10,9,1
20242,A,골목상권,3110871,신원동주민센터,120,76,44,0,2,27,37,35,19,0,2,16,23,21,14,0,0,11,14,14,5
20242,A,골목상권,3110872,신림초등학교,43,27,16,0,1,10,13,12,7,0,1,6,8,7,5,0,0,4,5,5,2
20242,A,골목상권,3110873,당곡중학교,1496,771,725,0,184,345,361,384,222,0,70,176,185,182,158,0,114,169,176,202,64
20242,A,골목상권,3110874,원신초등학교(구세군관악영문교회),273,155,118,0,21,52,81,80,39,0,8,26,41,42,38,0,13,26,40,38,1
20242,A,골목상권,3110875,보라매동주민센터(당곡고등학교),710,366,344,0,87,164,171,183,105,0,33,84,87,86,76,0,54,80,84,97,29
20242,A,골목상권,3110876,서원동주민센터(신관중학교),72,31,41,0,11,16,14,16,15,0,2,7,7,7,8,0,9,9,7,9,7
20242,A,골목상권,3110877,신림역 8번,489,260,229,0,50,81,112,127,119,0,15,39,59,64,83,0,35,42,53,63,36
20242,A,골목상권,3110878,미림여고,109,64,45,0,8,22,32,32,15,0,4,11,17,18,14,0,4,11,15,14,1
20242,A,골목상권,3110879,신림현대아파트,223,126,97,0,25,43,60,57,38,0,12,22,31,32,29,0,13,21,29,25,9
20242,A,골목상권,3110880,신림역 1번,278,113,165,0,51,60,52,63,52,0,11,24,26,23,29,0,40,36,26,40,23
20242,A,골목상권,3110881,구립대학경로당(관악산샘말공원),121,113,8,0,5,34,43,36,3,0,3,31,41,35,3,0,2,3,2,1,0
20242,A,골목상권,3110882,신성초등학교,512,293,219,0,68,93,132,114,105,0,34,49,70,69,71,0,34,44,62,45,34
20242,A,골목상권,3110883,은천초등학교(은천교앞),1151,593,558,0,139,270,279,296,167,0,53,136,143,141,120,0,86,134,136,155,47
20242,A,골목상권,3110884,봉천역 4번(봉천110안전센터),346,166,180,0,46,67,72,95,66,0,13,33,38,43,39,0,33,34,34,52,27
20242,A,골목상권,3110885,영락고등학교,274,152,122,0,42,50,66,59,57,0,21,25,36,34,36,0,21,25,30,25,21
20242,A,골목상권,3110886,관악해태어린이공원,227,132,95,0,32,40,59,48,48,0,16,22,32,30,32,0,16,18,27,18,16
20242,A,골목상권,3110887,서울산업정보학교(서울삼성초등학교),22,19,3,0,3,5,8,5,1,0,2,4,7,5,1,0,1,1,1,0,0
20242,A,골목상권,3110888,청룡동주민센터,163,91,72,0,25,48,40,40,10,0,9,25,22,27,8,0,16,23,18,13,2
20242,A,골목상권,3110889,봉천역 6번,101,48,53,0,13,19,22,28,19,0,4,9,11,13,11,0,9,10,11,15,8
20242,A,골목상권,3110890,봉천역 1번(관악초등학교),474,259,215,0,79,136,116,110,33,0,29,69,64,71,26,0,50,67,52,39,7
20242,A,골목상권,3110891,구암초등학교,1166,440,726,1,170,206,266,354,169,1,78,108,120,95,38,0,92,98,146,259,131
20242,A,골목상권,3110892,관악구 중앙길,467,212,255,0,46,84,107,140,90,0,14,41,49,64,44,0,32,43,58,76,46
20242,A,골목상권,3110893,관악소방서(문영여고),311,171,140,0,50,88,76,72,25,0,19,45,42,47,18,0,31,43,34,25,7
20242,A,골목상권,3110894,관악동부센트레빌아파트(은천로35라길),33,12,21,0,4,5,8,11,5,0,2,3,4,2,1,0,2,2,4,9,4
20242,A,골목상권,3110895,샤로수길,2595,1433,1162,0,424,892,555,401,323,0,192,469,287,232,253,0,232,423,268,169,70
20242,A,골목상권,3110896,관악우성아파트,277,157,120,0,41,76,74,56,30,0,19,43,42,31,22,0,22,33,32,25,8
20242,A,골목상권,3110897,서울대입구역 8번,397,224,173,0,60,100,93,90,54,0,29,58,49,47,41,0,31,42,44,43,13
20242,A,골목상권,3110898,청림동주민센터(상도중학교),128,73,55,0,18,43,43,19,5,0,7,25,25,12,4,0,11,18,18,7,1
20242,A,골목상권,3110899,낙성대역 5번(관악중학교),479,269,210,0,68,118,114,110,69,0,33,66,61,57,52,0,35,52,53,53,17
20242,A,골목상권,3110900,낙성대역 1번(관악구민 종합체육센터),321,189,132,0,67,98,85,47,24,0,31,61,51,24,22,0,36,37,34,23,2
20242,A,골목상권,3110901,인헌고등학교(인헌중학교),218,126,92,0,46,69,58,30,15,0,19,42,35,16,14,0,27,27,23,14,1
20242,A,골목상권,3110902,사당역 4번,828,556,272,0,138,211,225,163,91,0,78,144,158,109,67,0,60,67,67,54,24
20242,A,골목상권,3110903,방배아이파크아파트,2775,1536,1239,4,520,719,738,498,296,4,176,375,430,325,226,0,344,344,308,173,70
20242,A,골목상권,3110904,이수역 5번,2855,1388,1467,0,485,733,790,548,299,0,167,328,365,325,203,0,318,405,425,223,96
20242,A,골목상권,3110905,방배노인종합복지관(이수중학교),815,398,417,0,137,210,221,159,88,0,48,95,102,93,60,0,89,115,119,66,28
20242,A,골목상권,3110906,서문여고,989,611,378,0,171,275,246,188,109,0,72,163,166,131,79,0,99,112,80,57,30
20242,A,골목상권,3110907,방배초등학교,2339,1448,891,0,404,649,580,449,257,0,172,382,393,316,185,0,232,267,187,133,72
20242,A,골목상권,3110908,구반포역,6068,3302,2766,12,1002,2001,1732,1039,282,7,366,1091,971,650,217,5,636,910,761,389,65
20242,A,골목상권,3110909,남태령역(서울전자고등학교),1511,736,775,0,257,390,415,289,160,0,89,175,191,172,109,0,168,215,224,117,51
20242,A,골목상권,3110910,내방역 5번,964,597,367,0,169,265,242,184,104,0,72,156,164,128,77,0,97,109,78,56,27
20242,A,골목상권,3110911,방배배수지체육공원,1191,779,412,6,189,353,322,193,128,2,96,221,231,133,96,4,93,132,91,60,32
20242,A,골목상권,3110912,방배동사이길,1799,998,801,4,338,464,479,322,192,4,115,242,280,209,148,0,223,222,199,113,44
20242,A,골목상권,3110913,방현초등학교(방배119안전센터),4068,2662,1406,16,641,1211,1100,664,436,5,326,757,789,458,327,11,315,454,311,206,109
20242,A,골목상권,3110914,내방역 6번,582,360,222,0,102,160,144,112,64,0,43,95,98,78,46,0,59,65,46,34,18
20242,A,골목상권,3110915,서래초등학교,849,470,379,1,160,219,226,152,91,1,54,114,132,99,70,0,106,105,94,53,21
20242,A,골목상권,3110916,내방역 4번,4188,2780,1408,10,831,1293,1022,759,273,9,395,790,754,625,207,1,436,503,268,134,66
20242,A,골목상권,3110917,서초소방서,3455,3049,406,0,346,734,933,1286,156,0,262,611,828,1221,127,0,84,123,105,65,29
20242,A,골목상권,3110918,방배역 3번,1055,698,357,1,208,326,259,190,71,1,98,199,191,156,53,0,110,127,68,34,18
20242,A,골목상권,3110919,내방역 8번,753,466,287,0,128,209,189,145,82,0,53,122,129,103,59,0,75,87,60,42,23
20242,A,골목상권,3110920,방배역 2번(백석예술대학교),1014,663,351,4,160,302,274,163,111,1,81,189,196,113,83,3,79,113,78,50,28
20242,A,골목상권,3110921,서울프랑스학교,1173,1037,136,0,117,250,316,438,52,0,89,207,281,416,44,0,28,43,35,22,8
20242,A,골목상권,3110922,내방역 1번,465,311,154,0,91,146,115,83,30,0,43,89,85,70,24,0,48,57,30,13,6
20242,A,골목상권,3110923,방배역 1번,184,121,63,0,30,54,50,30,20,0,15,34,36,21,15,0,15,20,14,9,5
20242,A,골목상권,3110924,반포4동주민센터(몽마르뜨공원),2008,1774,234,0,199,428,542,747,92,0,152,355,481,710,76,0,47,73,61,37,16
20242,A,골목상권,3110925,서초중학교,401,240,161,0,69,120,103,74,35,0,30,70,66,48,26,0,39,50,37,26,9
20242,A,골목상권,3110926,신중초등학교,863,516,347,0,147,263,222,157,74,0,61,155,143,103,54,0,86,108,79,54,20
20242,A,골목상권,3110927,잠원역,123,71,52,0,26,36,30,19,12,0,10,21,20,12,8,0,16,15,10,7,4
20242,A,골목상권,3110928,서초우방유쉘아파트,376,223,153,0,64,111,96,70,35,0,27,65,61,45,25,0,37,46,35,25,10
20242,A,골목상권,3110929,남부터미널역 1번,4716,2637,2079,0,990,1223,1041,1153,309,0,356,657,602,797,225,0,634,566,439,356,84
20242,A,골목상권,3110930,서초동성당,1051,586,465,0,222,275,230,257,67,0,80,147,133,177,49,0,142,128,97,80,18
20242,A,골목상권,3110931,삼성전자서울R&D(서울우면초등학교),104,69,35,2,24,29,25,14,10,1,12,20,18,10,8,1,12,9,7,4,2
20242,A,골목상권,3110932,서울시인재개발원,1329,743,586,0,279,344,296,322,88,0,99,185,171,224,64,0,180,159,125,98,24
20242,A,골목상권,3110933,한국상담대학원대학교,499,279,220,0,104,130,111,121,33,0,37,70,64,84,24,0,67,60,47,37,9
20242,A,골목상권,3110934,우면주공아파트,621,403,218,4,146,174,142,95,60,2,74,118,99,64,46,2,72,56,43,31,14
20242,A,골목상권,3110935,한전아트센터,1102,731,371,1,230,366,278,168,59,0,125,247,191,126,42,1,105,119,87,42,17
20242,A,골목상권,3110936,더케이호텔(양재리본타워2단지아파트),1419,1068,351,0,187,348,400,377,107,0,114,257,308,307,82,0,73,91,92,70,25
20242,A,골목상권,3110937,방아다리근린공원(횃불트리니티신학대학원대학교),220,143,77,2,52,61,51,32,22,1,27,41,36,21,17,1,25,20,15,11,5
20242,A,골목상권,3110938,바우뫼공원,1409,911,498,19,331,388,320,210,141,9,169,260,224,141,108,10,162,128,96,69,33
20242,A,골목상권,3110939,양재역 8번(양재동우체국),5759,3716,2043,62,1351,1599,1307,860,580,29,684,1074,921,573,435,33,667,525,386,287,145
20242,A,골목상권,3110940,양재근린공원(양재2동주민센터),1787,1343,444,0,238,438,504,472,135,0,143,322,387,387,104,0,95,116,117,85,31
20242,A,골목상권,3110941,언남고등학교,740,555,185,0,97,181,209,197,56,0,59,133,160,160,43,0,38,48,49,37,13
20242,A,골목상권,3110942,염곡동 구룡사(포이동성당),3423,2572,851,0,457,838,963,906,259,0,276,617,741,739,199,0,181,221,222,167,60
20242,A,골목상권,3110943,법제교육센터(버들어린이공원),2352,1769,583,0,312,577,664,622,177,0,188,425,511,509,136,0,124,152,153,113,41
20242,A,골목상권,3110944,서울나래학교(염곡어린이공원),442,287,155,0,63,91,94,96,98,0,43,67,63,56,58,0,20,24,31,40,40
20242,A,골목상권,3110945,본마을노인복지센터(서초구립내곡도서관),164,107,57,0,24,34,33,35,38,0,17,25,23,20,22,0,7,9,10,15,16
20242,A,골목상권,3110946,청계산원터골,332,249,83,0,43,82,94,87,26,0,26,60,72,71,20,0,17,22,22,16,6
20242,A,골목상권,3110947,청계산입구역 2번(내곡동주민센터),529,346,183,0,75,111,113,114,116,0,54,80,78,66,68,0,21,31,35,48,48
20242,A,골목상권,3110948,헌인가구단지,55,36,19,0,8,11,12,12,12,0,6,8,8,7,7,0,2,3,4,5,5
20242,A,골목상권,3110949,한남IC,1357,810,547,0,283,411,347,207,109,0,110,251,233,136,80,0,173,160,114,71,29
20242,A,골목상권,3110950,논현역 7번,638,376,262,0,167,191,137,89,54,0,72,114,93,57,40,0,95,77,44,32,14
20242,A,골목상권,3110951,신사은행나무공원,522,309,213,0,106,158,134,81,43,0,40,96,89,52,32,0,66,62,45,29,11
20242,A,골목상권,3110952,논현목련공원,116,70,46,0,30,37,24,17,8,0,13,22,17,11,7,0,17,15,7,6,1
20242,A,골목상권,3110953,학동근린공원,1514,889,625,0,397,458,323,207,129,0,169,272,218,135,95,0,228,186,105,72,34
20242,A,골목상권,3110954,국기원,566,336,230,0,116,173,146,98,33,0,56,108,96,53,23,0,60,65,50,45,10
20242,A,골목상권,3110955,논현초등학교,1354,799,555,0,359,411,288,188,108,0,153,248,196,121,81,0,206,163,92,67,27
20242,A,골목상권,3110956,언주역 8번,830,489,341,0,169,253,215,144,49,0,80,156,139,79,35,0,89,97,76,65,14
20242,A,골목상권,3110957,언북중학교,2231,1430,801,0,427,651,540,361,252,0,186,388,384,276,196,0,241,263,156,85,56
20242,A,골목상권,3110958,역삼역 4번,1147,679,468,0,227,352,297,202,69,0,109,219,193,108,50,0,118,133,104,94,19
20242,A,골목상권,3110959,신구중학교,674,380,294,1,150,211,156,101,55,0,56,119,105,66,34,1,94,92,51,35,21
20242,A,골목상권,3110960,은광여고,886,627,259,1,152,207,247,224,55,1,77,135,185,184,45,0,75,72,62,40,10
20242,A,골목상권,3110961,언주역 3번,1501,962,539,0,287,437,362,244,171,0,125,262,258,186,131,0,162,175,104,58,40
20242,A,골목상권,3110962,도산공원북측,390,220,170,1,87,122,89,59,32,0,33,69,60,39,19,1,54,53,29,20,13
20242,A,골목상권,3110963,역삼월드메르디앙아파트,515,306,209,0,106,158,132,89,30,0,50,99,87,48,22,0,56,59,45,41,8
20242,A,골목상권,3110964,싸리고개근린공원,769,545,224,1,131,179,215,196,47,1,66,117,162,160,39,0,65,62,53,36,8
20242,A,골목상권,3110965,언주역 6번,803,478,325,0,163,247,207,140,46,0,77,155,136,76,34,0,86,92,71,64,12
20242,A,골목상권,3110966,논현2동주민센터,1852,1187,665,0,355,537,451,303,206,0,154,323,320,230,160,0,201,214,131,73,46
20242,A,골목상권,3110967,역삼역 8번,753,446,307,0,153,231,193,132,44,0,74,144,126,72,30,0,79,87,67,60,14
20242,A,골목상권,3110968,강남구청역 2번,1346,864,482,0,258,391,326,219,152,0,113,234,233,167,117,0,145,157,93,52,35
20242,A,골목상권,3110969,베르사이유1아파트,1874,1111,763,1,433,522,446,334,138,0,208,334,297,175,97,1,225,188,149,159,41
20242,A,골목상권,3110970,학동초등학교,1115,717,398,0,214,322,271,179,129,0,93,194,193,138,99,0,121,128,78,41,30
20242,A,골목상권,3110971,선정릉역 4번,1823,1081,742,1,369,556,471,318,108,0,177,349,307,171,77,1,192,207,164,147,31
20242,A,골목상권,3110972,강남세브란스병원미래의학연구센터,759,450,309,1,175,212,182,133,56,0,85,135,121,70,39,1,90,77,61,63,17
20242,A,골목상권,3110973,강남구청역 4번,2298,1320,978,0,481,760,574,344,139,0,181,435,379,228,97,0,300,325,195,116,42
20242,A,골목상권,3110974,언주중학교,380,220,160,0,77,125,95,54,29,0,31,74,64,31,20,0,46,51,31,23,9
20242,A,골목상권,3110975,매봉역 1번,1008,716,292,2,172,235,281,255,63,2,87,155,212,209,51,0,85,80,69,46,12
20242,A,골목상권,3110976,언북초등학교,860,489,371,0,179,285,216,128,52,0,66,163,141,84,35,0,113,122,75,44,17
20242,A,골목상권,3110977,논현로18길,256,185,71,0,32,57,72,62,33,0,16,38,55,48,28,0,16,19,17,14,5
20242,A,골목상권,3110978,도곡2동주민센터(대치중학교),1524,1042,482,7,292,598,438,158,31,4,156,410,337,115,20,3,136,188,101,43,11
20242,A,골목상권,3110979,청담초등학교,426,245,181,0,91,142,106,65,22,0,35,82,69,43,16,0,56,60,37,22,6
20242,A,골목상권,3110980,개포지구대옆,429,311,118,0,52,99,123,101,54,0,26,64,94,80,47,0,26,35,29,21,7
20242,A,골목상권,3110981,국악고교사거리,732,527,205,0,86,167,209,176,94,0,43,112,157,137,78,0,43,55,52,39,16
20242,A,골목상권,3110982,강남구보훈회관,482,276,206,0,96,157,124,68,37,0,40,92,82,38,24,0,56,65,42,30,13
20242,A,골목상권,3110983,국립국악고등학교,600,431,169,0,72,139,168,144,77,0,36,91,128,112,64,0,36,48,40,32,13
20242,A,골목상권,3110984,포이초등학교(개포목련어린이공원),1395,1012,383,0,171,315,395,334,180,0,85,213,300,262,152,0,86,102,95,72,28
20242,A,골목상권,3110985,청담근린공원,1065,613,452,0,224,353,266,159,63,0,85,202,175,107,44,0,139,151,91,52,19
20242,A,골목상권,3110986,삼성중앙역 7번,222,128,94,0,45,71,57,31,18,0,19,41,38,18,12,0,26,30,19,13,6
20242,A,골목상권,3110987,영동대교남단,248,142,106,0,52,82,62,38,14,0,20,47,40,25,10,0,32,35,22,13,4
20242,A,골목상권,3110988,청담역 3번,975,659,316,0,196,293,264,174,48,0,106,194,193,136,30,0,90,99,71,38,18
20242,A,골목상권,3110989,대치동아우편취급국,876,539,337,1,139,262,239,149,86,0,60,158,163,105,53,1,79,104,76,44,33
20242,A,골목상권,3110990,청담역 12번,311,179,132,0,66,103,77,47,18,0,25,59,51,31,13,0,41,44,26,16,5
20242,A,골목상권,3110991,삼성중앙역 5번,2602,1756,846,6,525,779,698,461,133,3,282,515,514,362,80,3,243,264,184,99,53
20242,A,골목상권,3110992,도곡초등학교,1109,684,425,1,177,333,300,191,107,0,75,201,207,134,67,1,102,132,93,57,40
20242,A,골목상권,3110993,개포지하차도 북측,1310,805,505,5,206,347,341,271,140,2,93,192,235,183,100,3,113,155,106,88,40
20242,A,골목상권,3110994,개포고등학교,3473,2277,1196,0,611,992,832,644,394,0,327,662,573,411,304,0,284,330,259,233,90
20242,A,골목상권,3110995,봉은사역 4번,5695,3847,1848,10,1148,1710,1526,1013,288,5,615,1132,1127,795,173,5,533,578,399,218,115
20242,A,골목상권,3110996,대치2동주민센터,1379,773,606,6,252,379,316,261,165,2,116,233,204,135,83,4,136,146,112,126,82
20242,A,골목상권,3110997,대청초등학교,1322,732,590,0,161,248,310,293,310,0,69,132,160,154,217,0,92,116,150,139,93
20242,A,골목상권,3110998,은곡마을(은곡마을공원),52,33,19,0,1,9,10,17,15,0,0,5,6,11,11,0,1,4,4,6,4
20242,A,골목상권,3110999,윗방죽마을공원,91,58,33,0,2,15,18,30,26,0,1,8,11,19,19,0,1,7,7,11,7
20242,A,골목상권,3111000,대왕초등학교(세곡동사거리서남측),12,10,2,0,0,0,2,6,4,0,0,0,2,4,4,0,0,0,0,2,0
20242,A,골목상권,3111001,아래방죽마을공원(율현초등학교),37,22,15,0,1,6,8,12,10,0,0,3,5,7,7,0,1,3,3,5,3
20242,A,골목상권,3111002,한국교통안전공단 강남자동차검사소,32,19,13,0,0,6,7,10,9,0,0,3,4,6,6,0,0,3,3,4,3
20242,A,골목상권,3111003,삼전역 4번,2183,1398,785,0,293,422,512,486,470,0,127,257,321,334,359,0,166,165,191,152,111
20242,A,골목상권,3111004,삼전역 1번,2225,1423,802,0,303,427,522,495,478,0,132,259,328,340,364,0,171,168,194,155,114
20242,A,골목상권,3111005,삼전역 3번,775,514,261,0,91,177,175,160,172,0,51,113,112,96,142,0,40,64,63,64,30
20242,A,골목상권,3111006,석촌고분역 1번,1359,916,443,0,163,309,305,276,306,0,94,201,198,169,254,0,69,108,107,107,52
20242,A,골목상권,3111007,석촌고분역 4번,671,454,217,0,78,152,152,136,153,0,46,99,99,83,127,0,32,53,53,53,26
20242,A,골목상권,3111008,석촌고분역 3번,326,218,108,0,39,77,76,64,70,0,23,56,52,38,49,0,16,21,24,26,21
20242,A,골목상권,3111009,송파책박물관,135,88,47,0,17,31,30,28,29,0,9,22,21,16,20,0,8,9,9,12,9
20242,A,골목상권,3111010,석촌역 7번,1221,809,412,0,147,276,285,254,259,0,86,200,191,149,183,0,61,76,94,105,76
20242,A,골목상권,3111011,잠실나루역,4260,3421,839,21,570,1338,1237,902,192,9,410,1097,1020,736,149,12,160,241,217,166,43
20242,A,골목상권,3111012,석촌역 6번,443,291,152,0,55,102,106,89,91,0,33,74,71,50,63,0,22,28,35,39,28
20242,A,골목상권,3111013,송파나루역 1번(송리단길),7331,4578,2753,0,1039,1648,1820,1597,1227,0,443,976,1182,1073,904,0,596,672,638,524,323
20242,A,골목상권,3111014,송파나루역 2번,709,407,302,0,114,184,160,150,101,0,65,119,97,71,55,0,49,65,63,79,46
20242,A,골목상권,3111015,석촌역 3번,4243,2648,1595,0,604,953,1054,922,710,0,259,561,685,620,523,0,345,392,369,302,187
20242,A,골목상권,3111016,송파역 2번,2582,1629,953,3,412,642,677,615,233,3,199,407,488,385,147,0,213,235,189,230,86
20242,A,골목상권,3111017,송파나루역 3번,615,353,262,0,100,157,139,132,87,0,56,102,85,62,48,0,44,55,54,70,39
20242,A,골목상권,3111018,풍납초등학교(풍납백제문화공원),103,62,41,0,12,23,29,29,10,0,7,13,16,16,10,0,5,10,13,13,0
20242,A,골목상권,3111019,한성백제역 3번,1812,1042,770,0,293,469,407,385,258,0,165,306,249,181,141,0,128,163,158,204,117
20242,A,골목상권,3111020,방이동고분군(방산고등학교),777,570,207,0,79,153,205,208,132,0,38,97,153,167,115,0,41,56,52,41,17
20242,A,골목상권,3111021,방이역 4번,6209,4551,1658,0,646,1217,1632,1663,1051,0,311,777,1218,1333,912,0,335,440,414,330,139
20242,A,골목상권,3111022,석촌중학교(방이육교),857,522,335,0,115,209,194,171,168,0,56,130,131,100,105,0,59,79,63,71,63
20242,A,골목상권,3111023,문정역 1번,5120,3957,1163,0,467,956,1474,1933,290,0,276,691,1147,1656,187,0,191,265,327,277,103
20242,A,골목상권,3111024,경찰병원역 4번(건너말공원),1327,800,527,0,181,320,305,259,262,0,87,198,204,150,161,0,94,122,101,109,101
20242,A,골목상권,3111025,경찰병원역 3번,299,203,96,0,38,64,59,57,81,0,23,44,39,34,63,0,15,20,20,23,18
20242,A,골목상권,3111026,문정역 2번,5121,3914,1207,0,473,943,1453,1884,368,0,276,677,1119,1595,247,0,197,266,334,289,121
20242,A,골목상권,3111027,문정초등학교,7106,5489,1617,0,645,1325,2050,2681,405,0,379,954,1595,2298,263,0,266,371,455,383,142
20242,A,골목상권,3111028,문현중학교(장지역 1번),571,385,186,0,61,92,136,152,130,0,33,61,89,105,97,0,28,31,47,47,33
20242,A,골목상권,3111029,오금역 4번,714,477,237,0,95,152,142,135,190,0,56,103,93,80,145,0,39,49,49,55,45
20242,A,골목상권,3111030,방이역 2번,4355,3038,1317,0,577,1035,1103,1052,588,0,339,697,811,793,398,0,238,338,292,259,190
20242,A,골목상권,3111031,장지동주민센터(한림연예예술고교),1587,1077,510,0,173,253,377,416,368,0,96,168,251,290,272,0,77,85,126,126,96
20242,A,골목상권,3111032,방이역 1번,4019,2802,1217,0,535,955,1017,968,544,0,313,643,747,730,369,0,222,312,270,238,175
20242,A,골목상권,3111033,문정동성당,231,158,73,0,25,37,55,61,53,0,13,25,37,43,40,0,12,12,18,18,13
20242,A,골목상권,3111034,오동나무공원(송파레미니스1단지),2171,1513,658,0,287,515,556,522,291,0,168,347,406,395,197,0,119,168,150,127,94
20242,A,골목상권,3111035,오금공원(오주중학교),934,653,281,0,125,223,237,224,125,0,73,150,174,170,86,0,52,73,63,54,39
20242,A,골목상권,3111036,투구봉어린이공원,567,378,189,0,75,121,114,105,152,0,44,82,75,62,115,0,31,39,39,43,37
20242,A,골목상권,3111037,Sh수협은행 오금동금융센터(아랫말어린이공원),584,408,176,0,78,140,146,141,79,0,45,95,108,107,53,0,33,45,38,34,26
20242,A,골목상권,3111038,보인중학교,1817,1266,551,0,242,431,457,439,248,0,142,290,337,330,167,0,100,141,120,109,81
20242,A,골목상권,3111039,벌말어린이공원,825,579,246,0,112,198,205,196,114,0,66,132,153,150,78,0,46,66,52,46,36
20242,A,골목상권,3111040,거여초등학교,454,318,136,0,61,109,114,106,64,0,37,72,84,81,44,0,24,37,30,25,20
20242,A,골목상권,3111041,거여역 8번,116,86,30,0,29,34,28,15,10,0,20,27,21,11,7,0,9,7,7,4,3
20242,A,골목상권,3111042,거여역 1번(거여공원),1425,1073,352,0,359,413,347,188,118,0,251,332,268,130,92,0,108,81,79,58,26
20242,A,골목상권,3111043,마천공원,200,133,67,0,15,45,60,56,24,0,9,30,35,35,24,0,6,15,25,21,0
20242,A,골목상권,3111044,남천초등학교,524,347,177,0,32,124,157,148,63,0,21,81,92,90,63,0,11,43,65,58,0
20242,A,골목상권,3111045,개미어린이공원,57,31,26,0,5,9,17,18,8,0,4,5,9,9,4,0,1,4,8,9,4
20242,A,골목상권,3111046,마천역(마천초등학교),720,402,318,0,43,171,229,215,62,0,13,93,120,114,62,0,30,78,109,101,0
20242,A,골목상권,3111047,마천1치안센터,79,38,41,0,3,21,26,26,3,0,0,9,13,13,3,0,3,12,13,13,0
20242,A,골목상권,3111048,천호역 1번(천호문구완구거리),108,58,50,0,9,23,30,28,18,0,3,11,15,14,15,0,6,12,15,14,3
20242,A,골목상권,3111049,천호지구대(천호동자전거거리),175,91,84,0,18,39,45,42,31,0,6,18,22,21,24,0,12,21,23,21,7
20242,A,골목상권,3111050,강동구청(강동구청역 2번),236,161,75,0,26,50,51,62,47,0,15,32,33,45,36,0,11,18,18,17,11
20242,A,골목상권,3111051,천호역 6번,373,254,119,0,56,80,89,76,72,0,44,53,53,53,51,0,12,27,36,23,21
20242,A,골목상권,3111052,암사역 3번(천호동자전거거리),449,175,274,0,39,77,112,133,88,0,13,34,47,43,38,0,26,43,65,90,50
20242,A,골목상권,3111053,성내천어린이공원(하니사랑길),1741,1185,556,0,206,364,377,449,345,0,119,227,248,326,265,0,87,137,129,123,80
20242,A,골목상권,3111054,암사역 4번(삼성광나루아파트),246,91,155,0,25,40,59,73,49,0,8,19,25,21,18,0,17,21,34,52,31
20242,A,골목상권,3111055,선사초등학교,295,108,187,0,29,49,71,88,58,0,10,23,29,26,20,0,19,26,42,62,38
20242,A,골목상권,3111056,천호태영아파트,143,82,61,0,5,15,24,26,73,0,1,6,12,14,49,0,4,9,12,12,24
20242,A,골목상권,3111057,천호공원(해공체육문화센터),164,85,79,0,15,39,42,42,26,0,4,18,21,21,21,0,11,21,21,21,5
20242,A,골목상권,3111058,성내중학교,578,391,187,0,70,119,125,149,115,0,40,74,81,108,88,0,30,45,44,41,27
20242,A,골목상권,3111059,강동역 4번(강풀만화거리),728,484,244,0,116,153,173,145,141,0,86,100,101,100,97,0,30,53,72,45,44
20242,A,골목상권,3111060,암사역 2번(서울강동초등학교),359,185,174,0,36,78,94,89,62,0,12,35,47,44,47,0,24,43,47,45,15
20242,A,골목상권,3111061,암사역 1번,648,400,248,0,78,143,139,128,160,0,38,93,88,88,93,0,40,50,51,40,67
20242,A,골목상권,3111062,둔촌동역 3번(성내3동주민센터),743,455,288,0,101,168,189,157,128,0,53,109,116,90,87,0,48,59,73,67,41
20242,A,골목상권,3111063,강동구립 천호도서관,152,90,62,0,2,11,24,26,89,0,0,5,12,14,59,0,2,6,12,12,30
20242,A,골목상권,3111064,둔촌동역 4번,281,173,108,0,38,65,69,60,49,0,20,41,43,35,34,0,18,24,26,25,15
20242,A,골목상권,3111065,천일초등학교,342,204,138,0,25,58,85,82,92,0,8,30,43,51,72,0,17,28,42,31,20
20242,A,골목상권,3111066,암사동성당(효정하나플러스아파트),444,275,169,0,55,97,93,88,111,0,27,64,60,60,64,0,28,33,33,28,47
20242,A,골목상권,3111067,강동구립성내도서관,778,470,308,0,103,178,197,164,136,0,53,112,121,93,91,0,50,66,76,71,45
20242,A,골목상권,3111068,강동성심병원,1058,538,520,0,149,211,241,259,198,0,58,113,129,119,119,0,91,98,112,140,79
20242,A,골목상권,3111069,천호1동주민센터,972,571,401,0,75,176,245,237,239,0,22,91,124,146,188,0,53,85,121,91,51
20242,A,골목상권,3111070,천호초등학교,332,197,135,0,24,60,89,80,79,0,7,31,45,50,64,0,17,29,44,30,15
20242,A,골목상권,3111071,천동초등학교,42,22,20,0,5,8,10,11,8,0,2,5,5,5,5,0,3,3,5,6,3
20242,A,골목상권,3111072,굽은다리역 1번(십자성마을),811,474,337,0,54,133,189,186,249,0,16,67,95,112,184,0,38,66,94,74,65
20242,A,골목상권,3111073,둔촌동역 1번(한산중학교),1292,582,710,0,246,340,284,269,153,0,66,142,142,127,105,0,180,198,142,142,48
20242,A,골목상권,3111074,명일역 1번,157,91,66,0,23,38,37,30,29,0,11,24,24,17,15,0,12,14,13,13,14
20242,A,골목상권,3111075,굽은다리역 2번,917,537,380,0,72,168,232,225,220,0,21,87,117,139,173,0,51,81,115,86,47
20242,A,골목상권,3111076,둔촌2동주민센터,413,186,227,0,78,109,90,86,50,0,22,45,45,41,33,0,56,64,45,45,17
20242,A,골목상권,3111077,길동주민센터(강동도서관),1100,560,540,0,149,223,255,272,201,0,56,120,136,124,124,0,93,103,119,148,77
20242,A,골목상권,3111078,굽은다리역 4번,1147,585,562,0,160,233,263,280,211,0,61,126,143,128,127,0,99,107,120,152,84
20242,A,골목상권,3111079,둔촌고등학교(둔촌중학교),144,63,81,0,30,38,30,29,17,0,8,15,15,14,11,0,22,23,15,15,6
20242,A,골목상권,3111080,굽은다리역 3번,413,233,180,0,60,114,106,73,60,0,28,70,70,37,28,0,32,44,36,36,32
20242,A,골목상권,3111081,둔촌푸르지오아파트,117,53,64,0,22,31,25,25,14,0,6,13,12,12,10,0,16,18,13,13,4
20242,A,골목상권,3111082,중앙보훈병원,35,16,19,0,6,9,8,8,4,0,2,4,4,4,2,0,4,5,4,4,2
20242,A,골목상권,3111083,GS강동자이아파트,282,144,138,0,40,56,63,70,53,0,16,30,34,32,32,0,24,26,29,38,21
20242,A,골목상권,3111084,길동신동아아파트,81,41,40,0,11,17,19,19,15,0,4,9,10,9,9,0,7,8,9,10,6
20242,A,골목상권,3111085,묘곡초등학교(고덕아이파크아파트),653,337,316,0,74,143,169,156,111,0,33,80,82,71,71,0,41,63,87,85,40
20242,A,골목상권,3111086,한영중고,372,258,114,0,45,106,99,79,43,0,23,76,72,51,36,0,22,30,27,28,7
20242,A,골목상권,3111087,고덕중학교(고덕2동주민센터),171,107,64,0,7,21,39,61,43,0,0,9,22,41,35,0,7,12,17,20,8
20242,A,골목상권,3111088,고덕동성당,333,213,120,0,16,41,76,117,83,0,1,18,45,81,68,0,15,23,31,36,15
20242,A,골목상권,3111089,상일여고(상일초등학교),1339,678,661,0,197,302,328,352,160,0,71,151,196,159,101,0,126,151,132,193,59
20242,A,골목상권,3111090,강일동주민센터,149,100,49,0,20,31,43,38,17,0,10,22,28,25,15,0,10,9,15,13,2
20242,D,발달상권,3120001,서대문역,4709,2736,1973,8,807,1265,1191,981,457,2,294,687,768,654,331,6,513,578,423,327,126
20242,D,발달상권,3120002,서촌(경복궁역),2628,1674,954,0,424,756,758,491,199,0,182,470,543,348,131,0,242,286,215,143,68
20242,D,발달상권,3120003,광화문역,38360,23645,14715,73,5429,10972,11428,7400,3058,26,2289,6570,7686,5174,1900,47,3140,4402,3742,2226,1158
20242,D,발달상권,3120004,종로구청,5882,3243,2639,79,1192,1795,1615,921,280,35,518,902,947,650,191,44,674,893,668,271,89
20242,D,발달상권,3120005,삼청동,2512,2080,432,0,300,676,791,601,144,0,193,523,684,543,137,0,107,153,107,58,7
20242,D,발달상권,3120006,종각역,57398,31647,25751,754,11632,17529,15755,8995,2733,314,5063,8807,9245,6349,1869,440,6569,8722,6510,2646,864
20242,D,발달상권,3120007,북촌(안국역),10253,7712,2541,1,1107,3464,3092,1976,613,1,588,2551,2447,1642,483,0,519,913,645,334,130
20242,D,발달상권,3120008,인사동,11422,6296,5126,152,2318,3483,3138,1791,540,65,1009,1749,1842,1262,369,87,1309,1734,1296,529,171
20242,D,발달상권,3120009,종로3가역,21806,12015,9791,271,4427,6669,5994,3420,1025,108,1931,3351,3509,2411,705,163,2496,3318,2485,1009,320
20242,D,발달상권,3120010,원남동사거리,3914,2192,1722,53,811,1187,1064,608,191,18,350,615,641,436,132,35,461,572,423,172,59
20242,D,발달상권,3120011,종로4가,6431,3548,2883,83,1304,1962,1766,1009,307,35,569,985,1036,713,210,48,735,977,730,296,97
20242,D,발달상권,3120012,대학로(혜화역),2452,1237,1215,0,392,650,609,500,301,0,129,311,332,279,186,0,263,339,277,221,115
20242,D,발달상권,3120013,이화사거리,3259,2014,1245,68,742,931,808,510,200,13,304,583,580,391,143,55,438,348,228,119,57
20242,D,발달상권,3120014,종로5가역,5661,3536,2125,134,1333,1634,1393,858,309,27,553,1051,1019,667,219,107,780,583,374,191,90
20242,D,발달상권,3120015,종로6가,1799,1123,676,38,421,523,444,274,99,7,175,334,325,212,70,31,246,189,119,62,29
20242,D,발달상권,3120016,동대문역,508,213,295,0,14,86,172,147,89,0,0,20,56,67,70,0,14,66,116,80,19
20242,D,발달상권,3120017,동묘앞역(동묘),730,322,408,0,41,126,231,195,137,0,10,39,82,94,97,0,31,87,149,101,40
20242,D,발달상권,3120018,중림동,3460,1975,1485,0,671,1081,910,532,266,0,305,596,523,356,195,0,366,485,387,176,71
20242,D,발달상권,3120019,경찰청앞교차로,9721,5312,4409,42,2546,2974,2210,1457,492,11,857,1526,1543,1037,338,31,1689,1448,667,420,154
20242,D,발달상권,3120020,시청역_1번,6139,3260,2879,31,1776,1939,1351,812,230,8,577,965,964,593,153,23,1199,974,387,219,77
20242,D,발달상권,3120021,시청역_8번,21030,11166,9864,110,6085,6639,4627,2782,787,28,1978,3303,3301,2031,525,82,4107,3336,1326,751,262
20242,D,발달상권,3120022,북창동(시청역_6번),21826,11580,10246,108,6318,6892,4804,2890,814,24,2054,3426,3424,2110,542,84,4264,3466,1380,780,272
20242,D,발달상권,3120023,서울시청,16607,9615,6992,4,2719,5599,4509,2960,816,0,1085,2886,2906,2183,555,4,1634,2713,1603,777,261
20242,D,발달상권,3120024,회현역,3623,2239,1384,4,679,1281,996,528,135,0,317,764,649,415,94,4,362,517,347,113,41
20242,D,발달상권,3120025,롯데백화점(시청광장 지하쇼핑센터),26448,14128,12320,130,7428,8388,5910,3580,1012,34,2436,4184,4182,2616,676,96,4992,4204,1728,964,336
20242,D,발달상권,3120026,을지로입구역,46574,26960,19614,14,7626,15692,12648,8302,2292,0,3044,8086,8150,6120,1560,14,4582,7606,4498,2182,732
20242,D,발달상권,3120027,명동역(명동재미로),15672,9554,6118,26,2856,5484,4286,2391,629,6,1295,3175,2786,1854,438,20,1561,2309,1500,537,191
20242,D,발달상권,3120028,명동(명동거리),37678,21392,16286,44,7248,12518,9788,6316,1764,12,2712,6398,6434,4646,1190,32,4536,6120,3354,1670,574
20242,D,발달상권,3120029,을지로2가,14648,8482,6166,4,2398,4936,3976,2608,726,0,958,2544,2562,1924,494,4,1440,2392,1414,684,232
20242,D,발달상권,3120030,중부경찰서(영화인의거리),8033,4155,3878,0,1437,2147,2194,1580,675,0,457,1110,1211,921,456,0,980,1037,983,659,219
20242,D,발달상권,3120031,을지로3가역,13849,7839,6010,4,2668,4198,3493,2448,1038,1,908,2210,2256,1754,710,3,1760,1988,1237,694,328
20242,D,발달상권,3120032,충무로역,11005,5298,5707,21,2001,2812,3084,2232,855,7,770,1460,1533,1022,506,14,1231,1352,1551,1210,349
20242,D,발달상권,3120033,을지로4가역,3572,1939,1633,2,873,870,780,623,424,1,241,482,504,419,292,1,632,388,276,204,132
20242,D,발달상권,3120034,중구청(퇴계로4가),4868,2427,2441,42,1395,1280,1003,771,377,17,677,746,580,263,144,25,718,534,423,508,233
20242,D,발달상권,3120035,퇴계로5가,2173,1086,1087,16,613,574,458,349,163,6,293,332,265,126,64,10,320,242,193,223,99
20242,D,발달상권,3120036,장충동족발거리(남소영길),1427,755,672,1,328,392,369,274,63,0,116,219,219,158,43,1,212,173,150,116,20
20242,D,발달상권,3120037,동대문역사문화공원역,22382,11180,11202,192,6380,5877,4622,3563,1748,77,3058,3413,2671,1267,694,115,3322,2464,1951,2296,1054
20242,D,발달상권,3120038,약수역,8336,3963,4373,9,1357,2862,2183,1326,599,0,461,1294,1010,787,411,9,896,1568,1173,539,188
20242,D,발달상권,3120039,신당역,2230,1186,1044,0,581,484,460,425,280,0,246,237,234,270,199,0,335,247,226,155,81
20242,D,발달상권,3120040,용산전자상가(용산역),11149,5972,5177,15,2173,3437,3154,1699,671,6,945,1767,1712,1076,466,9,1228,1670,1442,623,205
20242,D,발달상권,3120041,신용산역(용산역),28326,13991,14335,43,5789,8862,8100,4161,1371,19,2358,4151,4030,2531,902,24,3431,4711,4070,1630,469
20242,D,발달상권,3120042,"숙대입구역(남영역, 남영동)",4057,1709,2348,31,1542,1001,774,523,186,1,291,537,458,281,141,30,1251,464,316,242,45
20242,D,발달상권,3120043,서울역,32080,19193,12887,87,6645,10988,8517,4607,1236,16,2758,6509,5513,3525,872,71,3887,4479,3004,1082,364
20242,D,발달상권,3120044,삼각지역,2454,1213,1241,0,503,768,703,363,117,0,206,360,350,220,77,0,297,408,353,143,40
20242,D,발달상권,3120045,남영동 먹자골목,3209,1351,1858,25,1220,793,609,413,149,0,230,426,361,222,112,25,990,367,248,191,37
20242,D,발달상권,3120046,이태원(이태원역),18161,10121,8040,4,4396,6314,4061,2724,662,4,1408,3175,2736,2258,540,0,2988,3139,1325,466,122
20242,D,발달상권,3120047,한남오거리,8200,6010,2190,5,1358,2427,2161,1885,364,5,647,1616,1751,1693,298,0,711,811,410,192,66
20242,D,발달상권,3120048,금호역,326,194,132,0,38,70,90,79,49,0,12,34,58,49,41,0,26,36,32,30,8
20242,D,발달상권,3120049,왕십리역(왕십리),1223,745,478,0,160,244,305,339,175,0,68,149,198,223,107,0,92,95,107,116,68
20242,D,발달상권,3120050,서울숲역,954,593,361,0,118,200,215,257,164,0,54,124,137,174,104,0,64,76,78,83,60
20242,D,발달상권,3120051,뚝섬역,6487,4260,2227,5,1053,1538,1537,1349,1005,5,596,1027,1022,868,742,0,457,511,515,481,263
20242,D,발달상권,3120052,성수역,15712,10067,5645,21,2591,4003,3929,3153,2015,21,1435,2673,2644,1903,1391,0,1156,1330,1285,1250,624
20242,D,발달상권,3120053,건대입구역(건대),1335,959,376,0,145,293,365,369,163,0,78,198,265,272,146,0,67,95,100,97,17
20242,D,발달상권,3120054,어린이대공원역,330,196,134,0,38,64,79,88,61,0,11,35,48,55,47,0,27,29,31,33,14
20242,D,발달상권,3120055,군자역,2856,1571,1285,5,509,593,668,659,422,0,240,332,367,329,303,5,269,261,301,330,119
20242,D,발달상권,3120056,구의역,4698,3489,1209,0,409,800,1284,1707,498,0,196,497,947,1421,428,0,213,303,337,286,70
20242,D,발달상권,3120057,아차산역,1950,1155,795,0,282,388,505,498,277,0,130,210,303,302,210,0,152,178,202,196,67
20242,D,발달상권,3120058,구의사거리,896,548,348,0,118,196,233,223,126,0,64,120,145,134,85,0,54,76,88,89,41
20242,D,발달상권,3120059,구삼강변맛길,2312,1409,903,0,274,486,558,582,412,0,156,340,376,302,235,0,118,146,182,280,177
20242,D,발달상권,3120060,강변역(테크노마트),3399,2072,1327,0,399,716,820,859,605,0,227,501,556,444,344,0,172,215,264,415,261
20242,D,발달상권,3120061,올림픽대교북단,913,554,359,2,180,213,203,194,121,0,92,144,137,108,73,2,88,69,66,86,48
20242,D,발달상권,3120062,신설동역,5763,2969,2794,0,725,1245,1416,1408,969,0,323,699,751,668,528,0,402,546,665,740,441
20242,D,발달상권,3120063,청량리역(청량리),1166,669,497,0,178,310,252,253,173,0,69,182,158,157,103,0,109,128,94,96,70
20242,D,발달상권,3120064,경희대학교(경희대),19,8,11,0,0,4,7,5,3,0,0,0,3,2,3,0,0,4,4,3,0
20242,D,발달상권,3120065,회기역,729,428,301,0,70,152,190,186,131,0,18,89,118,123,80,0,52,63,72,63,51
20242,D,발달상권,3120066,장한평역(장한평),8059,5114,2945,4,1266,1735,1740,1686,1628,0,706,1137,1115,1034,1122,4,560,598,625,652,506
20242,D,발달상권,3120067,장안동사거리,2901,1661,1240,0,711,568,605,579,438,0,381,341,318,310,311,0,330,227,287,269,127
20242,D,발달상권,3120068,사가정역,290,176,114,0,22,49,79,87,53,0,3,23,45,58,47,0,19,26,34,29,6
20242,D,발달상권,3120069,상봉역,1821,1288,533,0,212,411,524,450,224,0,129,283,339,327,210,0,83,128,185,123,14
20242,D,발달상권,3120070,한성대입구역,2838,2048,790,0,360,699,828,801,150,0,189,459,614,686,100,0,171,240,214,115,50
20242,D,발달상권,3120071,성북구청,1650,825,825,0,174,396,501,413,166,0,57,169,241,260,98,0,117,227,260,153,68
20242,D,발달상권,3120072,성신여대,2452,1217,1235,0,304,518,571,634,425,0,88,223,280,355,271,0,216,295,291,279,154
20242,D,발달상권,3120073,미아사거리,210,80,130,0,12,42,65,65,26,0,3,13,31,20,13,0,9,29,34,45,13
20242,D,발달상권,3120074,안암역,233,157,76,0,29,64,68,51,21,0,15,40,43,39,20,0,14,24,25,12,1
20242,D,발달상권,3120075,월곡역,1242,788,454,0,198,354,303,218,169,0,99,232,183,130,144,0,99,122,120,88,25
20242,D,발달상권,3120076,수유역,3222,1818,1404,0,292,715,777,906,532,0,100,371,420,576,351,0,192,344,357,330,181
20242,D,발달상권,3120077,미아역,1679,962,717,0,126,292,512,503,246,0,41,142,284,312,183,0,85,150,228,191,63
20242,D,발달상권,3120078,미아사거리역,501,244,257,0,32,80,160,140,89,0,7,30,67,67,73,0,25,50,93,73,16
20242,D,발달상권,3120079,창동역,2805,1775,1030,0,311,598,689,656,551,0,152,386,448,391,398,0,159,212,241,265,153
20242,D,발달상권,3120080,마들역,1451,858,593,0,190,386,361,380,134,0,90,244,190,237,97,0,100,142,171,143,37
20242,D,발달상권,3120081,노원역,7613,3417,4196,0,1048,1712,1969,1963,921,0,272,696,888,1036,525,0,776,1016,1081,927,396
20242,D,발달상권,3120082,상계백병원,970,429,541,0,136,228,250,248,108,0,35,87,113,133,61,0,101,141,137,115,47
20242,D,발달상권,3120083,등나무근린공원,906,504,402,0,122,235,231,231,87,0,73,139,118,120,54,0,49,96,113,111,33
20242,D,발달상권,3120084,공릉역,2344,1266,1078,0,251,360,510,648,575,0,113,196,253,337,367,0,138,164,257,311,208
20242,D,발달상권,3120085,은행사거리,1595,842,753,0,197,342,453,425,178,0,88,182,225,218,129,0,109,160,228,207,49
20242,D,발달상권,3120086,태릉입구역,2751,1485,1266,0,293,421,599,761,677,0,133,228,297,395,432,0,160,193,302,366,245
20242,D,발달상권,3120087,응암역,365,194,171,0,37,73,87,90,78,0,13,36,46,44,55,0,24,37,41,46,23
20242,D,발달상권,3120088,구산역,1202,623,579,0,133,236,302,342,189,0,54,118,144,178,129,0,79,118,158,164,60
20242,D,발달상권,3120089,구파발역,561,296,265,0,49,142,157,139,74,0,21,90,90,57,38,0,28,52,67,82,36
20242,D,발달상권,3120090,연신내역,1893,891,1002,0,164,348,402,428,551,0,52,168,174,184,313,0,112,180,228,244,238
20242,D,발달상권,3120091,본서부병원,965,530,435,0,99,174,237,231,224,0,43,84,121,121,161,0,56,90,116,110,63
20242,D,발달상권,3120092,불광역,259,132,127,0,25,59,71,65,39,0,9,28,34,33,28,0,16,31,37,32,11
20242,D,발달상권,3120093,연희동,6402,4240,2162,0,1013,1599,1378,1793,619,0,566,1073,866,1290,445,0,447,526,512,503,174
20242,D,발달상권,3120094,"신촌역(신촌역, 신촌로터리)",2685,1373,1312,0,687,710,571,466,251,0,264,343,305,281,180,0,423,367,266,185,71
20242,D,발달상권,3120095,홍제역,1750,891,859,0,186,269,444,569,282,0,49,125,229,314,174,0,137,144,215,255,108
20242,D,발달상권,3120096,"이화여대(이대역, 이대)",511,284,227,0,132,125,108,98,48,0,51,66,63,66,38,0,81,59,45,32,10
20242,D,발달상권,3120097,충정로역,3813,2377,1436,0,473,975,1014,907,444,0,223,592,644,598,320,0,250,383,370,309,124
20242,D,발달상권,3120098,DMC(디지털미디어시티),12628,7785,4843,18,2668,4623,3446,1418,455,7,1170,2924,2294,1006,384,11,1498,1699,1152,412,71
20242,D,발달상권,3120100,망원역,1441,781,660,0,355,405,318,225,138,0,184,211,165,127,94,0,171,194,153,98,44
20242,D,발달상권,3120101,합정역,4440,2389,2051,0,822,1276,1111,772,459,0,324,632,659,466,308,0,498,644,452,306,151
20242,D,발달상권,3120102,서교동(홍대),5120,2617,2503,0,1069,1444,1189,843,575,0,440,722,654,444,357,0,629,722,535,399,218
20242,D,발달상권,3120103,홍대입구역(홍대),7326,3768,3558,0,1513,2061,1717,1220,815,0,618,1032,954,654,510,0,895,1029,763,566,305
20242,D,발달상권,3120104,연남동(홍대),5236,2866,2370,0,1016,1404,1251,950,615,0,422,715,707,566,456,0,594,689,544,384,159
20242,D,발달상권,3120105,상수역(홍대),1407,891,516,0,239,344,339,278,207,0,118,205,226,186,156,0,121,139,113,92,51
20242,D,발달상권,3120106,마포역,11550,6930,4620,0,1852,2838,2801,2402,1657,0,931,1782,1852,1340,1025,0,921,1056,949,1062,632
20242,D,발달상권,3120107,공덕역(공덕오거리),16461,9609,6852,3,3177,4479,4344,3143,1315,0,1416,2611,2736,1971,875,3,1761,1868,1608,1172,440
20242,D,발달상권,3120108,신정네거리역,2976,1788,1188,3,412,601,705,664,591,3,158,351,407,387,482,0,254,250,298,277,109
20242,D,발달상권,3120109,서울남부지방법원,4153,2382,1771,11,717,919,943,884,679,11,260,531,540,501,539,0,457,388,403,383,140
20242,D,발달상권,3120110,목동역 8번출구,2458,1373,1085,0,407,442,482,523,604,0,115,219,253,285,501,0,292,223,229,238,103
20242,D,발달상권,3120111,목동사거리,1403,785,618,0,209,327,363,332,172,0,65,173,208,205,134,0,144,154,155,127,38
20242,D,발달상권,3120112,등촌역,2282,1298,984,0,342,531,572,506,331,0,140,302,330,300,226,0,202,229,242,206,105
20242,D,발달상권,3120113,오목교역,5666,3435,2231,1,1010,1712,1474,1070,399,0,436,1011,968,738,282,1,574,701,506,332,117
20242,D,발달상권,3120114,목동신시가지,20959,13148,7811,40,3516,5563,5152,4334,2354,21,1632,3493,3444,2966,1592,19,1884,2070,1708,1368,762
20242,D,발달상권,3120115,김포공항역(김포공항),1141,788,353,0,95,216,263,323,244,0,57,139,179,210,203,0,38,77,84,113,41
20242,D,발달상권,3120116,송정역,618,326,292,0,104,203,171,121,19,0,24,85,101,101,15,0,80,118,70,20,4
20242,D,발달상권,3120117,강서농산물도매시장,857,503,354,0,45,121,233,288,170,0,18,61,112,169,143,0,27,60,121,119,27
20242,D,발달상권,3120118,마곡역(마곡),2581,1529,1052,0,157,393,686,827,518,0,63,207,341,491,427,0,94,186,345,336,91
20242,D,발달상권,3120119,발산역(마곡),5497,3120,2377,0,549,1055,1314,1492,1087,0,234,583,729,828,746,0,315,472,585,664,341
20242,D,발달상권,3120120,화곡역,2125,1266,859,0,274,480,531,515,325,0,131,304,312,288,231,0,143,176,219,227,94
20242,D,발달상권,3120121,까치산역,852,476,376,0,88,196,224,215,129,0,38,110,119,124,85,0,50,86,105,91,44
20242,D,발달상권,3120122,강서구청,4545,2864,1681,0,637,1196,1154,1028,530,0,304,758,733,668,401,0,333,438,421,360,129
20242,D,발달상권,3120123,오류동역,1487,947,540,0,193,277,368,429,220,0,140,188,219,245,155,0,53,89,149,184,65
20242,D,발달상권,3120124,개봉동 현대아파트,2269,1187,1082,0,379,555,554,532,249,0,212,354,267,204,150,0,167,201,287,328,99
20242,D,발달상권,3120125,구로역,13781,8707,5074,2,1861,3531,3451,3151,1785,1,853,2238,2217,2078,1320,1,1008,1293,1234,1073,465
20242,D,발달상권,3120126,디지털단지오거리,69,33,36,0,0,11,18,15,25,0,0,5,8,5,15,0,0,6,10,10,10
20242,D,발달상권,3120127,구로구청,3679,2292,1387,1,506,856,951,824,541,1,277,582,617,482,333,0,229,274,334,342,208
20242,D,발달상권,3120128,신도림역,10086,6566,3520,1,1595,2933,2505,1940,1112,1,718,2003,1767,1286,791,0,877,930,738,654,321
20242,D,발달상권,3120129,구로디지털단지,52270,34284,17986,177,10872,17624,13249,6493,3855,118,5498,11694,9340,4534,3100,59,5374,5930,3909,1959,755
20242,D,발달상권,3120130,구로디지털단지역,2591,1690,901,6,533,839,655,356,202,5,266,556,455,247,161,1,267,283,200,109,41
20242,D,발달상권,3120131,가산디지털단지,94290,62048,32242,283,18587,29322,23348,13811,8939,185,9862,19703,16846,9178,6274,98,8725,9619,6502,4633,2665
20242,D,발달상권,3120132,독산동,7523,4846,2677,0,598,1048,1287,1648,2942,0,356,695,822,1009,1964,0,242,353,465,639,978
20242,D,발달상권,3120133,서울시흥동우체국(홈플러스시흥점),369,200,169,0,55,88,87,93,46,0,25,44,44,53,34,0,30,44,43,40,12
20242,D,발달상권,3120134,구로전화국,1428,968,460,0,176,277,299,291,385,0,84,175,176,182,351,0,92,102,123,109,34
20242,D,발달상권,3120135,양평역,2933,1706,1227,2,582,681,654,589,425,0,298,436,392,303,277,2,284,245,262,286,148
20242,D,발달상권,3120136,영등포구청역,6427,3797,2630,2,1195,1645,1435,1242,908,0,554,984,880,742,637,2,641,661,555,500,271
20242,D,발달상권,3120137,문래역(문래로데오거리),3073,2234,839,1,476,1006,947,484,159,0,266,765,774,329,100,1,210,241,173,155,59
20242,D,발달상권,3120138,당산2동(영등포우체국),6419,4296,2123,0,1001,1450,1561,1423,984,0,508,905,1089,1042,752,0,493,545,472,381,232
20242,D,발달상권,3120139,대림3동사거리,2514,1639,875,0,244,531,656,606,477,0,125,374,472,384,284,0,119,157,184,222,193
20242,D,발달상권,3120140,문래동주민센터,29731,21614,8117,18,4597,9727,9169,4683,1537,4,2569,7399,7494,3179,969,14,2028,2328,1675,1504,568
20242,D,발달상권,3120141,영등포청과시장교차로,2012,1373,639,1,322,627,561,337,164,0,160,435,427,234,117,1,162,192,134,103,47
20242,D,발달상권,3120142,대림역,1789,1036,753,0,258,401,434,354,342,0,107,246,256,215,212,0,151,155,178,139,130
20242,D,발달상권,3120143,당산역,2927,1888,1039,0,474,697,737,614,405,0,231,431,486,431,309,0,243,266,251,183,96
20242,D,발달상권,3120144,영중로,2197,1230,967,0,403,548,523,436,287,0,148,305,326,257,194,0,255,243,197,179,93
20242,D,발달상권,3120145,영등포역(영등포),4813,2693,2120,0,882,1193,1147,954,637,0,324,663,715,562,429,0,558,530,432,392,208
20242,D,발달상권,3120146,한강성심병원,3432,1919,1513,0,628,853,817,680,454,0,231,477,508,398,305,0,397,376,309,282,149
20242,D,발달상권,3120147,보라매역,2226,1469,757,0,350,579,525,500,272,0,196,395,356,345,177,0,154,184,169,155,95
20242,D,발달상권,3120148,국회의사당역(국회의사당),69348,49208,20140,158,12751,24856,17832,10635,3116,58,7036,17767,13772,8463,2112,100,5715,7089,4060,2172,1004
20242,D,발달상권,3120149,여의도역(여의도),124394,88269,36125,287,22872,44586,31989,19073,5587,106,12625,31868,24706,15180,3784,181,10247,12718,7283,3893,1803
20242,D,발달상권,3120150,63빌딩,8016,5688,2328,18,1474,2872,2062,1230,360,6,814,2053,1592,979,244,12,660,819,470,251,116
20242,D,발달상권,3120151,보라매공원,14233,8396,5837,14,2272,3095,2962,3459,2431,7,1468,2048,1720,1710,1443,7,804,1047,1242,1749,988
20242,D,발달상권,3120152,신대방삼거리역,2652,1755,897,0,448,690,604,598,312,0,260,481,415,409,190,0,188,209,189,189,122
20242,D,발달상권,3120153,노량진역(노량진),4526,2436,2090,0,661,1218,1122,1002,523,0,316,602,590,593,335,0,345,616,532,409,188
20242,D,발달상권,3120154,장승배기역,408,212,196,0,42,99,112,106,49,0,19,53,59,53,28,0,23,46,53,53,21
20242,D,발달상권,3120155,총신대학교,262,141,121,0,30,66,80,66,20,0,12,30,41,38,20,0,18,36,39,28,0
20242,D,발달상권,3120156,"총신대입구역(이수, 총신대)",8189,4374,3815,0,1379,2181,2195,1558,876,0,520,1113,1175,952,614,0,859,1068,1020,606,262
20242,D,발달상권,3120157,신림역(신림),1383,710,673,0,148,244,306,321,364,0,28,110,161,154,257,0,120,134,145,167,107
20242,D,발달상권,3120158,녹두거리(대학동),330,248,82,0,39,81,93,86,31,0,25,53,73,67,30,0,14,28,20,19,1
20242,D,발달상권,3120159,서울대입구역,4574,2482,2092,0,707,1337,1052,953,525,0,297,698,556,563,368,0,410,639,496,390,157
20242,D,발달상권,3120160,사당역(사당),24945,12620,12325,0,4220,6391,6869,4800,2665,0,1542,3014,3347,2883,1834,0,2678,3377,3522,1917,831
20242,D,발달상권,3120161,방배동가구거리(사당동가구거리),4884,2705,2179,13,916,1261,1302,872,520,13,310,658,758,567,399,0,606,603,544,305,121
20242,D,발달상권,3120162,방배동카페골목,6308,3491,2817,14,1182,1631,1682,1128,671,14,401,850,980,733,513,0,781,781,702,395,158
20242,D,발달상권,3120163,사당역 11번(사당역먹자골목),1539,755,784,0,260,394,425,297,163,0,91,178,198,178,110,0,169,216,227,119,53
20242,D,발달상권,3120164,내방역,12693,8107,4586,15,2343,3696,3136,2368,1135,14,1049,2214,2208,1789,833,1,1294,1482,928,579,302
20242,D,발달상권,3120165,서래마을카페거리(서래마을),13336,11778,1558,1,1334,2834,3598,4961,608,0,1013,2359,3194,4717,495,1,321,475,404,244,113
20242,D,발달상권,3120166,방배역,10226,6746,3480,37,1854,3099,2607,1778,851,21,903,1912,1901,1370,639,16,951,1187,706,408,212
20242,D,발달상권,3120167,고속터미널(고속터미널역),31480,26298,5182,14,3457,7026,8348,10793,1842,5,2364,5524,7133,9936,1336,9,1093,1502,1215,857,506
20242,D,발달상권,3120168,서울고교교차로,2626,1560,1066,1,452,788,673,480,232,0,192,459,430,313,166,1,260,329,243,167,66
20242,D,발달상권,3120169,서초역,17754,10538,7216,4,3056,5326,4556,3243,1569,0,1292,3101,2911,2111,1123,4,1764,2225,1645,1132,446
20242,D,발달상권,3120170,삼호가든사거리,17577,15423,2154,3,1789,3783,4737,6455,810,0,1340,3124,4186,6115,658,3,449,659,551,340,152
20242,D,발달상권,3120171,서초3동사거리,10996,6530,4466,2,1898,3300,2820,2006,970,0,802,1924,1803,1307,694,2,1096,1376,1017,699,276
20242,D,발달상권,3120172,교대입구교차로,14627,8569,6058,2,2649,4250,3638,2876,1212,0,1076,2436,2279,1908,870,2,1573,1814,1359,968,342
20242,D,발달상권,3120173,교대역(법원.검찰청),31116,17843,13273,37,6052,8955,7528,6302,2242,15,2315,5044,4691,4175,1603,22,3737,3911,2837,2127,639
20242,D,발달상권,3120174,논현역 5번,933,540,393,0,194,276,231,144,88,0,77,162,153,90,58,0,117,114,78,54,30
20242,D,발달상권,3120175,남부터미널역,22549,12717,9832,2,4626,5969,5092,5323,1537,0,1695,3251,2994,3662,1115,2,2931,2718,2098,1661,422
20242,D,발달상권,3120176,논현역 4번,1124,695,429,0,202,381,284,171,86,0,94,249,192,94,66,0,108,132,92,77,20
20242,D,발달상권,3120177,신논현역 1번,1687,1044,643,0,304,569,426,259,129,0,143,373,286,142,100,0,161,196,140,117,29
20242,D,발달상권,3120178,신사역,16534,9674,6860,0,3831,4946,3870,2438,1449,0,1565,2936,2586,1559,1028,0,2266,2010,1284,879,421
20242,D,발달상권,3120179,양재역,25224,17117,8107,74,5006,7173,6497,4835,1639,37,2636,4795,4657,3747,1245,37,2370,2378,1840,1088,394
20242,D,발달상권,3120180,양재화물트럭터미널앞,5578,4193,1385,0,739,1368,1573,1475,423,0,448,1008,1209,1205,323,0,291,360,364,270,100
20242,D,발달상권,3120181,교육개발원입구사거리,5320,3432,1888,63,1248,1471,1206,797,535,30,631,988,850,531,402,33,617,483,356,266,133
20242,D,발달상권,3120182,"양재시민의숲역(양재동꽃시장, aT센터)",10223,7686,2537,0,1359,2506,2880,2704,774,0,823,1846,2214,2210,593,0,536,660,666,494,181
20242,D,발달상권,3120183,양재천카페거리,12783,8668,4115,72,2527,4792,3554,1416,422,42,1338,3276,2703,1013,296,30,1189,1516,851,403,126
20242,D,발달상권,3120184,포이사거리(삼호물산),21658,16181,5477,2,2836,5248,6109,5642,1821,1,1674,3818,4686,4582,1420,1,1162,1430,1423,1060,401
20242,D,발달상권,3120185,논현역,13739,8075,5664,0,3256,4164,3128,1997,1194,0,1378,2498,2096,1251,852,0,1878,1666,1032,746,342
20242,D,발달상권,3120186,가로수길,10275,6141,4134,0,2137,3109,2632,1568,829,0,832,1899,1762,1029,619,0,1305,1210,870,539,210
20242,D,발달상권,3120187,신논현역,21301,12471,8830,32,4506,6569,5182,3491,1521,12,1911,3936,3409,2111,1092,20,2595,2633,1773,1380,429
20242,D,발달상권,3120188,압구정역,12845,7450,5395,27,2763,3951,3119,1943,1042,8,1053,2314,2091,1274,710,19,1710,1637,1028,669,332
20242,D,발달상권,3120189,강남역,70610,43571,27039,123,14397,22236,17934,11768,4152,36,7062,14149,11942,7442,2940,87,7335,8087,5992,4326,1212
20242,D,발달상권,3120190,강남을지병원,14341,8532,5809,16,3182,4327,3363,2168,1285,4,1287,2554,2290,1475,922,12,1895,1773,1073,693,363
20242,D,발달상권,3120191,학동역,16809,10331,6478,0,3770,4967,3843,2544,1685,0,1622,2960,2668,1810,1271,0,2148,2007,1175,734,414
20242,D,발달상권,3120192,뱅뱅사거리,39698,25559,14139,59,7904,11941,10275,7203,2316,22,4050,7777,7063,4955,1692,37,3854,4164,3212,2248,624
20242,D,발달상권,3120193,도산공원교차로,9088,5471,3617,16,1880,2740,2145,1422,885,3,754,1588,1487,1012,627,13,1126,1152,658,410,258
20242,D,발달상권,3120194,언주역(차병원),11776,7141,4635,4,2470,3526,2879,1933,964,0,1121,2153,1942,1213,712,4,1349,1373,937,720,252
20242,D,발달상권,3120195,성수대교남단,8612,4840,3772,34,1913,2685,1981,1296,703,11,709,1509,1329,848,434,23,1204,1176,652,448,269
20242,D,발달상권,3120196,서울세관,8095,5186,2909,0,1554,2350,1961,1314,916,0,675,1407,1397,1002,705,0,879,943,564,312,211
20242,D,발달상권,3120197,역삼역,65824,38977,26847,99,13620,19746,16754,11531,4074,27,6532,12370,10972,6212,2864,72,7088,7376,5782,5319,1210
20242,D,발달상권,3120198,구역삼세무서,16095,9533,6562,25,3466,4707,4008,2829,1060,5,1666,2971,2638,1506,747,20,1800,1736,1370,1323,313
20242,D,발달상권,3120199,경복아파트교차로,5245,3206,2039,3,1041,1568,1319,892,422,0,482,964,891,557,312,3,559,604,428,335,110
20242,D,발달상권,3120200,학동사거리,14976,8764,6212,19,3129,4729,3613,2302,1184,4,1211,2717,2437,1570,825,15,1918,2012,1176,732,359
20242,D,발달상권,3120201,도곡1동,13779,9078,4701,20,2622,3558,3658,3035,886,13,1295,2292,2614,2187,677,7,1327,1266,1044,848,209
20242,D,발달상권,3120202,압구정로데오역(압구정로데오),12424,7024,5400,28,2712,3952,2927,1870,935,5,1011,2229,1956,1228,595,23,1701,1723,971,642,340
20242,D,발달상권,3120203,강남구청역,17297,10671,6626,2,3399,5251,4249,2705,1691,0,1428,3103,2947,1929,1264,2,1971,2148,1302,776,427
20242,D,발달상권,3120204,르네상스호텔사거리,27321,16185,11136,54,5932,7936,6759,4811,1829,16,2853,5017,4455,2557,1287,38,3079,2919,2304,2254,542
20242,D,발달상권,3120205,매봉역,99514,68026,31488,470,19044,39037,28552,10336,2075,299,10172,26732,21940,7516,1367,171,8872,12305,6612,2820,708
20242,D,발달상권,3120206,개나리아파트,7466,4426,3040,14,1722,2077,1775,1326,552,4,831,1329,1182,693,387,10,891,748,593,633,165
20242,D,발달상권,3120207,선정릉역,18321,10741,7580,13,3677,5819,4638,2719,1455,4,1565,3456,3116,1600,1000,9,2112,2363,1522,1119,455
20242,D,발달상권,3120208,청담사거리(청담동명품거리),17132,9820,7312,4,3573,5675,4261,2581,1038,0,1345,3240,2802,1707,726,4,2228,2435,1459,874,312
20242,D,발달상권,3120209,"강남구청(청담역_8번, 강남세무서)",7860,4812,3048,7,1611,2501,2021,1255,465,3,713,1516,1396,877,307,4,898,985,625,378,158
20242,D,발달상권,3120210,선릉역,56147,33213,22934,106,11569,16766,14119,9310,4277,26,5282,10327,9421,5273,2884,80,6287,6439,4698,4037,1393
20242,D,발달상권,3120211,도성초등학교,2471,1520,951,4,397,736,673,422,239,0,171,444,460,296,149,4,226,292,213,126,90
20242,D,발달상권,3120212,한티역,7305,4547,2758,22,1321,2491,1980,1032,459,10,613,1543,1374,703,304,12,708,948,606,329,155
20242,D,발달상권,3120213,삼성중앙역,19176,12407,6769,36,3862,5885,5062,3214,1117,17,1945,3764,3638,2351,692,19,1917,2121,1424,863,425
20242,D,발달상권,3120214,영동대교남단교차로,7246,4150,3096,4,1513,2397,1803,1090,439,0,571,1368,1185,720,306,4,942,1029,618,370,133
20242,D,발달상권,3120215,포스코사거리,71800,44341,27459,221,13696,21446,18426,12329,5682,86,6570,13418,12796,8178,3293,135,7126,8028,5630,4151,2389
20242,D,발달상권,3120216,경기고교사거리(경기고교앞사거리),6137,3653,2484,7,1272,1990,1552,960,356,2,523,1173,1049,664,242,5,749,817,503,296,114
20242,D,발달상권,3120217,대치사거리,5230,3052,2178,20,904,1488,1306,944,568,7,406,905,864,560,310,13,498,583,442,384,258
20242,D,발달상권,3120218,코엑스,61970,41816,20154,156,12484,18584,16598,11000,3148,78,6710,12284,12240,8624,1880,78,5774,6300,4358,2376,1268
20242,D,발달상권,3120219,은마아파트,8738,4853,3885,22,1556,2682,2168,1465,845,9,637,1462,1321,894,530,13,919,1220,847,571,315
20242,D,발달상권,3120220,대치역,9454,5080,4374,18,1727,3005,2330,1524,850,6,673,1542,1345,937,577,12,1054,1463,985,587,273
20242,D,발달상권,3120221,봉은사역,30199,20375,9824,76,6086,9057,8084,5360,1536,38,3271,5986,5961,4202,917,38,2815,3071,2123,1158,619
20242,D,발달상권,3120222,삼성역,111462,69985,41477,437,21558,32305,28160,20280,8722,200,10953,20743,19777,13619,4693,237,10605,11562,8383,6661,4029
20242,D,발달상권,3120223,휘문고교사거리,12183,6813,5370,74,2213,3351,2805,2296,1444,32,1019,2050,1803,1186,723,42,1194,1301,1002,1110,721
20242,D,발달상권,3120224,수서역,15898,8389,7509,16,2265,4281,4274,3160,1902,9,1013,2302,2241,1682,1142,7,1252,1979,2033,1478,760
20242,D,발달상권,3120225,잠실새내역(신천),10791,7056,3735,8,1729,2510,2651,2277,1616,5,911,1655,1752,1552,1181,3,818,855,899,725,435
20242,D,발달상권,3120226,석촌고분역,2514,1667,847,0,306,572,575,515,546,0,175,394,383,305,410,0,131,178,192,210,136
20242,D,발달상권,3120227,잠실역,79981,46170,33811,207,13297,20873,21936,18800,4868,77,6414,13306,13653,9201,3519,130,6883,7567,8283,9599,1349
20242,D,발달상권,3120228,석촌역(석촌호수),9069,5735,3334,0,1246,2040,2221,1949,1613,0,568,1265,1455,1273,1174,0,678,775,766,676,439
20242,D,발달상권,3120229,방이동먹자골목,18224,10466,7758,2,2947,4672,4115,3896,2592,2,1654,3035,2518,1826,1431,0,1293,1637,1597,2070,1161
20242,D,발달상권,3120230,송파사거리(송파역),1686,1072,614,0,243,399,421,378,245,0,121,261,290,232,168,0,122,138,131,146,77
20242,D,발달상권,3120231,가락시장,4765,3333,1432,0,324,885,1313,1366,877,0,218,677,967,897,574,0,106,208,346,469,303
20242,D,발달상권,3120232,송파나루역,2077,1266,811,0,306,487,503,448,333,0,143,296,322,275,230,0,163,191,181,173,103
20242,D,발달상권,3120233,몽촌토성역,13996,8039,5957,4,2258,3588,3158,2994,1994,4,1266,2335,1932,1403,1099,0,992,1253,1226,1591,895
20242,D,발달상권,3120234,가락시장역,8817,5342,3475,0,1205,2161,2066,1721,1664,0,576,1337,1386,1017,1026,0,629,824,680,704,638
20242,D,발달상권,3120235,문정역,32067,20350,11717,46,4534,9620,9809,5932,2126,18,2185,5470,6758,4591,1328,28,2349,4150,3051,1341,798
20242,D,발달상권,3120236,장지역(가든파이브),6073,3837,2236,10,859,1790,1834,1109,471,4,415,1017,1255,842,304,6,444,773,579,267,167
20242,D,발달상권,3120237,경찰병원역,10735,6593,4142,0,1457,2539,2410,2092,2237,0,721,1600,1610,1217,1445,0,736,939,800,875,792
20242,D,발달상권,3120238,방이역,3675,2614,1061,0,446,813,944,925,547,0,245,537,698,716,418,0,201,276,246,209,129
20242,D,발달상권,3120239,오금역,7045,4538,2507,0,947,1672,1662,1494,1270,0,499,1080,1155,979,825,0,448,592,507,515,445
20242,D,발달상권,3120240,개롱역,2138,1436,702,0,284,450,425,402,577,0,167,306,282,240,441,0,117,144,143,162,136
20242,D,발달상권,3120241,거여역,2600,1683,917,0,513,614,631,533,309,0,335,452,414,286,196,0,178,162,217,247,113
20242,D,발달상권,3120242,강동구청역,8519,5712,2807,0,1049,1833,1847,2156,1634,0,575,1132,1198,1551,1256,0,474,701,649,605,378
20242,D,발달상권,3120243,천호역,1789,1007,782,0,213,372,438,400,366,0,108,192,228,219,260,0,105,180,210,181,106
20242,D,발달상권,3120244,암사역,1268,571,697,0,145,230,290,334,269,0,59,124,138,130,120,0,86,106,152,204,149
20242,D,발달상권,3120245,둔촌역,3077,1844,1233,0,428,701,774,651,523,0,217,442,470,367,348,0,211,259,304,284,175
20242,D,발달상권,3120246,길동역,3877,2013,1864,0,544,791,896,931,715,0,217,434,487,439,436,0,327,357,409,492,279
20242,D,발달상권,3120247,굽은다리역,2346,1362,984,0,223,470,599,539,515,0,81,254,323,323,381,0,142,216,276,216,134
20242,D,발달상권,3120248,명일역,2121,1202,919,0,273,517,536,421,374,0,117,306,328,232,219,0,156,211,208,189,155
20242,D,발달상권,3120249,고덕역,1365,932,433,0,163,389,367,287,159,0,83,274,266,184,125,0,80,115,101,103,34
20242,R,전통시장,3130001,통인시장,617,397,220,0,114,180,171,109,43,0,49,112,127,80,29,0,65,68,44,29,14
20242,R,전통시장,3130002,세종마을음식문화거리(금천교시장),962,605,357,0,127,271,289,193,82,0,55,167,199,134,50,0,72,104,90,59,32
20242,R,전통시장,3130004,낙원시장(낙원지하시장(대일상가)),401,221,180,5,81,123,111,62,19,2,35,62,65,44,13,3,46,61,46,18,6
20242,R,전통시장,3130005,세운상가가동,1224,672,552,16,248,374,336,192,58,6,108,188,196,136,38,10,140,186,140,56,20
20242,R,전통시장,3130007,광장시장(광장전통시장),4950,2774,2176,70,1024,1502,1342,768,244,28,442,778,810,550,166,42,582,724,532,218,78
20242,R,전통시장,3130009,마전교지하쇼핑센터(구 한일상가),394,246,148,10,92,114,96,60,22,2,38,74,70,46,16,8,54,40,26,14,6
20242,R,전통시장,3130010,종로신진시장,2952,1844,1108,62,698,854,726,452,160,12,286,550,534,348,114,50,412,304,192,104,46
20242,R,전통시장,3130011,충신시장,270,170,100,5,64,77,67,43,14,0,27,50,49,33,11,5,37,27,18,10,3
20242,R,전통시장,3130012,"동대문종합시장(동대문종합시장 신관, 동대문종합시장D동상가)",1780,1110,670,42,420,514,438,270,96,8,174,330,320,210,68,34,246,184,118,60,28
20242,R,전통시장,3130014,동문시장,84,36,48,0,2,14,30,22,16,0,0,4,10,10,12,0,2,10,20,12,4
20242,R,전통시장,3130015,창신골목시장,29,4,25,0,0,1,9,13,6,0,0,0,1,2,1,0,0,1,8,11,5
20242,R,전통시장,3130017,동대문상가C동,6,3,3,0,0,1,2,2,1,0,0,0,1,1,1,0,0,1,1,1,0
20242,R,전통시장,3130018,동대문문구완구거리(동대문문구완구시장),320,140,180,0,4,56,108,92,60,0,0,14,38,42,46,0,4,42,70,50,14
20242,R,전통시장,3130019,동대문상가D동,7,3,4,0,0,1,3,2,1,0,0,0,1,1,1,0,0,1,2,1,0
20242,R,전통시장,3130020,동묘시장(동묘벼룩시장),146,73,73,0,22,26,35,33,30,0,6,12,19,19,17,0,16,14,16,14,13
20242,R,전통시장,3130021,신설종합시장,54,27,27,0,8,9,13,13,11,0,2,4,7,8,6,0,6,5,6,5,5
20242,R,전통시장,3130022,숭례문수입상가(남대문시장),2364,1462,902,6,444,836,648,342,88,2,208,498,422,270,62,4,236,338,226,72,26
20242,R,전통시장,3130024,남대문시장(자유상가),31666,19576,12090,54,5948,11188,8680,4600,1196,8,2778,6674,5656,3626,834,46,3170,4514,3024,974,362
20242,R,전통시장,3130025,삼익패션타운(남대문시장),5416,3348,2068,10,1016,1914,1486,786,204,2,474,1142,968,620,142,8,542,772,518,166,62
20242,R,전통시장,3130031,청계천공구상가,704,393,311,0,151,192,167,125,69,0,45,104,108,87,49,0,106,88,59,38,20
20242,R,전통시장,3130032,인현시장,1437,717,720,10,415,377,296,229,110,3,202,220,171,80,41,7,213,157,125,149,69
20242,R,전통시장,3130033,대림상가(청계상가),75,42,33,0,18,18,15,14,10,0,5,10,10,10,7,0,13,8,5,4,3
20242,R,전통시장,3130034,필동 골목형상점가,91,42,49,0,13,22,28,21,7,0,4,11,13,10,4,0,9,11,15,11,3
20242,R,전통시장,3130035,방산종합시장(방산시장),2267,1235,1032,0,553,549,497,394,274,0,144,303,322,273,193,0,409,246,175,121,81
20242,R,전통시장,3130036,중부시장(신중부시장),3364,1712,1652,22,931,872,703,543,293,10,413,501,418,229,141,12,518,371,285,314,152
20242,R,전통시장,3130038,"평화시장(통일상가, 동화상가)",14714,7341,7373,134,4207,3866,3028,2333,1146,54,2028,2248,1752,812,447,80,2179,1618,1276,1521,699
20242,R,전통시장,3130042,약수시장,2579,997,1582,5,417,964,714,354,125,0,128,339,237,203,90,5,289,625,477,151,35
20242,R,전통시장,3130046,team204(팀204),120,66,54,0,36,26,22,22,14,0,16,14,12,14,10,0,20,12,10,8,4
20242,R,전통시장,3130047,테크노상가(엘리시움),340,182,158,0,102,72,64,62,40,0,44,38,32,40,28,0,58,34,32,22,12
20242,R,전통시장,3130048,동평화시장,124,66,58,0,38,26,24,22,14,0,16,14,12,14,10,0,22,12,12,8,4
20242,R,전통시장,3130049,신당 미래유산 먹거리 골목형상점가,29,16,13,0,9,6,6,4,4,0,4,3,3,3,3,0,5,3,3,1,1
20242,R,전통시장,3130050,청평화시장,272,146,126,0,82,58,52,48,32,0,36,30,26,32,22,0,46,28,26,16,10
20242,R,전통시장,3130051,동화동 골목형상점가,535,239,296,0,88,127,136,116,68,0,26,42,67,62,42,0,62,85,69,54,26
20242,R,전통시장,3130052,서울중앙시장(신중앙시장),462,319,143,0,82,127,117,86,50,0,51,79,74,69,46,0,31,48,43,17,4
20242,R,전통시장,3130053,백학시장,181,95,86,0,14,41,52,43,31,0,4,15,27,24,25,0,10,26,25,19,6
20242,R,전통시장,3130054,황학동주방가구거리상점가,241,169,72,0,39,69,64,42,27,0,26,43,40,35,25,0,13,26,24,7,2
20242,R,전통시장,3130055,"황학시장(서울중앙시장, 신중앙시장)",166,123,43,0,20,51,47,30,18,0,15,33,32,25,18,0,5,18,15,5,0
20242,R,전통시장,3130056,용산용문시장,918,546,372,0,175,251,252,170,70,0,75,152,154,116,49,0,100,99,98,54,21
20242,R,전통시장,3130057,만리시장,83,45,38,0,12,22,20,18,11,0,4,10,11,11,9,0,8,12,9,7,2
20242,R,전통시장,3130058,이촌종합시장,2165,1386,779,6,350,585,606,444,174,5,173,359,427,299,123,1,177,226,179,145,51
20242,R,전통시장,3130059,후암시장,188,112,76,0,28,43,53,43,21,0,10,25,35,25,17,0,18,18,18,18,4
20242,R,전통시장,3130060,신흥시장,117,87,30,0,3,20,46,45,3,0,0,11,37,36,3,0,3,9,9,9,0
20242,R,전통시장,3130061,이태원시장,966,428,538,0,282,376,190,92,26,0,74,158,106,68,22,0,208,218,84,24,4
20242,R,전통시장,3130062,보광시장,38,20,18,0,4,8,11,10,5,0,0,4,6,6,4,0,4,4,5,4,1
20242,R,전통시장,3130063,신금호역 골목형상점가,56,29,27,0,6,9,12,14,15,0,0,3,6,8,12,0,6,6,6,6,3
20242,R,전통시장,3130064,금남시장,47,24,23,0,5,7,12,12,11,0,0,1,6,6,11,0,5,6,6,6,0
20242,R,전통시장,3130065,무학봉상점가,461,284,177,0,52,125,136,106,42,0,26,68,84,68,38,0,26,57,52,38,4
20242,R,전통시장,3130066,행당시장상점가,589,382,207,0,72,139,162,155,61,0,36,80,106,109,51,0,36,59,56,46,10
20242,R,전통시장,3130067,왕십리도선동상점가,1667,766,901,0,275,320,347,416,309,0,94,177,187,176,132,0,181,143,160,240,177
20242,R,전통시장,3130068,마장축산물시장,2681,1904,777,0,218,477,613,889,484,0,131,330,447,632,364,0,87,147,166,257,120
20242,R,전통시장,3130069,"한양대앞상점가(한양시장, 왕십리맛골목)",99,70,29,0,2,18,35,33,11,0,0,11,24,24,11,0,2,7,11,9,0
20242,R,전통시장,3130070,뚝섬역상점가,978,675,303,0,155,202,207,213,201,0,93,133,133,152,164,0,62,69,74,61,37
20242,R,전통시장,3130071,성수역 골목형상점가,1668,1069,599,2,274,425,418,335,214,2,152,284,281,202,148,0,122,141,137,133,66
20242,R,전통시장,3130072,성동용답상가시장,461,290,171,1,121,135,95,70,39,0,52,90,67,47,34,1,69,45,28,23,5
20242,R,전통시장,3130073,뚝도시장,278,179,99,0,65,81,65,46,21,0,29,53,45,33,19,0,36,28,20,13,2
20242,R,전통시장,3130074,영동교골목시장,2,2,0,0,0,0,0,1,1,0,0,0,0,1,1,0,0,0,0,0,0
20242,R,전통시장,3130075,노룬산시장(노룬산골목시장),2,2,0,0,0,0,0,0,2,0,0,0,0,0,2,0,0,0,0,0,0
20242,R,전통시장,3130076,능동로골목시장,16,14,2,0,0,1,4,5,6,0,0,1,3,4,6,0,0,0,1,1,0
20242,R,전통시장,3130077,조양시장,3,3,0,0,0,0,1,1,1,0,0,0,1,1,1,0,0,0,0,0,0
20242,R,전통시장,3130078,화양제일골목시장,23,15,8,0,3,4,6,7,3,0,1,2,4,5,3,0,2,2,2,2,0
20242,R,전통시장,3130079,한아름시장,26,18,8,0,3,4,7,8,4,0,1,2,5,6,4,0,2,2,2,2,0
20242,R,전통시장,3130080,자양종합시장(기능상실),12,8,4,0,2,3,3,3,1,0,1,2,2,2,1,0,1,1,1,1,0
20242,R,전통시장,3130081,자양골목전통시장(자양골목시장),284,223,61,0,19,40,79,118,28,0,7,25,63,102,26,0,12,15,16,16,2
20242,R,전통시장,3130082,면곡골목시장,43,30,13,0,3,11,13,10,6,0,2,8,8,7,5,0,1,3,5,3,1
20242,R,전통시장,3130083,"중곡제일시장(중곡제일골목시장, 광성시장)",735,358,377,3,194,142,147,175,74,0,83,76,73,71,55,3,111,66,74,104,19
20242,R,전통시장,3130084,신성시장(신성골목시장),267,131,136,0,45,67,69,62,24,0,12,31,33,33,22,0,33,36,36,29,2
20242,R,전통시장,3130085,용두시장,99,52,47,0,12,22,25,24,16,0,6,13,13,11,9,0,6,9,12,13,7
20242,R,전통시장,3130086,서울약령시장,3697,2230,1467,0,444,939,932,796,586,0,168,561,602,469,430,0,276,378,330,327,156
20242,R,전통시장,3130087,경동광성상가(경동시장),382,231,151,0,48,97,97,81,59,0,19,58,63,47,44,0,29,39,34,34,15
20242,R,전통시장,3130088,경동시장,551,334,217,0,66,140,139,119,87,0,25,84,90,71,64,0,41,56,49,48,23
20242,R,전통시장,3130089,청량리수산시장,228,118,110,0,29,50,56,56,37,0,13,29,29,26,21,0,16,21,27,30,16
20242,R,전통시장,3130090,청량리종합시장,362,219,143,0,42,93,92,80,55,0,15,55,60,48,41,0,27,38,32,32,14
20242,R,전통시장,3130091,청량종합도매시장,479,289,190,0,55,123,123,104,74,0,20,74,79,60,56,0,35,49,44,44,18
20242,R,전통시장,3130092,청량리농수산물시장,404,243,161,0,50,103,99,84,68,0,20,60,64,50,49,0,30,43,35,34,19
20242,R,전통시장,3130094,청량리청과물시장,393,232,161,0,51,104,95,82,61,0,19,62,60,48,43,0,32,42,35,34,18
20242,R,전통시장,3130095,청량리전통시장,424,247,177,0,60,113,97,86,68,0,24,67,59,51,46,0,36,46,38,35,22
20242,R,전통시장,3130096,동부시장,22,11,11,0,3,4,6,6,3,0,2,3,2,2,2,0,1,1,4,4,1
20242,R,전통시장,3130097,답십리 건축자재시장,222,108,114,0,31,47,63,60,21,0,22,33,23,15,15,0,9,14,40,45,6
20242,R,전통시장,3130098,회기시장,43,19,24,0,5,11,13,9,5,0,1,3,6,4,5,0,4,8,7,5,0
20242,R,전통시장,3130099,전농로터리시장,27,21,6,0,1,3,10,10,3,0,1,2,8,8,2,0,0,1,2,2,1
20242,R,전통시장,3130100,답십리시장,256,187,69,0,38,59,61,54,44,0,30,45,44,37,31,0,8,14,17,17,13
20242,R,전통시장,3130101,답십리현대시장,192,146,46,0,32,44,45,38,33,0,25,35,34,27,25,0,7,9,11,11,8
20242,R,전통시장,3130102,이문제일시장,71,38,33,0,8,16,16,18,13,0,2,8,8,10,10,0,6,8,8,8,3
20242,R,전통시장,3130103,이경시장,30,19,11,0,3,6,8,8,5,0,1,4,5,6,3,0,2,2,3,2,2
20242,R,전통시장,3130104,전곡시장,158,85,73,0,50,31,33,29,15,0,26,18,15,14,12,0,24,13,18,15,3
20242,R,전통시장,3130105,장미제일시장(중화동제일시장),66,45,21,0,5,11,18,17,15,0,3,7,10,12,13,0,2,4,8,5,2
20242,R,전통시장,3130106,중랑동부시장,455,288,167,0,35,96,128,128,68,0,15,57,76,82,58,0,20,39,52,46,10
20242,R,전통시장,3130107,중랑동부시장(중랑교종합상가),23,16,7,0,3,6,8,5,1,0,2,4,5,4,1,0,1,2,3,1,0
20242,R,전통시장,3130109,묵1동도깨비시장,91,43,48,0,8,23,27,23,10,0,2,11,12,11,7,0,6,12,15,12,3
20242,R,전통시장,3130110,면목골목시장(면목시장),202,118,84,0,14,35,55,64,34,0,0,15,30,39,34,0,14,20,25,25,0
20242,R,전통시장,3130111,"동원전통종합시장(동원시장, 동원전통시장 상점가)",194,106,88,0,15,48,54,53,24,0,0,24,29,29,24,0,15,24,25,24,0
20242,R,전통시장,3130112,사가정시장,275,176,99,0,18,45,77,79,56,0,3,23,46,58,46,0,15,22,31,21,10
20242,R,전통시장,3130113,신아타운,834,464,370,0,110,210,205,207,102,0,46,99,106,134,79,0,64,111,99,73,23
20242,R,전통시장,3130115,우림골목시장,266,141,125,0,24,51,62,86,43,0,2,22,29,47,41,0,22,29,33,39,2
20242,R,전통시장,3130116,동성타워프라자,31,15,16,0,5,7,6,8,5,0,1,3,3,4,4,0,4,4,3,4,1
20242,R,전통시장,3130117,정릉시장,321,176,145,0,39,78,84,79,41,0,10,39,44,48,35,0,29,39,40,31,6
20242,R,전통시장,3130118,정릉골 골목형상점가,174,106,68,0,10,26,42,58,38,0,1,13,27,39,26,0,9,13,15,19,12
20242,R,전통시장,3130119,정릉아리랑시장,131,54,77,0,19,34,37,29,12,0,1,13,14,14,12,0,18,21,23,15,0
20242,R,전통시장,3130120,돈암시장(돈암제일시장),252,128,124,0,26,61,77,62,26,0,9,26,37,40,16,0,17,35,40,22,10
20242,R,전통시장,3130121,길음시장,510,249,261,34,179,125,85,56,31,14,77,66,42,26,24,20,102,59,43,30,7
20242,R,전통시장,3130122,밤나무골시장,16,11,5,0,1,2,2,4,7,0,0,1,1,3,6,0,1,1,1,1,1
20242,R,전통시장,3130123,꿈의숲 장곡 골목형상점가,63,34,29,0,12,14,16,13,8,0,6,8,8,6,6,0,6,6,8,7,2
20242,R,전통시장,3130124,번동시장,12,8,4,0,1,2,3,3,3,0,0,1,2,2,3,0,1,1,1,1,0
20242,R,전통시장,3130125,장위전통시장,110,76,34,0,1,18,31,31,29,0,0,9,19,21,27,0,1,9,12,10,2
20242,R,전통시장,3130126,새석관시장,66,46,20,0,4,9,12,14,27,0,2,6,7,9,22,0,2,3,5,5,5
20242,R,전통시장,3130127,석관시장,23,15,8,0,1,3,4,5,10,0,0,2,2,3,8,0,1,1,2,2,2
20242,R,전통시장,3130128,돌곶이시장(석관황금시장),54,45,9,0,0,5,10,11,28,0,0,5,7,8,25,0,0,0,3,3,3
20242,R,전통시장,3130129,장미원골목시장,147,91,56,0,7,19,30,43,48,0,1,9,19,28,34,0,6,10,11,15,14
20242,R,전통시장,3130131,동북프라자,15,10,5,0,1,2,4,4,4,0,0,1,2,3,4,0,1,1,2,1,0
20242,R,전통시장,3130132,삼양골목시장(삼양시장),49,35,14,0,1,6,12,14,16,0,0,2,7,11,15,0,1,4,5,3,1
20242,R,전통시장,3130133,우이골목시장(우이시장),199,110,89,0,1,7,40,64,87,0,0,4,27,43,36,0,1,3,13,21,51
20242,R,전통시장,3130134,"솔샘시장(미아6,7동골목시장)",143,78,65,0,26,39,49,20,9,0,10,22,27,10,9,0,16,17,22,10,0
20242,R,전통시장,3130135,수유중앙골목시장(수유중앙시장),107,54,53,0,9,27,28,30,13,0,2,11,12,19,10,0,7,16,16,11,3
20242,R,전통시장,3130136,수유재래시장,45,20,25,0,3,7,13,15,7,0,0,2,5,7,6,0,3,5,8,8,1
20242,R,전통시장,3130137,"수유전통시장(수유시장, 수유골목시장)",140,61,79,0,8,23,41,47,21,0,0,7,16,20,18,0,8,16,25,27,3
20242,R,전통시장,3130138,수유프라자,55,24,31,0,4,9,15,18,9,0,0,3,6,8,7,0,4,6,9,10,2
20242,R,전통시장,3130139,강북종합전통시장(강북종합골목시장),277,144,133,0,22,69,77,75,34,0,6,29,37,46,26,0,16,40,40,29,8
20242,R,전통시장,3130140,숭인시장,80,43,37,0,1,9,16,25,29,0,0,3,7,16,17,0,1,6,9,9,12
20242,R,전통시장,3130141,강북북부골목시장,40,26,14,0,2,8,8,14,8,0,0,5,5,11,5,0,2,3,3,3,3
20242,R,전통시장,3130142,강북북부시장,1,1,0,0,0,0,0,1,0,0,0,0,0,1,0,0,0,0,0,0,0
20242,R,전통시장,3130143,방천골목시장,36,18,18,0,1,5,12,11,7,0,0,2,5,5,6,0,1,3,7,6,1
20242,R,전통시장,3130144,백운시장,47,24,23,0,4,8,13,14,8,0,0,3,5,8,8,0,4,5,8,6,0
20242,R,전통시장,3130145,쌍문역둘리상점가,152,68,84,0,34,36,38,37,7,0,6,17,19,20,6,0,28,19,19,17,1
20242,R,전통시장,3130146,쌍문시장(쌍문역골목시장),494,226,268,0,109,114,126,119,26,0,18,51,65,69,23,0,91,63,61,50,3
20242,R,전통시장,3130147,쌍문역동측상점가,419,189,230,0,56,85,114,116,48,0,19,34,50,54,32,0,37,51,64,62,16
20242,R,전통시장,3130148,방학동도깨비시장,98,44,54,0,2,22,25,22,27,0,0,11,11,11,11,0,2,11,14,11,16
20242,R,전통시장,3130149,창동신창시장,307,178,129,0,33,70,88,76,40,0,14,43,47,39,35,0,19,27,41,37,5
20242,R,전통시장,3130150,창동골목시장,108,61,47,0,3,20,43,36,6,0,0,13,25,17,6,0,3,7,18,19,0
20242,R,전통시장,3130151,신도봉시장,19,13,6,0,0,2,5,7,5,0,0,1,3,5,4,0,0,1,2,2,1
20242,R,전통시장,3130152,오!도봉거리 상점가,50,31,19,0,0,6,10,13,21,0,0,3,5,8,15,0,0,3,5,5,6
20242,R,전통시장,3130153,창동역상점가,551,345,206,0,58,106,134,153,100,0,24,56,80,103,82,0,34,50,54,50,18
20242,R,전통시장,3130154,상계주공1단지(가)상가,92,41,51,0,13,21,24,24,10,0,3,8,11,13,6,0,10,13,13,11,4
20242,R,전통시장,3130155,시영B상가(중계 그린아파트 B 상가),54,29,25,0,7,14,14,14,5,0,4,8,7,7,3,0,3,6,7,7,2
20242,R,전통시장,3130156,시영2단지 무지개종합상가(중계 무지개2단지아파트상가),51,29,22,0,7,13,13,13,5,0,4,8,7,7,3,0,3,5,6,6,2
20242,R,전통시장,3130157,상계중앙시장,165,83,82,0,6,16,39,46,58,0,0,9,18,21,35,0,6,7,21,25,23
20242,R,전통시장,3130158,상계역전종합상가,247,124,123,0,4,17,43,68,115,0,1,11,18,30,64,0,3,6,25,38,51
20242,R,전통시장,3130159,공릉동 도깨비시장,2131,1150,981,0,227,329,463,587,525,0,103,178,230,305,334,0,124,151,233,282,191
20242,R,전통시장,3130160,수일시장,212,137,75,0,27,57,52,42,34,0,13,37,33,27,27,0,14,20,19,15,7
20242,R,전통시장,3130161,증산종합시장,56,37,19,0,7,15,15,13,6,0,3,10,10,9,5,0,4,5,5,4,1
20242,R,전통시장,3130162,증산골목시장,69,43,26,0,8,18,20,16,7,0,3,11,13,10,6,0,5,7,7,6,1
20242,R,전통시장,3130163,응암오거리상점가,234,113,121,0,18,58,71,59,28,0,4,29,32,27,21,0,14,29,39,32,7
20242,R,전통시장,3130165,"대림골목시장(대림시장, 양지시장)",141,68,73,0,10,36,43,36,16,0,2,18,20,16,12,0,8,18,23,20,4
20242,R,전통시장,3130166,응암시장(신응암시장),64,42,22,0,7,7,16,20,14,0,4,4,9,12,13,0,3,3,7,8,1
20242,R,전통시장,3130167,연신내상점가(연빛거리),1198,612,586,0,173,269,296,291,169,0,69,142,145,139,117,0,104,127,151,152,52
20242,R,전통시장,3130168,연서시장,3110,1491,1619,0,127,442,528,687,1326,0,31,227,215,283,735,0,96,215,313,404,591
20242,R,전통시장,3130169,대조시장,138,68,70,0,13,31,39,34,21,0,3,15,19,15,16,0,10,16,20,19,5
20242,R,전통시장,3130170,제일시장,254,127,127,0,29,56,68,60,41,0,9,28,33,27,30,0,20,28,35,33,11
20242,R,전통시장,3130171,불광먹자골목 골목형상점가,483,207,276,0,67,116,131,114,55,0,24,50,55,50,28,0,43,66,76,64,27
20242,R,전통시장,3130172,모래내시장(서중시장),592,357,235,0,42,77,103,148,222,0,28,52,66,79,132,0,14,25,37,69,90
20242,R,전통시장,3130173,백련시장,8,4,4,0,1,2,2,2,1,0,0,1,1,1,1,0,1,1,1,1,0
20242,R,전통시장,3130174,연희사러가,118,78,40,0,18,30,26,33,11,0,10,20,16,24,8,0,8,10,10,9,3
20242,R,전통시장,3130175,신촌 상인회(신촌상점가),53,28,25,0,8,14,14,12,5,0,3,6,7,8,4,0,5,8,7,4,1
20242,R,전통시장,3130176,유진상가,900,178,722,0,30,67,246,430,127,0,10,22,46,52,48,0,20,45,200,378,79
20242,R,전통시장,3130177,인왕시장(홍제골목형상점가),116,57,59,0,8,13,23,32,40,0,1,5,10,17,24,0,7,8,13,15,16
20242,R,전통시장,3130178,이대 앞 스타트업 상점가,24,13,11,0,4,6,6,5,3,0,1,3,3,3,3,0,3,3,3,2,0
20242,R,전통시장,3130179,"이화여대 3,5,7길 상점가",152,82,70,0,23,43,41,33,12,0,8,19,21,22,12,0,15,24,20,11,0
20242,R,전통시장,3130180,포방터시장,881,172,709,0,25,66,242,423,125,0,8,21,45,52,46,0,17,45,197,371,79
20242,R,전통시장,3130181,아현가구거리상점가,317,232,85,0,34,72,88,88,35,0,14,53,68,68,29,0,20,19,20,20,6
20242,R,전통시장,3130182,영천시장,269,143,126,0,19,43,72,96,39,0,4,19,40,56,24,0,15,24,32,40,15
20242,R,전통시장,3130183,상암동상점가,697,431,266,0,151,260,193,75,18,0,65,164,128,56,18,0,86,96,65,19,0
20242,R,전통시장,3130184,마포농수산물시장,108,48,60,0,9,21,29,34,15,0,3,10,13,13,9,0,6,11,16,21,6
20242,R,전통시장,3130185,망원월드컵시장,450,269,181,0,56,85,95,139,75,0,31,63,67,64,44,0,25,22,28,75,31
20242,R,전통시장,3130186,망원시장,224,127,97,0,61,62,48,34,19,0,35,34,24,20,14,0,26,28,24,14,5
20242,R,전통시장,3130187,영진시장,13,7,6,0,2,4,3,2,2,0,1,2,2,1,1,0,1,2,1,1,1
20242,R,전통시장,3130188,합정시장,29,16,13,0,5,8,8,5,3,0,2,4,5,3,2,0,3,4,3,2,1
20242,R,전통시장,3130189,서교시장,156,80,76,0,32,44,36,26,18,0,13,22,20,14,11,0,19,22,16,12,7
20242,R,전통시장,3130190,홍대소상공인상점가,404,205,199,0,86,114,92,68,44,0,35,57,51,35,27,0,51,57,41,33,17
20242,R,전통시장,3130191,홍대 걷고싶은 거리,672,345,327,0,140,190,156,110,76,0,58,95,86,58,48,0,82,95,70,52,28
20242,R,전통시장,3130192,동진시장,31,20,11,0,5,7,8,7,4,0,2,4,5,5,4,0,3,3,3,2,0
20242,R,전통시장,3130193,신수시장,56,30,26,0,7,15,16,14,4,0,2,7,9,9,3,0,5,8,7,5,1
20242,R,전통시장,3130194,용강동 상점가,1025,609,416,0,150,254,241,204,176,0,73,152,159,118,107,0,77,102,82,86,69
20242,R,전통시장,3130195,도화동 상점가,2419,1469,950,0,445,592,613,540,229,0,232,406,403,280,148,0,213,186,210,260,81
20242,R,전통시장,3130196,공덕시장,772,447,325,0,173,213,211,136,39,0,68,113,135,102,29,0,105,100,76,34,10
20242,R,전통시장,3130197,마포시장,239,139,100,0,53,66,65,43,12,0,21,35,42,32,9,0,32,31,23,11,3
20242,R,전통시장,3130198,아현시장,358,198,160,0,68,117,104,61,8,0,30,65,58,38,7,0,38,52,46,23,1
20242,R,전통시장,3130199,신월3동 골목시장,45,28,17,0,2,9,10,16,8,0,0,4,5,11,8,0,2,5,5,5,0
20242,R,전통시장,3130200,"신월7동 골목시장(약수시장, 우성상가)",181,119,62,0,20,30,36,43,52,0,15,23,24,26,31,0,5,7,12,17,21
20242,R,전통시장,3130201,월정로시장,59,38,21,0,4,11,13,21,10,0,2,7,8,13,8,0,2,4,5,8,2
20242,R,전통시장,3130202,신영시장,203,130,73,0,16,37,46,70,34,0,8,22,27,47,26,0,8,15,19,23,8
20242,R,전통시장,3130203,서서울 골목형상점가,160,107,53,0,13,27,38,54,28,0,8,17,23,36,23,0,5,10,15,18,5
20242,R,전통시장,3130204,경창시장,272,167,105,0,17,38,73,80,64,0,9,22,38,48,50,0,8,16,35,32,14
20242,R,전통시장,3130205,신곡종합시장(신월6동 골목시장),220,127,93,0,22,42,51,59,46,0,8,21,27,33,38,0,14,21,24,26,8
20242,R,전통시장,3130206,신정3동 골목시장,82,59,23,0,6,16,21,17,22,0,3,10,14,12,20,0,3,6,7,5,2
20242,R,전통시장,3130207,신정1동 골목시장(신정제일시장),497,290,207,2,87,125,126,106,51,2,36,77,76,61,38,0,51,48,50,45,13
20242,R,전통시장,3130208,목동깨비시장(목3동시장),541,298,243,0,72,118,144,130,77,0,36,68,79,65,50,0,36,50,65,65,27
20242,R,전통시장,3130209,목사랑시장(목4동시장),208,131,77,0,23,45,65,53,22,0,9,28,39,34,21,0,14,17,26,19,1
20242,R,전통시장,3130210,목2동시장,836,467,369,0,119,204,221,192,100,0,57,111,123,109,67,0,62,93,98,83,33
20242,R,전통시장,3130211,신정2동 골목시장(오목교중앙시장),980,568,412,0,179,319,264,173,45,0,74,176,164,116,38,0,105,143,100,57,7
20242,R,전통시장,3130212,공항시장,68,47,21,0,4,13,15,21,15,0,2,8,10,14,13,0,2,5,5,7,2
20242,R,전통시장,3130213,방신전통시장,361,284,77,0,36,77,90,105,53,0,27,63,72,87,35,0,9,14,18,18,18
20242,R,전통시장,3130214,송화벽화시장(송화골목시장),242,141,101,0,14,36,65,79,48,0,6,18,31,46,40,0,8,18,34,33,8
20242,R,전통시장,3130215,대원종합시장,13,8,5,0,2,3,3,3,2,0,1,2,2,2,1,0,1,1,1,1,1
20242,R,전통시장,3130216,화곡중앙시장,161,91,70,0,15,33,41,46,26,0,6,19,23,26,17,0,9,14,18,20,9
20242,R,전통시장,3130217,화곡본동시장,198,115,83,0,19,37,49,49,44,0,6,22,28,26,33,0,13,15,21,23,11
20242,R,전통시장,3130218,신월중앙시장,246,131,115,0,31,53,55,61,46,0,14,29,32,30,26,0,17,24,23,31,20
20242,R,전통시장,3130219,까치산시장,344,190,154,0,48,94,100,62,40,0,21,50,50,39,30,0,27,44,50,23,10
20242,R,전통시장,3130220,등마루시장,89,55,34,0,18,23,20,16,12,0,7,15,14,11,8,0,11,8,6,5,4
20242,R,전통시장,3130221,"남부골목시장(남부화곡시장, 남부시장)",520,229,291,0,124,144,105,97,50,0,25,62,52,52,38,0,99,82,53,45,12
20242,R,전통시장,3130222,오류시장,129,84,45,0,17,23,33,37,19,0,14,17,19,20,14,0,3,6,14,17,5
20242,R,전통시장,3130223,고척근린시장,990,584,406,0,85,214,242,268,181,0,46,121,127,152,138,0,39,93,115,116,43
20242,R,전통시장,3130224,개봉프라자(고척근린시장),27,17,10,0,3,6,7,7,4,0,2,4,4,4,3,0,1,2,3,3,1
20242,R,전통시장,3130225,개봉중앙시장,3370,1670,1700,0,600,820,805,803,342,0,341,524,359,270,176,0,259,296,446,533,166
20242,R,전통시장,3130226,고척프라자,160,113,47,0,14,33,42,48,23,0,7,22,29,36,19,0,7,11,13,12,4
20242,R,전통시장,3130227,고척골목시장상점가(그라운드 고척),402,287,115,0,35,83,107,120,57,0,18,56,75,91,47,0,17,27,32,29,10
20242,R,전통시장,3130228,구로시장,81,45,36,0,5,19,22,21,14,0,2,10,11,11,11,0,3,9,11,10,3
20242,R,전통시장,3130229,남구로시장,481,284,197,0,57,109,118,120,77,0,24,63,68,75,54,0,33,46,50,45,23
20242,R,전통시장,3130230,가리봉시장,37,16,21,0,0,6,9,9,13,0,0,3,3,3,7,0,0,3,6,6,6
20242,R,전통시장,3130231,독산동 우시장,670,430,240,0,52,91,112,148,267,0,31,61,72,91,175,0,21,30,40,57,92
20242,R,전통시장,3130232,독산동 맛나는거리상점가(독산동 맛나는거리),152,88,64,0,17,27,31,36,41,0,12,15,19,17,25,0,5,12,12,19,16
20242,R,전통시장,3130233,남문시장,246,178,68,0,17,39,45,48,97,0,9,24,24,29,92,0,8,15,21,19,5
20242,R,전통시장,3130234,푸른터시장(기능상실),6,5,1,0,0,1,2,1,2,0,0,1,1,1,2,0,0,0,1,0,0
20242,R,전통시장,3130235,대명여울빛거리시장(대명시장),525,283,242,0,78,126,126,130,65,0,37,63,63,73,47,0,41,63,63,57,18
20242,R,전통시장,3130236,비단길현대시장(현대시장),400,212,188,0,57,96,96,101,50,0,25,48,48,57,34,0,32,48,48,44,16
20242,R,전통시장,3130237,박미시장(기능상실),61,36,25,0,4,9,14,16,18,0,2,6,8,9,11,0,2,3,6,7,7
20242,R,전통시장,3130238,은행나무시장,136,83,53,0,17,33,37,28,21,0,9,23,23,14,14,0,8,10,14,14,7
20242,R,전통시장,3130240,영등포유통상가,673,406,267,0,115,192,150,124,92,0,46,107,95,87,71,0,69,85,55,37,21
20242,R,전통시장,3130241,선유도역 골목형상점가,2459,1409,1050,0,446,672,680,426,235,0,195,405,386,250,173,0,251,267,294,176,62
20242,R,전통시장,3130242,대림중앙 골목형상점가,132,69,63,0,24,32,30,20,26,0,9,17,13,12,18,0,15,15,17,8,8
20242,R,전통시장,3130243,도림시장,42,30,12,0,1,6,11,13,11,0,0,4,8,9,9,0,1,2,3,4,2
20242,R,전통시장,3130244,대림중앙시장,318,162,156,0,59,77,71,48,63,0,23,41,30,27,41,0,36,36,41,21,22
20242,R,전통시장,3130245,영일시장,4953,3597,1356,3,767,1618,1528,780,257,1,428,1230,1247,529,162,2,339,388,281,251,95
20242,R,전통시장,3130246,영등포청과시장(조광시장),441,261,180,0,78,122,101,85,55,0,30,68,64,56,43,0,48,54,37,29,12
20242,R,전통시장,3130247,우리시장,39,14,25,0,8,10,13,6,2,0,0,3,6,3,2,0,8,7,7,3,0
20242,R,전통시장,3130248,영등포역지하도상점가,1282,732,550,0,175,323,334,314,136,0,71,164,193,198,106,0,104,159,141,116,30
20242,R,전통시장,3130250,삼구시장(로타리상가),28,16,12,0,5,7,7,5,4,0,2,4,4,3,3,0,3,3,3,2,1
20242,R,전통시장,3130253,영신상가(제일상가),35,19,16,0,6,9,8,7,5,0,2,5,5,4,3,0,4,4,3,3,2
20242,R,전통시장,3130254,남서울상가,8,4,4,0,1,2,2,2,1,0,0,1,1,1,1,0,1,1,1,1,0
20242,R,전통시장,3130255,영등포전통시장,197,112,85,0,37,49,47,39,25,0,13,28,31,24,16,0,24,21,16,15,9
20242,R,전통시장,3130256,신동시장,13,13,0,0,0,1,4,4,4,0,0,1,4,4,4,0,0,0,0,0,0
20242,R,전통시장,3130257,영등포시장기계공구상가,283,159,124,0,52,70,68,55,38,0,20,39,43,32,25,0,32,31,25,23,13
20242,R,전통시장,3130258,영진시장A동,6,4,2,0,0,2,2,1,1,0,0,1,1,1,1,0,0,1,1,0,0
20242,R,전통시장,3130259,대신시장,31,13,18,0,5,8,7,7,4,0,1,4,3,3,2,0,4,4,4,4,2
20242,R,전통시장,3130260,신대방1동골목상권,461,292,169,0,88,148,109,73,43,0,45,96,75,47,29,0,43,52,34,26,14
20242,R,전통시장,3130261,성대전통시장(성대시장),244,146,98,0,11,50,71,58,54,0,7,37,44,29,29,0,4,13,27,29,25
20242,R,전통시장,3130262,상도도깨비 골목형상점가,56,34,22,0,6,14,15,15,6,0,3,8,9,11,3,0,3,6,6,4,3
20242,R,전통시장,3130263,신노량진시장(기능상실),44,24,20,0,7,13,11,9,4,0,4,6,5,6,3,0,3,7,6,3,1
20242,R,전통시장,3130264,상도약수골목형상점가,96,57,39,0,11,24,24,24,13,0,5,14,14,17,7,0,6,10,10,7,6
20242,R,전통시장,3130265,노량진중앙시장,94,53,41,0,12,23,24,22,13,0,5,13,15,12,8,0,7,10,9,10,5
20242,R,전통시장,3130266,만양로상점가,66,36,30,0,9,16,17,15,9,0,4,9,10,8,5,0,5,7,7,7,4
20242,R,전통시장,3130267,본동인정시장(기능상실),82,45,37,0,11,20,21,18,12,0,5,11,13,9,7,0,6,9,8,9,5
20242,R,전통시장,3130268,상도전통시장,311,179,132,0,51,75,76,67,42,0,22,41,46,41,29,0,29,34,30,26,13
20242,R,전통시장,3130269,강남시장(동작구 강남시장),9,5,4,0,2,2,2,2,1,0,1,1,1,1,1,0,1,1,1,1,0
20242,R,전통시장,3130270,흑석시장,1,1,0,0,0,0,1,0,0,0,0,0,1,0,0,0,0,0,0,0,0
20242,R,전통시장,3130271,남성역골목시장,329,171,158,0,33,47,75,63,111,0,14,24,32,28,73,0,19,23,43,35,38
20242,R,전통시장,3130272,사당시장,72,37,35,0,7,10,17,14,24,0,3,5,7,6,16,0,4,5,10,8,8
20242,R,전통시장,3130273,남성사계시장(남성시장),341,186,155,0,53,101,95,63,29,0,25,61,57,28,15,0,28,40,38,35,14
20242,R,전통시장,3130274,사당1동먹자골목상점가(사당1동먹자골목),354,189,165,0,58,90,96,64,46,0,17,44,48,40,40,0,41,46,48,24,6
20242,R,전통시장,3130275,강남골목시장,101,61,40,0,21,25,25,20,10,0,10,15,15,14,7,0,11,10,10,6,3
20242,R,전통시장,3130276,신림중앙시장(조원동 펭귄시장),3,3,0,0,0,1,1,1,0,0,0,1,1,1,0,0,0,0,0,0,0
20242,R,전통시장,3130277,조원동 펭귄시장(신림중앙시장),197,124,73,0,37,49,49,42,20,0,17,32,32,29,14,0,20,17,17,13,6
20242,R,전통시장,3130278,미성동 도깨비시장 골목형상점가,160,96,64,0,12,29,39,43,37,0,9,17,22,22,26,0,3,12,17,21,11
20242,R,전통시장,3130279,관악신사시장,371,258,113,0,59,109,111,67,25,0,26,75,87,51,19,0,33,34,24,16,6
20242,R,전통시장,3130280,신림종합시장,52,36,16,0,9,15,15,9,4,0,4,10,12,7,3,0,5,5,3,2,1
20242,R,전통시장,3130281,우림시장,51,29,22,0,4,11,12,17,7,0,1,6,6,10,6,0,3,5,6,7,1
20242,R,전통시장,3130282,난곡 골목형상점가,57,32,25,0,4,12,14,19,8,0,1,6,7,11,7,0,3,6,7,8,1
20242,R,전통시장,3130283,신원시장,140,88,52,0,2,33,40,40,25,0,2,19,26,26,15,0,0,14,14,14,10
20242,R,전통시장,3130284,관악종합시장(신원시장),18,11,7,0,1,4,5,5,3,0,1,2,3,3,2,0,0,2,2,2,1
20242,R,전통시장,3130285,서원동상점가,808,326,482,0,148,177,149,183,151,0,31,69,75,66,85,0,117,108,74,117,66
20242,R,전통시장,3130286,신신림시장(삼성동시장),23,14,9,0,2,4,7,7,3,0,1,2,4,4,3,0,1,2,3,3,0
20242,R,전통시장,3130287,삼성동 시장(삼성동시장),27,16,11,0,1,4,9,9,4,0,0,2,5,5,4,0,1,2,4,4,0
20242,R,전통시장,3130288,신림현대종합상가,43,24,19,0,6,8,11,9,9,0,3,4,6,5,6,0,3,4,5,4,3
20242,R,전통시장,3130289,봉일시장,90,43,47,0,12,17,19,25,17,0,4,8,10,11,10,0,8,9,9,14,7
20242,R,전통시장,3130290,영림시장,562,311,251,0,91,164,135,128,44,0,35,84,75,84,33,0,56,80,60,44,11
20242,R,전통시장,3130291,봉천제일종합시장,29,16,13,0,5,8,7,6,3,0,2,4,4,4,2,0,3,4,3,2,1
20242,R,전통시장,3130292,봉천현대시장,14,8,6,0,2,2,3,4,3,0,1,1,2,2,2,0,1,1,1,2,1
20242,R,전통시장,3130293,봉천중앙시장,71,32,39,0,8,12,16,22,13,0,3,6,7,10,6,0,5,6,9,12,7
20242,R,전통시장,3130294,관악중부시장,420,235,185,0,63,102,99,96,60,0,31,57,53,50,44,0,32,45,46,46,16
20242,R,전통시장,3130295,인헌시장(원당종합시장),389,228,161,0,78,116,101,61,33,0,35,73,61,31,28,0,43,43,40,30,5
20242,R,전통시장,3130296,남부종합시장,180,100,80,0,34,46,48,32,20,0,12,24,28,21,15,0,22,22,20,11,5
20242,R,전통시장,3130301,양재시장,607,392,215,8,142,168,138,90,61,4,72,113,97,60,46,4,70,55,41,30,15
20242,R,전통시장,3130303,영동전통시장,784,456,328,0,204,237,168,108,67,0,86,141,112,69,48,0,118,96,56,39,19
20242,R,전통시장,3130304,신사상가,43,25,18,0,10,14,10,6,3,0,4,8,7,4,2,0,6,6,3,2,1
20242,R,전통시장,3130305,논현종합시장,138,88,50,0,26,40,34,22,16,0,11,24,24,17,12,0,15,16,10,5,4
20242,R,전통시장,3130306,강남언주로,758,448,310,0,153,232,197,131,45,0,73,145,129,70,31,0,80,87,68,61,14
20242,R,전통시장,3130307,도곡시장,173,102,71,0,40,48,41,31,13,0,19,31,27,16,9,0,21,17,14,15,4
20242,R,전통시장,3130309,은마종합상점가,1278,714,564,7,232,352,294,241,152,3,107,215,189,124,76,4,125,137,105,117,76
20242,R,전통시장,3130310,강남개포시장,5258,3446,1812,4,924,1498,1259,977,596,0,493,1002,867,623,461,4,431,496,392,354,135
20242,R,전통시장,3130311,새마을시장,756,481,275,0,105,147,174,169,161,0,46,88,109,116,122,0,59,59,65,53,39
20242,R,전통시장,3130312,석촌시장,501,328,173,0,61,115,117,103,105,0,36,82,78,60,72,0,25,33,39,43,33
20242,R,전통시장,3130313,방이시장,4043,2323,1720,1,653,1036,916,864,573,1,367,674,560,405,316,0,286,362,356,459,257
20242,R,전통시장,3130314,풍납시장,446,263,183,0,47,101,127,128,43,0,27,59,68,69,40,0,20,42,59,59,3
20242,R,전통시장,3130315,문정동 로데오거리 상점가(문정동 로데오거리),9226,6971,2255,0,881,1771,2603,3313,658,0,505,1256,2002,2789,419,0,376,515,601,524,239
20242,R,전통시장,3130316,마천시장,49,32,17,0,4,12,14,13,6,0,2,8,8,8,6,0,2,4,6,5,0
20242,R,전통시장,3130317,마천중앙시장,203,133,70,0,14,50,60,54,25,0,9,31,35,33,25,0,5,19,25,21,0
20242,R,전통시장,3130318,로데오거리상점가,548,295,253,0,46,94,122,118,168,0,16,43,60,59,117,0,30,51,62,59,51
20242,R,전통시장,3130319,성내전통시장,81,55,26,0,14,16,19,16,16,0,11,11,11,11,11,0,3,5,8,5,5
20242,R,전통시장,3130320,암사종합시장,571,349,222,0,78,120,120,116,137,0,39,78,77,77,78,0,39,42,43,39,59
20242,R,전통시장,3130321,장신구 특화거리 상점가,1206,819,387,0,144,254,261,309,238,0,83,158,170,224,184,0,61,96,91,85,54
20242,R,전통시장,3130322,고분다리전통시장,117,69,48,0,8,19,28,28,34,0,2,10,14,17,26,0,6,9,14,11,8
20242,R,전통시장,3130323,둔촌역전통시장,381,229,152,0,51,86,97,80,67,0,26,55,58,46,44,0,25,31,39,34,23
20242,R,전통시장,3130324,길동복조리시장,115,56,59,0,15,23,27,29,21,0,5,12,15,12,12,0,10,11,12,17,9
20242,R,전통시장,3130325,명일전통시장,206,116,90,0,30,56,53,37,30,0,14,34,35,19,14,0,16,22,18,18,16
20242,R,전통시장,3130326,고덕 골목형상점가,384,243,141,0,21,49,85,134,95,0,3,21,49,93,77,0,18,28,36,41,18
20242,R,전통시장,3130327,"평화시장(남평화시장, 제일평화시장, 신평화패션타운)",800,432,368,0,242,170,150,142,96,0,106,90,76,94,66,0,136,80,74,48,30
20243,U,관광특구,3001491,이태원 관광특구,28395,15935,12460,8,6830,9855,6365,4305,1032,8,2203,4986,4313,3583,842,0,4627,4869,2052,722,190
20243,U,관광특구,3001492,명동 남대문 북창동 다동 무교동 관광특구,214604,123445,91159,396,43270,71925,55534,34108,9371,87,16696,38123,36717,25448,6374,309,26574,33802,18817,8660,2997
20243,U,관광특구,3001493,동대문패션타운 관광특구,33474,16833,16641,273,9661,8613,6813,5378,2736,109,4636,4972,3883,2050,1183,164,5025,3641,2930,3328,1553
20243,U,관광특구,3001494,종로?청계 관광특구,47296,26388,20908,670,9566,14142,12876,7558,2484,242,4114,7326,7672,5302,1732,428,5452,6816,5204,2256,752
20243,U,관광특구,3001495,잠실 관광특구,111557,65817,45740,195,18343,29274,28408,24388,10949,80,9089,18331,18070,13050,7197,115,9254,10943,10338,11338,3752
20243,U,관광특구,3001496,강남 마이스 관광특구,113536,76610,36926,286,22874,34048,30408,20154,5766,142,12294,22506,22424,15800,3444,144,10580,11542,7984,4354,2322
20243,A,골목상권,3110001,이북5도청사,2441,1370,1071,0,303,654,800,532,152,0,146,334,473,319,98,0,157,320,327,213,54
20243,A,골목상권,3110002,독립문역 1번,403,109,294,0,114,114,103,50,22,0,26,26,33,13,11,0,88,88,70,37,11
20243,A,골목상권,3110003,세검정초등학교,1186,667,519,0,157,325,375,251,78,0,71,172,220,151,53,0,86,153,155,100,25
20243,A,골목상권,3110004,대신고등학교,27,9,18,0,6,8,9,3,1,0,1,2,4,1,1,0,5,6,5,2,0
20243,A,골목상권,3110005,세검정,394,219,175,0,67,115,106,75,31,0,27,63,60,46,23,0,40,52,46,29,8
20243,A,골목상권,3110006,부암동주민센터,142,79,63,0,24,41,39,28,10,0,10,22,22,17,8,0,14,19,17,11,2
20243,A,골목상권,3110007,사직공원(한국사회과학도서관),302,189,113,0,40,87,91,60,24,0,16,53,62,42,16,0,24,34,29,18,8
20243,A,골목상권,3110008,배화여자대학교(박노수미술관),1045,673,372,0,171,302,301,197,74,0,72,189,218,141,53,0,99,113,83,56,21
20243,A,골목상권,3110009,자하문터널,239,135,104,0,39,72,69,45,14,0,15,40,39,30,11,0,24,32,30,15,3
20243,A,골목상권,3110010,평창동서측,3988,2238,1750,0,490,1072,1308,866,252,0,236,548,773,520,161,0,254,524,535,346,91
20243,A,골목상권,3110011,청운초등학교,166,107,59,0,31,47,46,31,11,0,14,29,34,22,8,0,17,18,12,9,3
20243,A,골목상권,3110012,성곡미술관,2803,1756,1047,0,368,796,846,559,234,0,153,488,581,389,145,0,215,308,265,170,89
20243,A,골목상권,3110013,체부동홍종문가옥,96,62,34,0,16,27,28,18,7,0,7,17,20,13,5,0,9,10,8,5,2
20243,A,골목상권,3110014,경복고등학교,1501,972,529,0,275,436,420,267,103,0,121,274,311,193,73,0,154,162,109,74,30
20243,A,골목상권,3110015,청와대사랑채,823,532,291,1,153,241,228,145,55,0,66,151,170,106,39,1,87,90,58,39,16
20243,A,골목상권,3110016,평창동동측,2949,1656,1293,0,365,792,967,644,181,0,176,404,572,388,116,0,189,388,395,256,65
20243,A,골목상권,3110017,정독도서관,408,324,84,0,46,125,129,86,22,0,28,94,108,75,19,0,18,31,21,11,3
20243,A,골목상권,3110018,중앙고등학교,1215,910,305,0,128,419,366,231,71,0,67,308,288,190,57,0,61,111,78,41,14
20243,A,골목상권,3110019,창덕궁,962,528,434,7,195,300,266,151,43,3,83,150,156,106,30,4,112,150,110,45,13
20243,A,골목상권,3110020,서울국제고등학교,887,433,454,0,139,247,219,180,102,0,45,121,117,92,58,0,94,126,102,88,44
20243,A,골목상권,3110021,성균관대학교,899,440,459,0,146,247,218,180,108,0,50,121,117,94,58,0,96,126,101,86,50
20243,A,골목상권,3110022,경신고등학교,238,117,121,0,38,65,59,48,28,0,13,32,32,25,15,0,25,33,27,23,13
20243,A,골목상권,3110023,서울대병원,62,35,27,0,10,14,17,13,8,0,3,7,10,9,6,0,7,7,7,4,2
20243,A,골목상권,3110024,혜회동주민센터,444,217,227,0,72,122,109,87,54,0,25,60,58,44,30,0,47,62,51,43,24
20243,A,골목상권,3110025,충신시장옆,470,295,175,8,110,135,116,73,28,1,46,87,85,56,20,7,64,48,31,17,8
20243,A,골목상권,3110026,종로5가역 4번,498,313,185,9,118,145,122,77,27,1,50,94,89,59,20,8,68,51,33,18,7
20243,A,골목상권,3110027,혜화역 1번,103,60,43,0,13,29,27,23,11,0,4,13,18,16,9,0,9,16,9,7,2
20243,A,골목상권,3110028,이화달팽이길,509,309,200,1,103,143,132,91,39,0,38,80,88,70,33,1,65,63,44,21,6
20243,A,골목상권,3110029,동대문역 1번,58,14,44,0,1,7,16,26,8,0,0,2,3,7,2,0,1,5,13,19,6
20243,A,골목상권,3110030,동대문역 3번,24,10,14,0,1,4,8,7,4,0,0,1,3,3,3,0,1,3,5,4,1
20243,A,골목상권,3110031,창신역 1번,82,35,47,0,8,22,21,26,5,0,1,8,8,13,5,0,7,14,13,13,0
20243,A,골목상권,3110032,수족관거리,78,32,46,0,2,12,28,24,12,0,0,2,10,10,10,0,2,10,18,14,2
20243,A,골목상권,3110033,창신역 4번,138,62,76,0,24,31,34,32,17,0,0,13,17,17,15,0,24,18,17,15,2
20243,A,골목상권,3110034,창신1동주민센터,49,21,28,0,1,8,18,13,9,0,0,2,6,6,7,0,1,6,12,7,2
20243,A,골목상권,3110035,동묘앞역 2번,246,120,126,0,36,45,60,60,45,0,6,20,33,35,26,0,30,25,27,25,19
20243,A,골목상권,3110036,동묘앞역 3번,138,71,67,0,20,23,34,34,27,0,5,11,19,21,15,0,15,12,15,13,12
20243,A,골목상권,3110037,신설동역 12번,410,293,117,0,40,111,91,93,75,0,18,84,69,71,51,0,22,27,22,22,24
20243,A,골목상권,3110038,경향신문사,4022,2135,1887,22,1164,1270,884,532,150,6,378,632,631,388,100,16,786,638,253,144,50
20243,A,골목상권,3110039,회현역 1번,629,389,240,0,118,222,173,91,25,0,55,132,113,72,17,0,63,90,60,19,8
20243,A,골목상권,3110040,중구회현체육센터(정화예술대남산캠퍼스),1162,718,444,0,219,411,320,169,43,0,101,245,208,134,30,0,118,166,112,35,13
20243,A,골목상권,3110041,남산케이블카,1045,608,437,0,171,354,284,185,51,0,68,183,184,138,35,0,103,171,100,47,16
20243,A,골목상권,3110042,남산골공원옆,2278,1072,1206,0,326,580,703,499,170,0,111,287,331,233,110,0,215,293,372,266,60
20243,A,골목상권,3110043,충무초등학교,1714,864,850,1,328,454,483,350,98,0,115,241,258,185,65,1,213,213,225,165,33
20243,A,골목상권,3110044,관성묘,625,330,295,1,143,171,163,121,26,0,51,96,96,70,17,1,92,75,67,51,9
20243,A,골목상권,3110045,동대문역사문화공원역 5번,1301,668,633,5,336,350,303,229,78,2,143,198,177,109,39,3,193,152,126,120,39
20243,A,골목상권,3110046,버티고개,109,71,38,0,19,38,28,18,6,0,8,27,20,11,5,0,11,11,8,7,1
20243,A,골목상권,3110047,다산성곽길,367,235,132,0,65,119,91,62,30,0,27,82,64,39,23,0,38,37,27,23,7
20243,A,골목상권,3110048,장충동주민센터,1193,651,542,1,266,339,304,223,60,0,97,200,187,127,40,1,169,139,117,96,20
20243,A,골목상권,3110049,장충단 고개,2333,1479,854,0,412,749,565,408,199,0,168,515,398,250,148,0,244,234,167,158,51
20243,A,골목상권,3110050,약수역 7번,2475,956,1519,5,398,926,685,339,122,0,122,326,227,194,87,5,276,600,458,145,35
20243,A,골목상권,3110051,한양공고앞 교차로,22,13,9,0,8,5,4,3,2,0,3,3,2,3,2,0,5,2,2,0,0
20243,A,골목상권,3110052,장충초등학교,796,506,290,0,142,258,196,137,63,0,59,178,137,84,48,0,83,80,59,53,15
20243,A,골목상권,3110053,청구역 1번,77,39,38,0,34,14,14,11,4,0,13,7,7,8,4,0,21,7,7,3,0
20243,A,골목상권,3110054,청구역 3번,11732,6410,5322,0,1703,3095,2770,2524,1640,0,574,1603,1734,1541,958,0,1129,1492,1036,983,682
20243,A,골목상권,3110055,황학동벼룩시장,84,62,22,0,11,25,24,15,9,0,9,16,15,13,9,0,2,9,9,2,0
20243,A,골목상권,3110056,신당역 3번,408,204,204,0,33,99,113,102,61,0,8,36,56,55,49,0,25,63,57,47,12
20243,A,골목상권,3110057,황학코아루아파트,117,86,31,0,15,35,33,22,12,0,11,23,22,18,12,0,4,12,11,4,0
20243,A,골목상권,3110058,성심여자고등학교,1485,1087,398,0,235,457,416,240,137,0,136,329,322,183,117,0,99,128,94,57,20
20243,A,골목상권,3110059,새남터성지,1693,1143,550,0,245,462,500,367,119,0,113,288,375,281,86,0,132,174,125,86,33
20243,A,골목상권,3110060,효창공원앞역 6번,1225,714,511,0,239,332,339,230,85,0,100,196,203,155,60,0,139,136,136,75,25
20243,A,골목상권,3110061,효창동주민센터,475,276,199,0,72,125,132,100,46,0,35,73,79,53,36,0,37,52,53,47,10
20243,A,골목상권,3110062,한강로동땡땡거리(은행나무길),2317,1142,1175,0,474,728,663,339,113,0,192,340,330,206,74,0,282,388,333,133,39
20243,A,골목상권,3110063,효창공원앞역 5번,1161,734,427,0,202,317,317,216,109,0,99,206,204,148,77,0,103,111,113,68,32
20243,A,골목상권,3110064,효창공원앞역 2번,743,424,319,0,101,190,202,163,87,0,49,109,119,83,64,0,52,81,83,80,23
20243,A,골목상권,3110065,남정초등학교,179,122,57,0,28,49,47,33,22,0,16,35,33,22,16,0,12,14,14,11,6
20243,A,골목상권,3110066,서울역 15번,1037,562,475,0,158,268,252,223,136,0,52,123,134,140,113,0,106,145,118,83,23
20243,A,골목상권,3110067,배문고등학교,487,263,224,0,73,127,119,105,63,0,23,58,63,66,53,0,50,69,56,39,10
20243,A,골목상권,3110068,남영역 1번,767,513,254,0,116,212,202,144,93,0,65,144,137,100,67,0,51,68,65,44,26
20243,A,골목상권,3110069,숙대입구,1130,609,521,0,169,291,272,246,152,0,54,134,148,152,121,0,115,157,124,94,31
20243,A,골목상권,3110070,용산세무서,207,101,106,0,43,65,59,30,10,0,18,30,29,18,6,0,25,35,30,12,4
20243,A,골목상권,3110071,한강미주맨션아파트,1700,1090,610,5,275,458,477,348,137,4,136,282,337,235,96,1,139,176,140,113,41
20243,A,골목상권,3110072,열정도,236,159,77,0,36,64,63,44,29,0,21,45,44,30,19,0,15,19,19,14,10
20243,A,골목상권,3110073,삼각지역 3번,1907,942,965,4,389,597,545,280,92,2,158,279,271,171,61,2,231,318,274,109,31
20243,A,골목상권,3110074,서울역 12번,4774,2012,2762,34,1818,1181,913,612,216,1,341,633,542,330,165,33,1477,548,371,282,51
20243,A,골목상권,3110075,숙대입구역 1번,1728,736,992,11,654,427,335,226,75,0,127,230,199,122,58,11,527,197,136,104,17
20243,A,골목상권,3110076,삼각지역 14번,181,90,91,0,37,57,52,26,9,0,15,27,26,16,6,0,22,30,26,10,3
20243,A,골목상권,3110077,삼광초등학교,175,104,71,0,25,40,50,42,18,0,8,24,33,25,14,0,17,16,17,17,4
20243,A,골목상권,3110078,이촌동점보아파트,608,389,219,1,99,164,170,125,49,1,49,101,120,84,34,0,50,63,50,41,15
20243,A,골목상권,3110079,후암동주민센터,1044,619,425,0,151,235,301,247,110,0,48,139,198,144,90,0,103,96,103,103,20
20243,A,골목상권,3110080,해방촌예술마을,222,145,77,0,26,44,73,62,17,0,9,26,53,43,14,0,17,18,20,19,3
20243,A,골목상권,3110081,해방촌 남동측,234,175,59,0,1,40,98,94,1,0,0,21,78,75,1,0,1,19,20,19,0
20243,A,골목상권,3110082,용산구청,5140,2262,2878,0,1512,1968,1008,496,156,0,398,822,558,358,126,0,1114,1146,450,138,30
20243,A,골목상권,3110083,서빙고역 1번,3456,2266,1190,0,616,1029,1067,548,196,0,297,601,779,436,153,0,319,428,288,112,43
20243,A,골목상권,3110084,경리단길북측,360,205,155,0,52,128,104,52,24,0,24,71,56,30,24,0,28,57,48,22,0
20243,A,골목상권,3110085,경리단길남측,361,202,159,0,57,131,102,47,24,0,25,70,55,28,24,0,32,61,47,19,0
20243,A,골목상권,3110086,이태원역 북측,307,164,143,0,77,108,70,41,11,0,25,53,44,32,10,0,52,55,26,9,1
20243,A,골목상권,3110087,이태원엔틱가구거리,820,363,457,0,243,315,160,78,24,0,64,133,88,58,20,0,179,182,72,20,4
20243,A,골목상권,3110088,오산고등학교,1315,862,453,0,232,391,408,211,73,0,110,229,297,167,59,0,122,162,111,44,14
20243,A,골목상권,3110089,서빙고동주민센터,1671,1100,571,0,296,499,515,267,94,0,143,292,377,213,75,0,153,207,138,54,19
20243,A,골목상권,3110090,한국폴리텍대학서울정수캠퍼스,997,648,349,0,172,290,311,165,59,0,80,168,223,130,47,0,92,122,88,35,12
20243,A,골목상권,3110091,리움미술관,908,669,239,0,151,268,240,209,40,0,73,180,194,188,34,0,78,88,46,21,6
20243,A,골목상권,3110092,NH농협은행 보광동지점,125,66,59,0,13,27,37,34,14,0,0,13,20,20,13,0,13,14,17,14,1
20243,A,골목상권,3110093,우사단길,5478,3978,1500,4,915,1633,1437,1249,240,4,425,1076,1157,1119,197,0,490,557,280,130,43
20243,A,골목상권,3110094,오산중학교,27,14,13,0,3,6,8,7,3,0,0,3,4,4,3,0,3,3,4,3,0
20243,A,골목상권,3110095,한강진역 3번,2799,2056,743,1,461,832,737,643,125,1,220,556,598,579,102,0,241,276,139,64,23
20243,A,골목상권,3110096,한남힐사이드아파트,985,720,265,0,163,292,259,228,43,0,77,194,210,204,35,0,86,98,49,24,8
20243,A,골목상권,3110097,한남초등학교,263,193,70,0,44,77,70,60,12,0,21,52,56,54,10,0,23,25,14,6,2
20243,A,골목상권,3110098,서울독일학교,1343,984,359,0,222,400,354,308,59,0,106,267,286,277,48,0,116,133,68,31,11
20243,A,골목상권,3110099,유엔빌리지길,1612,1180,432,1,267,479,424,371,70,1,125,319,344,333,58,0,142,160,80,38,12
20243,A,골목상권,3110100,옥수동우편취급국,450,175,275,0,116,133,102,68,31,0,30,49,48,32,16,0,86,84,54,36,15
20243,A,골목상권,3110101,옥정중학교,1830,711,1119,0,469,542,414,276,129,0,120,201,194,130,66,0,349,341,220,146,63
20243,A,골목상권,3110102,옥수역 6번,2049,796,1253,0,526,606,462,311,144,0,135,224,216,147,74,0,391,382,246,164,70
20243,A,골목상권,3110103,옥수터널,245,96,149,0,61,72,56,38,18,0,15,27,26,18,10,0,46,45,30,20,8
20243,A,골목상권,3110104,신금호역 4번,66,38,28,0,6,11,16,16,17,0,0,4,8,10,16,0,6,7,8,6,1
20243,A,골목상권,3110105,금동어린이공원,31,18,13,0,3,3,8,7,10,0,0,0,4,4,10,0,3,3,4,3,0
20243,A,골목상권,3110106,금북초등학교,177,62,115,0,21,58,73,21,4,0,5,19,28,7,3,0,16,39,45,14,1
20243,A,골목상권,3110107,금호사거리,115,70,45,0,15,26,33,27,14,0,6,13,22,17,12,0,9,13,11,10,2
20243,A,골목상권,3110108,성동구립금호도서관,181,67,114,1,21,59,74,22,4,0,6,20,29,9,3,1,15,39,45,13,1
20243,A,골목상권,3110109,금호삼성래미안아파트,972,357,615,5,114,321,395,112,25,0,34,106,155,44,18,5,80,215,240,68,7
20243,A,골목상권,3110110,상왕십리역 6번,264,162,102,0,32,69,78,61,24,0,16,37,48,39,22,0,16,32,30,22,2
20243,A,골목상권,3110111,대현산장미원,54,24,30,0,14,14,11,10,5,0,4,5,5,5,5,0,10,9,6,5,0
20243,A,골목상권,3110112,행당역 2번,93,64,29,0,10,21,25,27,10,0,5,13,17,20,9,0,5,8,8,7,1
20243,A,골목상권,3110113,응봉산,365,153,212,0,87,96,78,66,38,0,22,35,35,33,28,0,65,61,43,33,10
20243,A,골목상권,3110114,왕십리파출소,172,79,93,0,28,33,38,41,32,0,9,19,21,17,13,0,19,14,17,24,19
20243,A,골목상권,3110115,상왕십리역 3번,666,305,361,0,112,128,140,163,123,0,38,70,77,67,53,0,74,58,63,96,70
20243,A,골목상권,3110116,청계천박물관,1183,841,342,0,93,209,272,394,215,0,55,147,197,278,164,0,38,62,75,116,51
20243,A,골목상권,3110117,성동구보건소,354,250,104,0,28,61,82,120,63,0,17,42,58,85,48,0,11,19,24,35,15
20243,A,골목상권,3110118,왕십리역 9번,279,193,86,0,34,59,73,81,32,0,17,37,51,62,26,0,17,22,22,19,6
20243,A,골목상권,3110119,마장지하차도,327,232,95,0,27,57,76,108,59,0,16,39,55,77,45,0,11,18,21,31,14
20243,A,골목상권,3110120,서울숲카페거리,119,90,29,0,19,24,25,27,24,0,13,17,17,21,22,0,6,7,8,6,2
20243,A,골목상권,3110121,한양대역 4번,52,37,15,0,1,10,18,17,6,0,0,6,12,13,6,0,1,4,6,4,0
20243,A,골목상권,3110122,마장역 2번,824,585,239,0,67,147,189,272,149,0,41,102,138,193,111,0,26,45,51,79,38
20243,A,골목상권,3110123,마장역 3번,670,478,192,0,54,118,154,224,120,0,32,82,114,158,92,0,22,36,40,66,28
20243,A,골목상권,3110124,뚝섬역교차로,1099,760,339,0,174,224,231,241,229,0,104,149,150,172,185,0,70,75,81,69,44
20243,A,골목상권,3110125,사근동살곶이상점가,76,59,17,0,1,13,28,24,10,0,0,9,20,20,10,0,1,4,8,4,0
20243,A,골목상권,3110126,서울숲역 1번,93,60,33,0,14,20,20,22,17,0,7,13,13,15,12,0,7,7,7,7,5
20243,A,골목상권,3110127,성수1가1동주민센터,379,238,141,0,47,81,85,102,64,0,22,50,54,70,42,0,25,31,31,32,22
20243,A,골목상권,3110128,성원중학교,959,602,357,0,156,233,218,221,131,0,72,145,140,152,93,0,84,88,78,69,38
20243,A,골목상권,3110129,성원어린이공원,628,437,191,0,100,127,133,138,130,0,60,85,86,100,106,0,40,42,47,38,24
20243,A,골목상권,3110130,답십리역 6번,81,50,31,0,22,24,18,12,5,0,8,16,13,8,5,0,14,8,5,4,0
20243,A,골목상권,3110131,성수동카페거리,4747,3034,1713,11,998,1328,1128,830,452,6,471,866,769,565,357,5,527,462,359,265,95
20243,A,골목상권,3110132,성수2가3동주민센터,1267,810,457,0,209,325,317,254,162,0,115,217,213,153,112,0,94,108,104,101,50
20243,A,골목상권,3110133,서울교통공사,739,456,283,3,190,211,153,114,68,0,81,140,106,73,56,3,109,71,47,41,12
20243,A,골목상권,3110134,성수119안전센터,678,437,241,0,160,203,157,109,49,0,71,133,108,79,46,0,89,70,49,30,3
20243,A,골목상권,3110135,성동세무서,526,337,189,0,63,130,138,108,87,0,29,82,80,68,78,0,34,48,58,40,9
20243,A,골목상권,3110136,경수초등학교,4708,3013,1695,7,948,1290,1134,851,478,4,460,849,773,559,368,3,488,441,361,292,110
20243,A,골목상권,3110137,성수초등학교,14279,9152,5127,20,2352,3634,3571,2871,1831,20,1305,2429,2404,1731,1263,0,1047,1205,1167,1140,568
20243,A,골목상권,3110138,송정체육공원,194,130,64,0,26,47,51,40,30,0,13,31,30,26,30,0,13,16,21,14,0
20243,A,골목상권,3110139,자양4동주민센터,60,55,5,0,0,1,15,18,26,0,0,1,12,16,26,0,0,0,3,2,0
20243,A,골목상권,3110140,건대입구역 6번,150,122,28,0,0,10,40,50,50,0,0,9,26,37,50,0,0,1,14,13,0
20243,A,골목상권,3110141,건대입구역 1번,67,46,21,0,7,10,17,23,10,0,2,5,12,18,9,0,5,5,5,5,1
20243,A,골목상권,3110142,화양사거리,54,44,10,0,4,4,16,21,9,0,2,2,14,17,9,0,2,2,2,4,0
20243,A,골목상권,3110143,뚝섬유원지역 1번,42,31,11,0,5,12,11,11,3,0,4,8,8,8,3,0,1,4,3,3,0
20243,A,골목상권,3110144,어린이대공원역 4번,28,20,8,0,3,4,7,9,5,0,1,2,5,7,5,0,2,2,2,2,0
20243,A,골목상권,3110145,장안초등학교,7,4,3,0,0,2,2,2,1,0,0,1,1,1,1,0,0,1,1,1,0
20243,A,골목상권,3110146,신자초등학교,686,509,177,0,76,183,196,176,55,0,50,131,147,133,48,0,26,52,49,43,7
20243,A,골목상권,3110147,능동우편취급국,103,59,44,0,9,21,25,23,25,0,2,11,15,13,18,0,7,10,10,10,7
20243,A,골목상권,3110148,어린이대공원역 3번,17,13,4,0,1,2,6,6,2,0,0,1,5,5,2,0,1,1,1,1,0
20243,A,골목상권,3110149,세종대학교,133,75,58,0,14,28,32,30,29,0,5,15,19,16,20,0,9,13,13,14,9
20243,A,골목상권,3110150,중곡1동 마을마당,1148,559,589,1,307,222,231,274,113,0,131,118,114,108,88,1,176,104,117,166,25
20243,A,골목상권,3110151,자양한강도서관,586,362,224,0,80,132,156,155,63,0,53,85,91,84,49,0,27,47,65,71,14
20243,A,골목상권,3110152,중곡어린이공원,193,93,100,0,51,37,39,48,18,0,22,20,19,19,13,0,29,17,20,29,5
20243,A,골목상권,3110153,중곡1동주민센터,211,102,109,0,58,41,43,49,20,0,24,22,21,19,16,0,34,19,22,30,4
20243,A,골목상권,3110154,광진정말공원,890,709,181,0,54,127,247,367,95,0,24,84,197,317,87,0,30,43,50,50,8
20243,A,골목상권,3110155,광진구청,1004,796,208,0,69,141,273,411,110,0,30,92,220,358,96,0,39,49,53,53,14
20243,A,골목상권,3110156,군자역 5번,242,156,86,0,32,60,65,48,37,0,15,37,42,30,32,0,17,23,23,18,5
20243,A,골목상권,3110157,자양동우체국,390,250,140,0,54,88,104,107,37,0,39,59,61,59,32,0,15,29,43,48,5
20243,A,골목상권,3110158,중곡3동주민센터,359,252,107,0,26,90,112,89,42,0,17,71,68,61,35,0,9,19,44,28,7
20243,A,골목상권,3110159,구의역 4번,1833,1458,375,0,117,259,500,752,205,0,52,171,402,654,179,0,65,88,98,98,26
20243,A,골목상권,3110160,광진경찰서,312,189,123,0,44,78,88,73,29,0,23,46,48,48,24,0,21,32,40,25,5
20243,A,골목상권,3110161,중곡역 3번,217,152,65,0,16,56,68,54,23,0,10,45,41,37,19,0,6,11,27,17,4
20243,A,골목상권,3110162,군자역 4번,159,94,65,0,19,32,41,40,27,0,13,19,22,21,19,0,6,13,19,19,8
20243,A,골목상권,3110163,성자초등학교,578,358,220,0,82,128,156,149,63,0,56,82,91,80,49,0,26,46,65,69,14
20243,A,골목상권,3110164,아차산역 5번,183,118,65,0,24,44,50,36,29,0,11,27,33,23,24,0,13,17,17,13,5
20243,A,골목상권,3110165,국립정신건강센터,235,139,96,0,29,47,64,57,38,0,20,27,35,31,26,0,9,20,29,26,12
20243,A,골목상권,3110166,구의1동주민센터,438,263,175,0,59,118,125,101,35,0,32,66,67,66,32,0,27,52,58,35,3
20243,A,골목상권,3110167,용마초등학교,445,263,182,0,54,90,122,108,71,0,38,52,65,59,49,0,16,38,57,49,22
20243,A,골목상권,3110168,대원고등학교,435,217,218,0,77,109,112,102,35,0,22,52,55,55,33,0,55,57,57,47,2
20243,A,골목상권,3110169,성동초등학교,687,423,264,0,87,148,174,178,100,0,56,100,109,94,64,0,31,48,65,84,36
20243,A,골목상권,3110170,동대부여고,313,198,115,0,40,84,93,74,22,0,21,52,52,52,21,0,19,32,41,22,1
20243,A,골목상권,3110171,중곡4동주민센터,170,84,86,0,29,42,44,41,14,0,8,19,21,22,14,0,21,23,23,19,0
20243,A,골목상권,3110172,광진초등학교,503,320,183,0,71,87,132,137,76,0,36,50,87,90,57,0,35,37,45,47,19
20243,A,골목상권,3110173,구남초등학교,465,284,181,0,55,98,112,119,81,0,30,69,76,62,47,0,25,29,36,57,34
20243,A,골목상권,3110174,아차산역 1번,638,323,315,0,107,150,166,153,62,0,31,70,84,84,54,0,76,80,82,69,8
20243,A,골목상권,3110175,푸른동산공원,355,219,136,0,42,77,88,87,61,0,24,53,62,45,35,0,18,24,26,42,26
20243,A,골목상권,3110176,해오름공원,872,432,440,0,151,214,228,205,74,0,39,99,112,112,70,0,112,115,116,93,4
20243,A,골목상권,3110177,동의초등학교,38,24,14,0,6,6,10,10,6,0,3,3,7,7,4,0,3,3,3,3,2
20243,A,골목상권,3110178,장로회신학대학교,299,183,116,0,93,81,59,46,20,0,45,52,40,31,15,0,48,29,19,15,5
20243,A,골목상권,3110179,광나루역 1번,908,548,360,5,285,241,175,139,63,0,137,154,118,93,46,5,148,87,57,46,17
20243,A,골목상권,3110180,광진정보도서관,3745,2270,1475,27,1164,986,728,580,260,5,557,636,492,389,191,22,607,350,236,191,69
20243,A,골목상권,3110181,신설동역 9번,2753,1419,1334,0,338,612,679,674,450,0,160,349,358,308,244,0,178,263,321,366,206
20243,A,골목상권,3110182,용두희망어린이공원,623,324,299,0,82,139,151,152,99,0,39,81,81,69,54,0,43,58,70,83,45
20243,A,골목상권,3110183,한국의류시험연구원,779,402,377,0,97,171,193,190,128,0,46,99,101,87,69,0,51,72,92,103,59
20243,A,골목상권,3110184,용두사거리,439,226,213,0,56,97,107,107,72,0,26,55,56,50,39,0,30,42,51,57,33
20243,A,골목상권,3110185,용두초등학교,295,150,145,0,38,64,72,72,49,0,17,36,38,33,26,0,21,28,34,39,23
20243,A,골목상권,3110186,종암초등학교,221,133,88,0,26,56,56,48,35,0,10,34,36,28,25,0,16,22,20,20,10
20243,A,골목상권,3110187,제기동역 6번,1998,1035,963,0,252,442,489,488,327,0,118,256,260,222,179,0,134,186,229,266,148
20243,A,골목상권,3110188,용두동신동아아파트,2023,1049,974,0,252,448,498,496,329,0,120,259,264,227,179,0,132,189,234,269,150
20243,A,골목상권,3110189,제기동역 1번,640,368,272,0,77,153,161,144,105,0,32,90,98,78,70,0,45,63,63,66,35
20243,A,골목상권,3110190,고대앞사거리,306,188,118,0,36,78,78,65,49,0,14,47,51,38,38,0,22,31,27,27,11
20243,A,골목상권,3110191,고려대역 6번,354,220,134,0,40,92,90,78,54,0,14,57,60,48,41,0,26,35,30,30,13
20243,A,골목상권,3110192,동의보감타워,723,375,348,0,89,161,178,177,118,0,42,93,94,81,65,0,47,68,84,96,53
20243,A,골목상권,3110193,고려대역 4번,355,216,139,0,42,92,90,76,55,0,16,56,59,45,40,0,26,36,31,31,15
20243,A,골목상권,3110194,홍파초등학교,680,410,270,0,80,175,174,146,105,0,28,104,112,85,81,0,52,71,62,61,24
20243,A,골목상권,3110195,동대문구청,1243,641,602,0,157,272,305,305,204,0,74,156,160,140,111,0,83,116,145,165,93
20243,A,골목상권,3110196,홍릉근린공원,23,13,10,0,3,12,3,3,2,0,1,7,2,2,1,0,2,5,1,1,1
20243,A,골목상권,3110197,세종대왕기념관교차로,56,32,24,0,8,16,12,11,9,0,3,9,7,7,6,0,5,7,5,4,3
20243,A,골목상권,3110198,동대문중앙새마을금고본점,98,60,38,0,13,24,25,20,16,0,5,14,17,12,12,0,8,10,8,8,4
20243,A,골목상권,3110199,홍릉시장,434,254,180,0,57,118,102,90,67,0,20,70,64,53,47,0,37,48,38,37,20
20243,A,골목상권,3110200,동대문경찰서,65,34,31,0,11,21,12,11,10,0,4,12,6,6,6,0,7,9,6,5,4
20243,A,골목상권,3110201,전농119안전센터,19,15,4,0,1,2,6,7,3,0,1,2,5,5,2,0,0,0,1,2,1
20243,A,골목상권,3110202,전농1동주민센터(전농시장),17,16,1,0,0,1,7,8,1,0,0,1,7,7,1,0,0,0,0,1,0
20243,A,골목상권,3110203,떡전교사거리,268,147,121,0,45,82,51,48,42,0,16,49,28,28,26,0,29,33,23,20,16
20243,A,골목상권,3110204,간데메공원,1065,517,548,0,152,212,300,288,113,0,102,141,113,85,76,0,50,71,187,203,37
20243,A,골목상권,3110206,텃골근린공원,24,24,0,0,0,0,12,12,0,0,0,0,12,12,0,0,0,0,0,0,0
20243,A,골목상권,3110207,시립대앞사거리,8,8,0,0,0,0,4,4,0,0,0,0,4,4,0,0,0,0,0,0,0
20243,A,골목상권,3110208,시조사삼거리,90,48,42,0,14,27,18,18,13,0,5,15,10,10,8,0,9,12,8,8,5
20243,A,골목상권,3110209,답십리 장령당공원,146,71,75,0,22,32,39,38,15,0,14,21,14,11,11,0,8,11,25,27,4
20243,A,골목상권,3110210,서울시립대,447,242,205,0,50,93,122,121,61,0,19,44,69,67,43,0,31,49,53,54,18
20243,A,골목상권,3110211,전곡마을마당공원,19,18,1,0,0,1,8,9,1,0,0,1,8,8,1,0,0,0,0,1,0
20243,A,골목상권,3110212,답십리초등학교,353,174,179,0,49,75,98,96,35,0,35,49,36,27,27,0,14,26,62,69,8
20243,A,골목상권,3110213,청량초등학교,98,43,55,0,18,27,28,19,6,0,2,11,14,11,5,0,16,16,14,8,1
20243,A,골목상권,3110214,경희대후문,414,182,232,0,78,111,119,77,29,0,11,41,59,47,24,0,67,70,60,30,5
20243,A,골목상권,3110215,회기역 1번,39,29,10,0,1,8,12,12,6,0,0,6,9,10,4,0,1,2,3,2,2
20243,A,골목상권,3110216,전농중학교,424,220,204,0,51,86,112,116,59,0,21,40,61,60,38,0,30,46,51,56,21
20243,A,골목상권,3110217,자동차부품상가,618,452,166,0,95,139,147,132,105,0,74,107,106,91,74,0,21,32,41,41,31
20243,A,골목상권,3110218,답십리사거리,581,425,156,0,88,132,139,123,99,0,70,102,99,83,71,0,18,30,40,40,28
20243,A,골목상권,3110219,삼육보건대학교,592,304,288,0,74,134,154,146,84,0,19,63,81,76,65,0,55,71,73,70,19
20243,A,골목상권,3110220,외대앞역 1번,598,262,336,0,113,161,167,110,47,0,16,59,83,68,36,0,97,102,84,42,11
20243,A,골목상권,3110221,의릉,164,94,70,0,16,34,35,42,37,0,5,17,17,24,31,0,11,17,18,18,6
20243,A,골목상권,3110222,회기역 2번,31,20,11,0,3,6,8,8,6,0,1,4,5,6,4,0,2,2,3,2,2
20243,A,골목상권,3110223,군자초등학교,1215,773,442,0,161,242,263,270,279,0,97,157,166,165,188,0,64,85,97,105,91
20243,A,골목상권,3110224,외대앞역 2번,69,39,30,0,10,16,20,15,8,0,2,8,12,11,6,0,8,8,8,4,2
20243,A,골목상권,3110225,촬영소사거리,446,330,116,0,69,101,107,93,76,0,55,79,77,63,56,0,14,22,30,30,20
20243,A,골목상권,3110226,장안1동주민센터,2671,1693,978,0,358,525,578,595,615,0,217,342,361,358,415,0,141,183,217,237,200
20243,A,골목상권,3110227,답십리공원,504,312,192,0,108,107,114,105,70,0,64,69,67,61,51,0,44,38,47,44,19
20243,A,골목상권,3110228,장안근린공원,740,400,340,0,228,144,151,139,78,0,119,82,72,67,60,0,109,62,79,72,18
20243,A,골목상권,3110229,장평중학교,1734,1098,636,0,235,342,378,383,396,0,142,221,237,230,268,0,93,121,141,153,128
20243,A,골목상권,3110230,장안현대홈타운1차아파트,285,154,131,0,88,57,59,53,28,0,45,33,27,26,23,0,43,24,32,27,5
20243,A,골목상권,3110231,장안교,128,68,60,0,36,25,27,25,15,0,18,14,13,12,11,0,18,11,14,13,4
20243,A,골목상권,3110232,동대부고,1201,643,558,0,374,231,244,227,125,0,193,133,113,109,95,0,181,98,131,118,30
20243,A,골목상권,3110233,중랑역 1번,43,32,11,0,0,0,16,11,16,0,0,0,8,8,16,0,0,0,8,3,0
20243,A,골목상권,3110234,중랑역 4번,68,44,24,0,1,6,22,17,22,0,0,3,11,11,19,0,1,3,11,6,3
20243,A,골목상권,3110235,세화어린이공원,4,3,1,0,0,0,2,1,1,0,0,0,1,1,1,0,0,0,1,0,0
20243,A,골목상권,3110236,신묵초등학교,568,401,167,0,81,141,138,165,43,0,50,96,90,123,42,0,31,45,48,42,1
20243,A,골목상권,3110237,메가박스 상봉,778,484,294,0,58,153,208,231,128,0,21,86,123,145,109,0,37,67,85,86,19
20243,A,골목상권,3110238,배꽃어린이공원,7,6,1,0,0,0,2,1,4,0,0,0,1,1,4,0,0,0,1,0,0
20243,A,골목상권,3110239,중랑역 2번,6,4,2,0,0,0,2,2,2,0,0,0,1,1,2,0,0,0,1,1,0
20243,A,골목상권,3110240,태릉시장 특화거리,30,21,9,0,0,2,8,7,13,0,0,0,4,4,13,0,0,2,4,3,0
20243,A,골목상권,3110241,먹골역 5번,545,378,167,0,80,138,134,150,43,0,46,94,88,112,38,0,34,44,46,38,5
20243,A,골목상권,3110242,면목5동주민센터,219,164,55,0,11,35,65,58,50,0,11,31,32,40,50,0,0,4,33,18,0
20243,A,골목상권,3110243,중랑노인종합복지관,721,416,305,0,31,113,170,240,167,0,0,50,87,141,138,0,31,63,83,99,29
20243,A,골목상권,3110244,중화역 4번,123,79,44,0,5,7,42,34,35,0,2,3,21,21,32,0,3,4,21,13,3
20243,A,골목상권,3110245,KB국민은행 중화동지점,51,34,17,0,2,4,16,12,17,0,1,2,8,8,15,0,1,2,8,4,2
20243,A,골목상권,3110246,월드순복음교회,702,476,226,0,71,168,219,179,65,0,38,112,141,125,60,0,33,56,78,54,5
20243,A,골목상권,3110247,먹골역 1번,428,203,225,0,39,103,131,106,49,0,11,50,56,50,36,0,28,53,75,56,13
20243,A,골목상권,3110248,먹골파출소,100,47,53,0,7,27,31,27,8,0,1,12,15,12,7,0,6,15,16,15,1
20243,A,골목상권,3110249,중화역 1번,642,338,304,0,62,140,174,157,109,0,18,54,82,89,95,0,44,86,92,68,14
20243,A,골목상권,3110250,화랑대역 7번,91,43,48,0,5,23,30,23,10,0,1,11,12,11,8,0,4,12,18,12,2
20243,A,골목상권,3110251,장안중학교,307,164,143,0,28,70,83,74,52,0,8,27,38,45,46,0,20,43,45,29,6
20243,A,골목상권,3110252,장안제일시장,618,456,162,0,41,91,179,171,136,0,40,82,87,112,135,0,1,9,92,59,1
20243,A,골목상권,3110253,중곡초등학교,198,168,30,0,4,27,58,83,26,0,2,21,44,75,26,0,2,6,14,8,0
20243,A,골목상권,3110254,오거리공원,230,178,52,0,4,23,74,95,34,0,0,14,53,77,34,0,4,9,21,18,0
20243,A,골목상권,3110255,상봉역 4번,554,397,157,0,62,145,194,126,27,0,36,105,132,97,27,0,26,40,62,29,0
20243,A,골목상권,3110256,면목2동체육관,1357,789,568,0,56,221,318,454,308,0,0,99,162,268,260,0,56,122,156,186,48
20243,A,골목상권,3110257,상봉역 7번,228,167,61,0,22,39,51,64,52,0,16,26,29,46,50,0,6,13,22,18,2
20243,A,골목상권,3110258,면동초등학교,168,98,70,0,12,40,48,44,24,0,1,21,26,28,22,0,11,19,22,16,2
20243,A,골목상권,3110259,사가정역 1번,329,219,110,0,23,59,91,94,62,0,5,32,55,72,55,0,18,27,36,22,7
20243,A,골목상권,3110260,면목역 3번,76,44,32,0,6,19,23,20,8,0,0,10,13,13,8,0,6,9,10,7,0
20243,A,골목상권,3110261,사가정역 4번,174,118,56,0,9,26,49,64,26,0,0,14,31,47,26,0,9,12,18,17,0
20243,A,골목상권,3110262,상봉역 3번,685,484,201,0,82,178,232,157,36,0,47,128,157,117,35,0,35,50,75,40,1
20243,A,골목상권,3110263,면목역 1번,87,47,40,0,8,22,24,23,10,0,0,11,13,13,10,0,8,11,11,10,0
20243,A,골목상권,3110264,면목역 2번,259,143,116,0,18,67,73,70,31,0,0,34,39,39,31,0,18,33,34,31,0
20243,A,골목상권,3110265,망우역 1번,389,266,123,0,42,69,82,109,87,0,26,40,45,74,81,0,16,29,37,35,6
20243,A,골목상권,3110266,면목동우체국,219,141,78,0,12,39,61,65,42,0,1,20,36,48,36,0,11,19,25,17,6
20243,A,골목상권,3110267,망우역 2번,259,176,83,0,27,50,59,72,51,0,16,29,34,50,47,0,11,21,25,22,4
20243,A,골목상권,3110268,망우3동주민센터,55,31,24,0,0,4,15,23,13,0,0,0,5,13,13,0,0,4,10,10,0
20243,A,골목상권,3110269,용마문화복지센터,168,108,60,0,12,30,44,50,32,0,1,16,27,37,27,0,11,14,17,13,5
20243,A,골목상권,3110270,혜원여고,65,36,29,0,1,6,19,24,15,0,0,2,8,13,13,0,1,4,11,11,2
20243,A,골목상권,3110271,신내역 1번,83,39,44,0,14,19,15,22,13,0,3,8,7,11,10,0,11,11,8,11,3
20243,A,골목상권,3110272,신내1동주민센터,700,332,368,0,124,155,127,190,104,0,32,64,60,93,83,0,92,91,67,97,21
20243,A,골목상권,3110273,장스여성병원,307,153,154,0,42,63,64,87,51,0,10,26,30,45,42,0,32,37,34,42,9
20243,A,골목상권,3110274,서일대학교,445,285,160,0,27,69,121,136,92,0,4,34,70,97,80,0,23,35,51,39,12
20243,A,골목상권,3110275,하나은행 망우동지점,117,62,55,0,11,21,27,39,19,0,2,8,13,21,18,0,9,13,14,18,1
20243,A,골목상권,3110276,신내IC북측,118,57,61,0,21,26,22,32,17,0,6,11,11,15,14,0,15,15,11,17,3
20243,A,골목상권,3110277,러스크서울병원,287,151,136,0,26,55,68,91,47,0,2,22,32,50,45,0,24,33,36,41,2
20243,A,골목상권,3110278,망우본동주민센터,312,168,144,0,22,55,76,106,53,0,1,19,36,60,52,0,21,36,40,46,1
20243,A,골목상권,3110279,신내역 2번,119,57,62,0,20,26,22,32,19,0,5,11,10,16,15,0,15,15,12,16,4
20243,A,골목상권,3110280,북정마을,535,407,128,0,71,133,158,153,20,0,39,92,125,137,14,0,32,41,33,16,6
20243,A,골목상권,3110281,길상사,1041,792,249,0,139,256,302,300,44,0,77,178,239,267,31,0,62,78,63,33,13
20243,A,골목상권,3110282,국민대학교앞,74,56,18,0,10,22,20,15,7,0,6,17,16,12,5,0,4,5,4,3,2
20243,A,골목상권,3110283,성북초등학교앞,795,607,188,0,105,195,231,230,34,0,58,137,183,205,24,0,47,58,48,25,10
20243,A,골목상권,3110284,정릉북한산국립공원입구,246,152,94,0,15,38,59,82,52,0,3,19,38,56,36,0,12,19,21,26,16
20243,A,골목상권,3110285,홍대부중,1347,1029,318,0,177,331,392,391,56,0,98,232,310,350,39,0,79,99,82,41,17
20243,A,골목상권,3110286,한성대입구역 5번,2996,2264,732,0,392,741,867,861,135,0,214,514,681,761,94,0,178,227,186,100,41
20243,A,골목상권,3110287,정릉3동주민센터,115,72,43,0,17,34,29,22,13,0,8,20,18,15,11,0,9,14,11,7,2
20243,A,골목상권,3110288,동구여중,1269,967,302,0,166,312,369,366,56,0,92,218,292,326,39,0,74,94,77,40,17
20243,A,골목상권,3110289,북한산보국문역 2번,43,41,2,0,3,16,13,9,2,0,3,14,13,9,2,0,0,2,0,0,0
20243,A,골목상권,3110290,북한산보국문역 1번,164,102,62,0,10,24,41,53,36,0,2,12,27,36,25,0,8,12,14,17,11
20243,A,골목상권,3110291,한성대입구역 3번,435,217,218,0,41,106,140,111,37,0,10,43,67,73,24,0,31,63,73,38,13
20243,A,골목상권,3110292,정릉역 2번,138,58,80,0,22,34,38,31,13,0,3,13,15,14,13,0,19,21,23,17,0
20243,A,골목상권,3110293,삼선중학교,5155,3924,1231,0,673,1264,1496,1496,226,0,371,886,1183,1328,156,0,302,378,313,168,70
20243,A,골목상권,3110294,서경대학교,432,236,196,0,38,84,116,129,65,0,4,37,62,81,52,0,34,47,54,48,13
20243,A,골목상권,3110295,정릉우체국,372,154,218,0,54,93,103,87,35,0,3,36,41,41,33,0,51,57,62,46,2
20243,A,골목상권,3110296,성신여대입구역 4번,630,360,270,1,91,146,182,130,80,0,37,80,114,86,43,1,54,66,68,44,37
20243,A,골목상권,3110297,경동고등학교,856,510,346,0,85,227,228,204,112,0,30,135,132,139,74,0,55,92,96,65,38
20243,A,골목상권,3110298,솔숲어린이공원,95,54,41,0,8,18,22,29,18,0,0,7,11,18,18,0,8,11,11,11,0
20243,A,골목상권,3110299,정릉역 1번,503,269,234,0,71,108,114,130,80,0,9,43,58,81,78,0,62,65,56,49,2
20243,A,골목상권,3110300,삼선동주민센터,956,500,456,0,113,218,249,242,134,0,37,100,128,147,88,0,76,118,121,95,46
20243,A,골목상권,3110301,성신여대입구역 7번,436,221,215,0,58,91,101,109,77,0,19,41,52,61,48,0,39,50,49,48,29
20243,A,골목상권,3110302,보문역 8번,754,566,188,0,72,224,158,158,142,0,39,177,126,126,98,0,33,47,32,32,44
20243,A,골목상권,3110303,성신여대입구역 1번,384,187,197,0,46,83,91,98,66,0,12,35,43,54,43,0,34,48,48,44,23
20243,A,골목상권,3110304,보문역 4번,560,415,145,0,54,166,127,118,95,0,29,127,96,94,69,0,25,39,31,24,26
20243,A,골목상권,3110305,보문역 5번,937,698,239,0,92,276,208,198,163,0,50,213,159,158,118,0,42,63,49,40,45
20243,A,골목상권,3110306,미아초등학교,911,443,468,60,318,224,155,99,55,24,137,118,77,45,42,36,181,106,78,54,13
20243,A,골목상권,3110307,길음역 7번,2145,1048,1097,140,751,529,359,234,132,57,324,279,177,108,103,83,427,250,182,126,29
20243,A,골목상권,3110308,길음역 8번,57,20,37,0,2,11,17,21,6,0,0,3,8,6,3,0,2,8,9,15,3
20243,A,골목상권,3110309,대광초등학교,261,176,85,0,32,70,77,58,24,0,16,44,50,43,23,0,16,26,27,15,1
20243,A,골목상권,3110310,길음역 10번,44,19,25,0,8,12,11,10,3,0,2,5,6,4,2,0,6,7,5,6,1
20243,A,골목상권,3110311,종암아이파크2차후문,93,49,44,0,8,24,33,27,1,0,3,9,15,21,1,0,5,15,18,6,0
20243,A,골목상권,3110312,안암역 2번,1127,750,377,0,149,300,322,250,106,0,76,189,209,182,94,0,73,111,113,68,12
20243,A,골목상권,3110313,안암역 3번,470,313,157,0,58,129,140,105,38,0,29,81,90,76,37,0,29,48,50,29,1
20243,A,골목상권,3110314,종암경찰서,3164,1663,1501,0,277,800,1116,901,70,0,120,295,510,696,42,0,157,505,606,205,28
20243,A,골목상권,3110315,종암아이파크2차,2951,1560,1391,0,257,749,1039,841,65,0,111,279,475,655,40,0,146,470,564,186,25
20243,A,골목상권,3110316,숭곡초등학교,837,524,313,0,29,101,172,187,348,0,3,50,89,123,259,0,26,51,83,64,89
20243,A,골목상권,3110317,종암중학교,1251,659,592,0,107,318,441,358,27,0,47,117,202,277,16,0,60,201,239,81,11
20243,A,골목상권,3110318,KT월곡지사,341,211,130,0,17,40,72,73,139,0,2,20,37,50,102,0,15,20,35,23,37
20243,A,골목상권,3110319,종암동주민센터,2537,1340,1197,0,223,646,894,719,55,0,99,240,409,558,34,0,124,406,485,161,21
20243,A,골목상권,3110320,KB국민은행 종암동지점,2171,1143,1028,0,190,549,766,618,48,0,82,203,350,479,29,0,108,346,416,139,19
20243,A,골목상권,3110321,동덕여대,20,12,8,0,1,2,4,5,8,0,0,1,2,3,6,0,1,1,2,2,2
20243,A,골목상권,3110322,장위1동주민센터,148,80,68,0,26,32,38,31,21,0,12,19,19,15,15,0,14,13,19,16,6
20243,A,골목상권,3110323,상월곡역 1번,643,407,236,0,104,184,157,114,84,0,52,119,94,68,74,0,52,65,63,46,10
20243,A,골목상권,3110324,월곡역 4번,194,122,72,0,32,54,47,35,26,0,16,35,28,20,23,0,16,19,19,15,3
20243,A,골목상권,3110325,장곡초등학교,148,81,67,0,26,33,40,31,18,0,13,20,20,14,14,0,13,13,20,17,4
20243,A,골목상권,3110326,장위동성당,41,24,17,0,6,9,11,9,6,0,3,5,6,5,5,0,3,4,5,4,1
20243,A,골목상권,3110327,상월곡역 2번,289,192,97,0,28,74,76,60,51,0,14,46,44,40,48,0,14,28,32,20,3
20243,A,골목상권,3110328,상월곡역 3번,967,623,344,0,134,252,228,174,179,0,67,164,137,107,148,0,67,88,91,67,31
20243,A,골목상권,3110329,우리은행체육관,214,138,76,0,19,38,52,59,46,0,4,20,30,39,45,0,15,18,22,20,1
20243,A,골목상권,3110330,돌곶이역 1번,264,176,88,0,4,44,75,72,69,0,0,22,44,48,62,0,4,22,31,24,7
20243,A,골목상권,3110331,돌곶이역 8번,438,318,120,0,15,57,81,94,191,0,7,41,49,63,158,0,8,16,32,31,33
20243,A,골목상권,3110332,돌곶이역 3번,192,121,71,0,14,33,51,50,44,0,3,17,29,31,41,0,11,16,22,19,3
20243,A,골목상권,3110333,돌곶이역 5번,193,143,50,0,2,23,35,42,91,0,1,16,21,28,77,0,1,7,14,14,14
20243,A,골목상권,3110334,석관중앙교회,107,86,21,0,0,10,18,22,57,0,0,9,11,16,50,0,0,1,7,6,7
20243,A,골목상권,3110335,석계역 7번,304,225,79,0,7,40,55,65,137,0,3,28,34,45,115,0,4,12,21,20,22
20243,A,골목상권,3110336,석관고등학교,178,131,47,0,6,20,34,39,79,0,3,15,21,27,65,0,3,5,13,12,14
20243,A,골목상권,3110337,아카데미하우스,409,257,152,0,10,29,63,106,201,0,0,14,36,72,135,0,10,15,27,34,66
20243,A,골목상권,3110338,인수초등학교,84,50,34,0,7,16,23,25,13,0,2,9,14,15,10,0,5,7,9,10,3
20243,A,골목상권,3110339,국립4.19민주묘지,41,25,16,0,1,3,6,10,21,0,0,1,3,7,14,0,1,2,3,3,7
20243,A,골목상권,3110340,인수중학교,147,89,58,0,10,25,40,45,27,0,1,14,25,28,21,0,9,11,15,17,6
20243,A,골목상권,3110341,북한산우이역 2번,295,186,109,0,7,18,40,75,155,0,0,7,22,53,104,0,7,11,18,22,51
20243,A,골목상권,3110342,국립재활원,83,53,30,0,4,15,23,29,12,0,1,9,14,19,10,0,3,6,9,10,2
20243,A,골목상권,3110343,무너미어린이공원,184,115,69,0,10,31,43,56,44,0,2,18,27,35,33,0,8,13,16,21,11
20243,A,골목상권,3110344,화계중학교,46,21,25,0,2,7,13,16,8,0,0,2,5,7,7,0,2,5,8,9,1
20243,A,골목상권,3110345,솔밭공원역 2번,303,192,111,0,6,16,43,80,158,0,0,7,25,56,104,0,6,9,18,24,54
20243,A,골목상권,3110346,4.19민주묘지역 2번,164,107,57,0,4,8,21,42,89,0,0,4,12,30,61,0,4,4,9,12,28
20243,A,골목상권,3110347,구세군강북종합사회복지관,5,3,2,0,0,1,2,1,1,0,0,0,1,1,1,0,0,1,1,0,0
20243,A,골목상권,3110348,강북문화예술회관,319,195,124,0,26,61,89,100,43,0,5,34,59,61,36,0,21,27,30,39,7
20243,A,골목상권,3110349,화계역 2번,11,6,5,0,0,1,4,4,2,0,0,0,2,2,2,0,0,1,2,2,0
20243,A,골목상권,3110350,가오리역 2번,143,87,56,0,13,26,41,43,20,0,3,15,26,27,16,0,10,11,15,16,4
20243,A,골목상권,3110351,수유북부시장옆,346,210,136,0,24,70,92,107,53,0,5,41,57,63,44,0,19,29,35,44,9
20243,A,골목상권,3110352,수유1동주민센터,233,108,125,0,12,38,69,78,36,0,0,12,28,35,33,0,12,26,41,43,3
20243,A,골목상권,3110353,수유동우체국,267,148,119,0,3,8,54,86,116,0,0,5,36,61,46,0,3,3,18,25,70
20243,A,골목상권,3110354,삼각산119안전센터,126,68,58,0,22,35,43,18,8,0,8,20,23,9,8,0,14,15,20,9,0
20243,A,골목상권,3110355,삼양사거리역 2번,33,24,9,0,2,4,7,10,10,0,0,2,4,8,10,0,2,2,3,2,0
20243,A,골목상권,3110356,덕수교,216,115,101,0,5,9,46,68,88,0,0,3,28,46,38,0,5,6,18,22,50
20243,A,골목상권,3110357,가오리역 1번,233,127,106,0,2,5,49,75,102,0,0,3,32,51,41,0,2,2,17,24,61
20243,A,골목상권,3110358,인수동 우편취급국,474,283,191,0,35,97,129,144,69,0,9,54,79,85,56,0,26,43,50,59,13
20243,A,골목상권,3110359,수유시장옆,154,81,73,0,8,40,43,45,18,0,2,16,19,29,15,0,6,24,24,16,3
20243,A,골목상권,3110360,수유초등학교,304,134,170,0,16,47,90,104,47,0,0,14,35,45,40,0,16,33,55,59,7
20243,A,골목상권,3110361,삼양사거리역 1번,35,21,14,0,0,4,6,10,15,0,0,1,3,7,10,0,0,3,3,3,5
20243,A,골목상권,3110362,우이천 계성교,331,183,148,0,2,8,67,110,144,0,0,5,43,77,58,0,2,3,24,33,86
20243,A,골목상권,3110363,송천동주민센터,23,13,10,0,0,2,5,8,8,0,0,1,2,5,5,0,0,1,3,3,3
20243,A,골목상권,3110364,미아역 8번,631,369,262,0,42,112,195,193,89,0,12,55,112,121,69,0,30,57,83,72,20
20243,A,골목상권,3110365,미아역 5번,236,145,91,0,11,43,75,74,33,0,2,21,46,48,28,0,9,22,29,26,5
20243,A,골목상권,3110366,광산사거리,102,52,50,0,7,26,30,30,9,0,1,10,14,20,7,0,6,16,16,10,2
20243,A,골목상권,3110367,강북구청,374,192,182,0,32,92,102,104,44,0,7,38,48,66,33,0,25,54,54,38,11
20243,A,골목상권,3110368,송천초등학교,20,14,6,0,0,0,1,8,11,0,0,0,0,7,7,0,0,0,1,1,4
20243,A,골목상권,3110369,성신여대운정그린캠퍼스,1611,908,703,0,127,272,495,489,228,0,41,134,269,299,165,0,86,138,226,190,63
20243,A,골목상권,3110370,도봉세무서,199,108,91,0,2,21,36,61,79,0,0,7,15,40,46,0,2,14,21,21,33
20243,A,골목상권,3110371,삼양입구사거리,38,21,17,0,0,0,4,13,21,0,0,0,0,10,11,0,0,0,4,3,10
20243,A,골목상권,3110372,강북중학교,162,85,77,0,8,44,46,47,17,0,2,19,21,28,15,0,6,25,25,19,2
20243,A,골목상권,3110373,수유역 2번,206,133,73,0,21,41,39,60,45,0,8,28,26,43,28,0,13,13,13,17,17
20243,A,골목상권,3110374,송중초등학교,219,107,112,0,9,31,73,65,41,0,1,10,31,31,34,0,8,21,42,34,7
20243,A,골목상권,3110375,서울북부고용노동지청,796,377,419,0,98,96,229,254,119,0,37,52,98,122,68,0,61,44,131,132,51
20243,A,골목상권,3110376,수송초등학교,203,131,72,0,16,42,39,61,45,0,6,28,25,44,28,0,10,14,14,17,17
20243,A,골목상권,3110377,미아사거리역 3번,44,23,21,0,1,5,15,15,8,0,0,1,7,7,8,0,1,4,8,8,0
20243,A,골목상권,3110378,송중동주민센터,67,32,35,0,4,10,22,19,12,0,0,4,9,9,10,0,4,6,13,10,2
20243,A,골목상권,3110379,KT&G 북부지사,26,19,7,0,2,5,5,8,6,0,1,4,4,6,4,0,1,1,1,2,2
20243,A,골목상권,3110380,강북문화정보도서관,69,33,36,0,7,7,20,24,11,0,2,4,8,12,7,0,5,3,12,12,4
20243,A,골목상권,3110381,번동주공2단지,511,281,230,0,52,83,125,148,103,0,19,40,70,82,70,0,33,43,55,66,33
20243,A,골목상권,3110382,솔밭공원역 1번,126,61,65,0,10,20,37,39,20,0,0,6,15,20,20,0,10,14,22,19,0
20243,A,골목상권,3110383,덕성여대시반거리,159,76,83,0,13,26,46,49,25,0,0,8,18,25,25,0,13,18,28,24,0
20243,A,골목상권,3110384,문이교,19,9,10,0,2,3,5,6,3,0,0,1,2,3,3,0,2,2,3,3,0
20243,A,골목상권,3110385,효문고등학교,32,16,16,0,2,3,9,12,6,0,0,1,3,6,6,0,2,2,6,6,0
20243,A,골목상권,3110386,연산군묘,144,87,57,0,25,33,34,33,19,0,16,19,22,16,14,0,9,14,12,17,5
20243,A,골목상권,3110387,쌍문초등학교,234,114,120,0,19,35,68,73,39,0,0,13,23,39,39,0,19,22,45,34,0
20243,A,골목상권,3110388,도봉우체국,89,39,50,0,19,21,25,22,2,0,2,8,13,14,2,0,17,13,12,8,0
20243,A,골목상권,3110389,한일병원,151,68,83,0,32,36,38,37,8,0,5,17,19,20,7,0,27,19,19,17,1
20243,A,골목상권,3110390,방학초등학교,512,292,220,0,74,116,121,117,84,0,46,65,72,57,52,0,28,51,49,60,32
20243,A,골목상권,3110391,샘말어린이공원,74,36,38,0,0,18,18,18,20,0,0,9,9,9,9,0,0,9,9,9,11
20243,A,골목상권,3110392,발바닥공원,175,92,83,0,16,40,52,47,20,0,3,19,26,26,18,0,13,21,26,21,2
20243,A,골목상권,3110393,국민은행방학지점,361,217,144,0,63,82,85,83,48,0,40,47,54,40,36,0,23,35,31,43,12
20243,A,골목상권,3110394,방학중학교,136,64,72,0,1,30,36,30,39,0,0,15,17,15,17,0,1,15,19,15,22
20243,A,골목상권,3110395,신한은행 방학동지점,405,232,173,0,40,89,99,121,56,0,22,50,50,69,41,0,18,39,49,52,15
20243,A,골목상권,3110396,쌍문역1번(쌍리단길),388,174,214,0,51,79,107,110,41,0,17,31,47,51,28,0,34,48,60,59,13
20243,A,골목상권,3110397,도봉산입구,414,295,119,0,1,29,105,167,112,0,0,15,61,121,98,0,1,14,44,46,14
20243,A,골목상권,3110398,쌍문2동우체국,450,260,190,0,41,77,110,139,83,0,5,36,57,90,72,0,36,41,53,49,11
20243,A,골목상권,3110399,창2동주민센터,544,325,219,0,59,128,155,132,70,0,26,82,87,68,62,0,33,46,68,64,8
20243,A,골목상권,3110400,도봉구보건소,253,146,107,0,24,43,65,77,44,0,4,20,34,48,40,0,20,23,31,29,4
20243,A,골목상권,3110401,도봉구민회관,590,375,215,0,68,133,145,125,119,0,35,92,98,69,81,0,33,41,47,56,38
20243,A,골목상권,3110402,도봉구 정병원,635,373,262,0,63,132,157,195,88,0,28,75,82,116,72,0,35,57,75,79,16
20243,A,골목상권,3110403,방학1동주민센터,2078,1211,867,0,203,464,512,624,275,0,111,268,268,354,210,0,92,196,244,270,65
20243,A,골목상권,3110404,신창초등학교,421,234,187,0,6,81,184,134,16,0,0,51,113,54,16,0,6,30,71,80,0
20243,A,골목상권,3110405,방학역 1번,1662,979,683,0,155,352,410,511,234,0,85,203,214,297,180,0,70,149,196,214,54
20243,A,골목상권,3110406,도봉산역 1번,319,230,89,0,1,26,79,126,87,0,0,15,47,93,75,0,1,11,32,33,12
20243,A,골목상권,3110407,도봉역 2번,418,299,119,0,0,30,108,166,114,0,0,17,63,120,99,0,0,13,45,46,15
20243,A,골목상권,3110408,가인초등학교,768,487,281,0,88,170,190,165,155,0,45,118,128,91,105,0,43,52,62,74,50
20243,A,골목상권,3110409,창동역 2번,901,570,331,0,106,200,220,193,182,0,54,138,149,106,123,0,52,62,71,87,59
20243,A,골목상권,3110410,방학역 2번,1509,890,619,0,136,314,360,445,254,0,72,179,189,257,193,0,64,135,171,188,61
20243,A,골목상권,3110411,도봉역 3번,223,145,78,0,8,24,37,57,97,0,2,12,21,38,72,0,6,12,16,19,25
20243,A,골목상권,3110412,창동중학교,191,111,80,0,19,41,46,59,26,0,10,23,24,34,20,0,9,18,22,25,6
20243,A,골목상권,3110413,누원고등학교,139,88,51,0,6,16,24,36,57,0,2,8,13,23,42,0,4,8,11,13,15
20243,A,골목상권,3110414,장석교회,148,81,67,0,24,35,38,29,22,0,11,21,19,15,15,0,13,14,19,14,7
20243,A,골목상권,3110415,수락산역 4번,1855,1174,681,0,218,386,443,471,337,0,129,257,289,292,207,0,89,129,154,179,130
20243,A,골목상권,3110416,노원초등학교,615,388,227,0,72,129,147,154,113,0,43,86,94,95,70,0,29,43,53,59,43
20243,A,골목상권,3110417,월계역 3번,21,10,11,0,2,5,6,6,2,0,0,2,3,3,2,0,2,3,3,3,0
20243,A,골목상권,3110418,광운대학교 남단,159,89,70,0,23,36,40,35,25,0,8,20,21,19,21,0,15,16,19,16,4
20243,A,골목상권,3110419,수락산디자인거리,959,607,352,0,108,199,230,248,174,0,64,135,149,151,108,0,44,64,81,97,66
20243,A,골목상권,3110420,광운대역 1번,198,107,91,0,33,47,50,39,29,0,15,28,25,20,19,0,18,19,25,19,10
20243,A,골목상권,3110421,석계역 1번,359,194,165,0,57,86,94,70,52,0,26,51,47,35,35,0,31,35,47,35,17
20243,A,골목상권,3110422,노원역 9번,57,28,29,0,6,9,15,15,12,0,1,6,7,7,7,0,5,3,8,8,5
20243,A,골목상권,3110423,석계역 2번,161,86,75,0,22,36,44,36,23,0,10,21,22,18,15,0,12,15,22,18,8
20243,A,골목상권,3110424,상계초등학교,134,63,71,0,14,21,36,37,26,0,3,13,16,16,15,0,11,8,20,21,11
20243,A,골목상권,3110425,계상초등학교,231,117,114,0,4,15,47,67,98,0,1,10,19,30,57,0,3,5,28,37,41
20243,A,골목상권,3110426,상계2동주민센터,206,99,107,0,21,38,53,53,41,0,3,22,25,25,24,0,18,16,28,28,17
20243,A,골목상권,3110427,노원 을지대학교병원,112,71,41,0,12,24,28,32,16,0,6,14,17,22,12,0,6,10,11,10,4
20243,A,골목상권,3110428,상계5동주민센터,357,180,177,0,1,11,60,105,180,0,0,9,23,45,103,0,1,2,37,60,77
20243,A,골목상권,3110429,공릉동 국수거리,5671,3063,2608,0,606,867,1234,1567,1397,0,275,471,613,814,890,0,331,396,621,753,507
20243,A,골목상권,3110430,중계초등학교,202,111,91,0,19,42,48,54,39,0,7,20,25,29,30,0,12,22,23,25,9
20243,A,골목상권,3110431,상계역,574,314,260,0,56,117,135,152,114,0,20,56,71,81,86,0,36,61,64,71,28
20243,A,골목상권,3110432,대진고등학교,327,205,122,0,38,69,81,95,44,0,17,40,47,66,35,0,21,29,34,29,9
20243,A,골목상권,3110433,공릉역 2번,1608,870,738,0,171,243,353,444,397,0,77,132,175,232,254,0,94,111,178,212,143
20243,A,골목상권,3110434,태릉입구역 4번,681,369,312,0,71,105,148,189,168,0,33,56,74,99,107,0,38,49,74,90,61
20243,A,골목상권,3110435,서울과학기술대,206,96,110,0,34,52,50,48,22,0,10,24,24,24,14,0,24,28,26,24,8
20243,A,골목상권,3110436,상계제일중학교,247,140,107,0,21,51,58,68,49,0,8,25,31,37,39,0,13,26,27,31,10
20243,A,골목상권,3110437,당고개역 2번,210,155,55,0,4,10,57,90,49,0,0,5,36,69,45,0,4,5,21,21,4
20243,A,골목상권,3110438,경춘선숲길 우측,1346,622,724,0,224,339,329,316,138,0,68,154,154,156,90,0,156,185,175,160,48
20243,A,골목상권,3110439,당고개역 5번,113,88,25,0,1,2,33,51,26,0,0,1,22,40,25,0,1,1,11,11,1
20243,A,골목상권,3110440,상계3동4동주민센터,96,73,23,0,2,6,25,38,25,0,0,3,17,30,23,0,2,3,8,8,2
20243,A,골목상권,3110441,영신여고,120,57,63,0,11,24,31,38,16,0,5,12,14,16,10,0,6,12,17,22,6
20243,A,골목상권,3110442,화랑대철도공원,510,235,275,0,84,128,125,119,54,0,25,58,58,59,35,0,59,70,67,60,19
20243,A,골목상권,3110443,수색역 1번,32,21,11,0,4,9,8,6,5,0,2,6,5,4,4,0,2,3,3,2,1
20243,A,골목상권,3110444,수색성당,311,199,112,0,40,83,84,72,32,0,18,54,55,47,25,0,22,29,29,25,7
20243,A,골목상권,3110445,덕산중학교,40,23,17,0,1,8,10,13,8,0,0,4,6,6,7,0,1,4,4,7,1
20243,A,골목상권,3110446,내를건너서숲으로도서관,231,168,63,0,21,47,61,60,42,0,19,32,35,41,41,0,2,15,26,19,1
20243,A,골목상권,3110447,구산초등학교,45,23,22,0,3,6,11,19,6,0,1,2,4,12,4,0,2,4,7,7,2
20243,A,골목상권,3110448,상신초등학교입구,81,60,21,0,7,16,23,21,14,0,6,12,13,15,14,0,1,4,10,6,0
20243,A,골목상권,3110449,증산역 3번,878,572,306,0,113,236,239,204,86,0,51,156,157,138,70,0,62,80,82,66,16
20243,A,골목상권,3110450,시립서북병원,692,344,348,0,100,138,175,180,99,0,34,62,84,95,69,0,66,76,91,85,30
20243,A,골목상권,3110451,증산역 4번,487,325,162,0,61,133,137,112,44,0,28,90,91,77,39,0,33,43,46,35,5
20243,A,골목상권,3110452,새절역 3번,531,384,147,0,56,112,142,133,88,0,43,79,85,91,86,0,13,33,57,42,2
20243,A,골목상권,3110453,신사1동주민센터,701,375,326,0,63,150,165,180,143,0,22,73,92,86,102,0,41,77,73,94,41
20243,A,골목상권,3110454,선정중학교,176,91,85,0,14,36,46,50,30,0,6,20,22,22,21,0,8,16,24,28,9
20243,A,골목상권,3110455,역촌노인복지관,420,204,216,0,64,84,111,99,62,0,21,38,54,47,44,0,43,46,57,52,18
20243,A,골목상권,3110456,구산보건지소,543,280,263,0,72,103,130,157,81,0,28,47,60,92,53,0,44,56,70,65,28
20243,A,골목상권,3110457,예일여고,373,202,171,0,42,69,82,124,56,0,17,31,39,78,37,0,25,38,43,46,19
20243,A,골목상권,3110458,선일여고,316,158,158,0,31,67,86,83,49,0,11,35,41,39,32,0,20,32,45,44,17
20243,A,골목상권,3110459,응암역 2번,475,229,246,0,71,97,125,112,70,0,24,44,60,53,48,0,47,53,65,59,22
20243,A,골목상권,3110460,구산역 4번,742,385,357,0,68,147,201,202,124,0,31,84,97,88,85,0,37,63,104,114,39
20243,A,골목상권,3110461,새절역 2번,58,28,30,0,4,14,18,15,7,0,1,7,9,6,5,0,3,7,9,9,2
20243,A,골목상권,3110462,갈현건영아파트,236,119,117,0,37,56,58,54,31,0,13,29,29,27,21,0,24,27,29,27,10
20243,A,골목상권,3110463,응암3동주민센터,113,53,60,0,8,26,38,30,11,0,1,13,18,12,9,0,7,13,20,18,2
20243,A,골목상권,3110464,연신내역 5번,447,228,219,0,41,86,123,123,74,0,19,49,56,53,51,0,22,37,67,70,23
20243,A,골목상권,3110465,연신내역 7번,279,141,138,0,41,65,71,68,34,0,14,34,35,33,25,0,27,31,36,35,9
20243,A,골목상권,3110466,구산역 2번,208,98,110,0,35,40,56,51,26,0,13,16,27,24,18,0,22,24,29,27,8
20243,A,골목상권,3110467,은평요양병원,265,132,133,0,47,62,62,62,32,0,16,31,31,31,23,0,31,31,31,31,9
20243,A,골목상권,3110468,응암역 3번,1036,497,539,0,169,210,270,240,147,0,58,94,129,114,102,0,111,116,141,126,45
20243,A,골목상권,3110469,응암정보도서관,425,207,218,0,22,110,132,112,49,0,1,55,59,53,39,0,21,55,73,59,10
20243,A,골목상권,3110470,신진과학기술고등학교,102,56,46,0,7,17,27,26,25,0,2,8,14,13,19,0,5,9,13,13,6
20243,A,골목상권,3110471,응암동우체국,369,236,133,0,36,47,99,110,77,0,19,26,56,64,71,0,17,21,43,46,6
20243,A,골목상권,3110472,연신내역 4번,204,97,107,0,16,45,61,51,31,0,1,22,30,21,23,0,15,23,31,30,8
20243,A,골목상권,3110473,구산역 1번,219,110,109,0,19,50,62,55,33,0,3,25,30,25,27,0,16,25,32,30,6
20243,A,골목상권,3110474,세명컴퓨터고등학교,1577,753,824,0,61,225,271,345,675,0,13,114,111,141,374,0,48,111,160,204,301
20243,A,골목상권,3110475,백련산해모로아파트,155,94,61,0,16,24,38,39,38,0,8,12,22,22,30,0,8,12,16,17,8
20243,A,골목상권,3110476,역촌역 2번,35,16,19,0,2,6,13,8,6,0,0,3,5,3,5,0,2,3,8,5,1
20243,A,골목상권,3110477,은평세무서,556,300,256,0,60,111,144,141,100,0,26,53,70,79,72,0,34,58,74,62,28
20243,A,골목상권,3110478,응암1동주민센터,220,122,98,0,21,36,51,50,62,0,8,18,26,25,45,0,13,18,25,25,17
20243,A,골목상권,3110479,연신내역 2번,2574,1233,1341,0,104,368,438,569,1095,0,25,188,180,234,606,0,79,180,258,335,489
20243,A,골목상권,3110480,연신내역 3번,252,107,145,0,36,59,70,58,29,0,13,25,29,25,15,0,23,34,41,33,14
20243,A,골목상권,3110481,불광역 7번,291,147,144,0,29,68,80,71,43,0,8,34,38,33,34,0,21,34,42,38,9
20243,A,골목상권,3110482,연신초등학교,652,311,341,0,26,93,112,144,277,0,6,48,45,59,153,0,20,45,67,85,124
20243,A,골목상권,3110483,연천초등학교,70,28,42,0,8,18,21,17,6,0,2,7,9,7,3,0,6,11,12,10,3
20243,A,골목상권,3110484,역촌역 3번,220,115,105,0,19,55,64,61,21,0,9,26,30,36,14,0,10,29,34,25,7
20243,A,골목상권,3110485,연신내우체국,1174,560,614,0,48,167,200,261,498,0,11,84,83,107,275,0,37,83,117,154,223
20243,A,골목상권,3110486,은평구청,1007,538,469,0,113,234,276,271,113,0,54,113,132,163,76,0,59,121,144,108,37
20243,A,골목상권,3110487,불광역 8번,379,163,216,0,51,92,104,88,44,0,18,40,45,38,22,0,33,52,59,50,22
20243,A,골목상권,3110488,우리은행응암동지점,227,127,100,0,21,41,53,51,61,0,9,20,28,26,44,0,12,21,25,25,17
20243,A,골목상권,3110489,불광역 3번,50,28,22,0,6,10,15,15,4,0,3,5,6,10,4,0,3,5,9,5,0
20243,A,골목상권,3110490,녹번동근린공원,221,118,103,0,23,53,63,59,23,0,11,25,30,36,16,0,12,28,33,23,7
20243,A,골목상권,3110491,불광중학교,383,182,201,0,14,57,67,85,160,0,2,30,27,35,88,0,12,27,40,50,72
20243,A,골목상권,3110492,하나고등학교,79,41,38,0,7,19,22,19,12,0,3,12,12,8,6,0,4,7,10,11,6
20243,A,골목상권,3110493,북가좌초등학교,136,116,20,0,0,3,13,30,90,0,0,1,6,22,87,0,0,2,7,8,3
20243,A,골목상권,3110494,증산3교남측,29,27,2,0,0,0,2,7,20,0,0,0,1,6,20,0,0,0,1,1,0
20243,A,골목상권,3110495,북가좌2동주민센터,557,283,274,0,74,110,129,147,97,0,13,56,75,78,61,0,61,54,54,69,36
20243,A,골목상권,3110496,모래내우체국,516,261,255,0,69,103,119,135,90,0,12,52,68,72,57,0,57,51,51,63,33
20243,A,골목상권,3110497,가좌역 3번,452,305,147,0,22,43,69,108,210,0,14,27,40,63,161,0,8,16,29,45,49
20243,A,골목상권,3110498,증산역 1번,152,75,77,0,14,35,43,38,22,0,2,18,22,18,15,0,12,17,21,20,7
20243,A,골목상권,3110499,연가초등학교,96,49,47,0,10,16,24,29,17,0,0,8,15,16,10,0,10,8,9,13,7
20243,A,골목상권,3110500,남가좌동현대아파트,60,32,28,0,5,12,16,17,10,0,1,6,8,9,8,0,4,6,8,8,2
20243,A,골목상권,3110501,연희어린이공원,1039,691,348,0,165,257,223,293,101,0,92,174,140,212,73,0,73,83,83,81,28
20243,A,골목상권,3110502,남가좌파출소,397,204,193,0,33,80,119,122,43,0,5,38,56,68,37,0,28,42,63,54,6
20243,A,골목상권,3110503,명지대학교교회,1400,892,508,0,213,377,353,314,143,0,118,241,220,205,108,0,95,136,133,109,35
20243,A,골목상권,3110504,명지전문대,42,27,15,0,7,11,11,9,4,0,4,7,7,6,3,0,3,4,4,3,1
20243,A,골목상권,3110505,홍남교남측,214,141,73,0,33,54,46,60,21,0,18,36,29,43,15,0,15,18,17,17,6
20243,A,골목상권,3110506,연희임광아파트,591,390,201,0,92,149,128,165,57,0,52,99,80,119,40,0,40,50,48,46,17
20243,A,골목상권,3110507,명지대학교,645,376,269,0,78,161,177,165,64,0,32,92,98,98,56,0,46,69,79,67,8
20243,A,골목상권,3110508,서연중학교,1241,834,407,0,199,311,266,348,117,0,112,214,170,253,85,0,87,97,96,95,32
20243,A,골목상권,3110509,연희대우아파트앞,538,334,204,0,86,139,123,140,50,0,43,82,72,99,38,0,43,57,51,41,12
20243,A,골목상권,3110510,홍연시장,933,621,312,0,147,233,201,262,90,0,82,158,127,189,65,0,65,75,74,73,25
20243,A,골목상권,3110511,연희초등학교,1781,1184,597,0,279,447,386,502,167,0,158,300,243,362,121,0,121,147,143,140,46
20243,A,골목상권,3110512,연희지하차도,1817,1205,612,0,287,452,392,510,176,0,160,305,247,366,127,0,127,147,145,144,49
20243,A,골목상권,3110513,연희파출소,2183,1444,739,0,346,545,471,612,209,0,193,365,296,440,150,0,153,180,175,172,59
20243,A,골목상권,3110514,서대문우체국,31,17,14,0,3,10,8,8,2,0,1,4,4,6,2,0,2,6,4,2,0
20243,A,골목상권,3110515,홍은중학교,177,114,63,0,28,46,44,40,19,0,17,29,27,26,15,0,11,17,17,14,4
20243,A,골목상권,3110516,정원여중,102,66,36,0,16,27,25,23,11,0,10,17,16,14,9,0,6,10,9,9,2
20243,A,골목상권,3110517,서대문소방서,1734,1149,585,0,275,432,375,485,167,0,153,290,235,350,121,0,122,142,140,135,46
20243,A,골목상권,3110518,서대문구청,2989,1980,1009,0,473,747,644,837,288,0,264,502,404,603,207,0,209,245,240,234,81
20243,A,골목상권,3110519,서대문구보건소별관,1329,676,653,0,145,202,335,458,189,0,39,90,174,253,120,0,106,112,161,205,69
20243,A,골목상권,3110520,경의중앙 신촌역,35,19,16,0,5,10,9,9,2,0,2,3,5,7,2,0,3,7,4,2,0
20243,A,골목상권,3110521,홍제역 4번,298,152,146,0,31,46,75,101,45,0,8,20,39,56,29,0,23,26,36,45,16
20243,A,골목상권,3110522,홍제역 3번,822,419,403,0,88,124,211,284,115,0,24,56,109,157,73,0,64,68,102,127,42
20243,A,골목상권,3110523,홍제성원아파트,37,19,18,0,4,6,10,13,4,0,1,3,5,7,3,0,3,3,5,6,1
20243,A,골목상권,3110524,연희세브란스병원,55,29,26,0,10,16,14,11,4,0,4,7,7,7,4,0,6,9,7,4,0
20243,A,골목상권,3110525,홍은종합사회복지관,641,126,515,0,19,47,176,307,92,0,7,15,33,37,34,0,12,32,143,270,58
20243,A,골목상권,3110526,봉원사,11,5,6,0,2,4,2,2,1,0,1,1,1,1,1,0,1,3,1,1,0
20243,A,골목상권,3110527,홍제역 2번,132,65,67,0,15,22,32,35,28,0,4,13,15,17,16,0,11,9,17,18,12
20243,A,골목상권,3110528,서울여자간호대학교,137,68,69,0,7,13,28,39,50,0,0,5,12,21,30,0,7,8,16,18,20
20243,A,골목상권,3110529,홍제3동주민센터,169,81,88,0,7,14,33,50,65,0,0,4,12,27,38,0,7,10,21,23,27
20243,A,골목상권,3110530,아현역 1번,141,99,42,0,16,33,39,40,13,0,6,23,29,30,11,0,10,10,10,10,2
20243,A,골목상권,3110531,홍지문,349,81,268,0,15,32,97,157,48,0,5,13,22,22,19,0,10,19,75,135,29
20243,A,골목상권,3110532,아현역 2번,401,294,107,0,41,93,110,115,42,0,17,70,86,88,33,0,24,23,24,27,9
20243,A,골목상권,3110533,충정로역 7번,77,57,20,0,7,20,22,20,8,0,3,15,17,16,6,0,4,5,5,4,2
20243,A,골목상권,3110534,경기대학교,137,86,51,0,16,35,37,34,15,0,7,21,24,22,12,0,9,14,13,12,3
20243,A,골목상권,3110535,영천시장입구,139,76,63,0,9,21,37,53,19,0,2,9,22,31,12,0,7,12,15,22,7
20243,A,골목상권,3110536,돈의문센트레빌아파트입구,180,103,77,0,19,37,47,54,23,0,7,20,28,33,15,0,12,17,19,21,8
20243,A,골목상권,3110537,충정로현대아파트,1091,680,411,0,135,280,290,259,127,0,63,170,185,171,91,0,72,110,105,88,36
20243,A,골목상권,3110538,충정로역 3번,319,198,121,0,40,82,84,76,37,0,19,50,53,50,26,0,21,32,31,26,11
20243,A,골목상권,3110539,미근동,1534,956,578,0,189,394,407,366,178,0,89,239,259,241,128,0,100,155,148,125,50
20243,A,골목상권,3110540,망원나들목체육관,80,47,33,0,22,24,18,12,4,0,13,13,9,8,4,0,9,11,9,4,0
20243,A,골목상권,3110541,동교초등학교,801,482,319,0,103,147,171,244,136,0,58,110,122,114,78,0,45,37,49,130,58
20243,A,골목상권,3110542,마포구청역 7번,1398,841,557,0,175,259,302,425,237,0,98,193,213,198,139,0,77,66,89,227,98
20243,A,골목상권,3110543,중암중학교,5,2,3,0,0,1,2,2,0,0,0,0,1,1,0,0,0,1,1,1,0
20243,A,골목상권,3110544,망리단길,1410,794,616,0,398,400,296,209,107,0,227,214,144,125,84,0,171,186,152,84,23
20243,A,골목상권,3110545,마포구청역 1번,998,448,550,0,80,192,271,320,135,0,25,95,123,125,80,0,55,97,148,195,55
20243,A,골목상권,3110546,양화대교북단,355,201,154,0,56,105,96,65,33,0,21,51,61,44,24,0,35,54,35,21,9
20243,A,골목상권,3110547,KB국민은행 망원동지점,736,445,291,0,90,139,158,224,125,0,50,103,112,105,75,0,40,36,46,119,50
20243,A,골목상권,3110548,마포구청역 4번,951,635,316,0,119,199,218,188,227,0,59,124,140,131,181,0,60,75,78,57,46
20243,A,골목상권,3110549,새터산,93,40,53,0,5,14,30,34,10,0,1,7,13,13,6,0,4,7,17,21,4
20243,A,골목상권,3110550,합정역 8번,1259,706,553,0,205,371,338,228,117,0,76,182,211,153,84,0,129,189,127,75,33
20243,A,골목상권,3110551,성서초등학교,486,318,168,0,62,103,113,96,112,0,31,62,71,66,88,0,31,41,42,30,24
20243,A,골목상권,3110552,성미산체육관,1000,665,335,0,126,208,230,196,240,0,63,130,146,136,190,0,63,78,84,60,50
20243,A,골목상권,3110553,가좌역 2번,272,122,150,0,18,52,78,90,34,0,5,26,34,36,21,0,13,26,44,54,13
20243,A,골목상권,3110554,망원역 1번,1139,584,555,0,237,320,265,187,130,0,97,160,147,99,81,0,140,160,118,88,49
20243,A,골목상권,3110555,홍익지구대,341,175,166,0,73,94,79,57,38,0,30,47,44,30,24,0,43,47,35,27,14
20243,A,골목상권,3110556,절두산순교성지,170,96,74,0,27,52,47,30,14,0,9,26,30,21,10,0,18,26,17,9,4
20243,A,골목상권,3110557,홍대부속여중고앞,898,522,376,0,151,224,206,164,153,0,67,123,122,100,110,0,84,101,84,64,43
20243,A,골목상권,3110558,경성고등학교,1872,1241,631,0,235,400,437,370,430,0,116,246,275,261,343,0,119,154,162,109,87
20243,A,골목상권,3110559,성산중학교,841,472,369,0,141,247,227,153,73,0,52,121,141,102,56,0,89,126,86,51,17
20243,A,골목상권,3110560,마포FM,513,334,179,0,70,114,122,102,105,0,32,67,76,71,88,0,38,47,46,31,17
20243,A,골목상권,3110561,상수역 4번,372,239,133,0,61,94,89,75,53,0,30,57,60,51,41,0,31,37,29,24,12
20243,A,골목상권,3110562,연트럴파크(연남동주민센터),309,199,110,0,49,73,78,70,39,0,22,39,49,50,39,0,27,34,29,20,0
20243,A,골목상권,3110563,상수역 3번,275,173,102,0,47,67,65,54,42,0,23,40,44,35,31,0,24,27,21,19,11
20243,A,골목상권,3110564,홍대입구역 3번,543,279,264,0,115,152,126,89,61,0,47,76,70,47,39,0,68,76,56,42,22
20243,A,골목상권,3110565,홍익대,241,152,89,0,41,58,59,48,35,0,20,35,39,32,26,0,21,23,20,16,9
20243,A,골목상권,3110566,경의선책거리,1341,687,654,0,281,378,309,225,148,0,117,189,170,119,92,0,164,189,139,106,56
20243,A,골목상권,3110567,광흥창역 6번,286,180,106,0,52,69,66,57,42,0,25,41,44,38,32,0,27,28,22,19,10
20243,A,골목상권,3110568,광흥창역 1번,158,100,58,0,26,40,38,30,24,0,12,24,26,21,17,0,14,16,12,9,7
20243,A,골목상권,3110569,홍대땡땡거리,736,411,325,0,144,196,175,128,93,0,60,106,106,76,63,0,84,90,69,52,30
20243,A,골목상권,3110570,KB국민은행 서강지점,219,125,94,0,26,62,62,53,16,0,10,29,36,37,13,0,16,33,26,16,3
20243,A,골목상권,3110571,신수동주민센터,1194,679,515,0,145,332,335,294,88,0,54,157,191,206,71,0,91,175,144,88,17
20243,A,골목상권,3110572,서강대역 1번,1052,573,479,0,229,278,248,220,77,0,87,134,141,148,63,0,142,144,107,72,14
20243,A,골목상권,3110573,신촌역 6번,104,51,53,0,44,24,15,13,8,0,17,13,8,8,5,0,27,11,7,5,3
20243,A,골목상권,3110574,서강대학교,187,92,95,0,77,42,26,26,16,0,30,22,14,15,11,0,47,20,12,11,5
20243,A,골목상권,3110575,대흥동주민센터,331,162,169,0,142,76,46,45,22,0,53,39,25,29,16,0,89,37,21,16,6
20243,A,골목상권,3110576,대흥역 3번,1146,674,472,3,331,258,204,210,140,1,142,156,139,139,97,2,189,102,65,71,43
20243,A,골목상권,3110577,용강동주민센터,699,416,283,0,101,172,165,139,122,0,50,102,109,81,74,0,51,70,56,58,48
20243,A,골목상권,3110578,대흥역 2번,1265,800,465,3,302,287,244,256,173,1,139,185,176,177,122,2,163,102,68,79,51
20243,A,골목상권,3110579,마포역 4번,1163,709,454,0,215,286,292,258,112,0,111,196,193,136,73,0,104,90,99,122,39
20243,A,골목상권,3110580,양원초등학교,152,74,78,0,67,32,21,21,11,0,26,16,11,12,9,0,41,16,10,9,2
20243,A,골목상권,3110581,염리초등학교,246,146,100,0,36,61,58,48,43,0,18,36,38,28,26,0,18,25,20,20,17
20243,A,골목상권,3110582,이대역 5번,282,163,119,0,95,67,46,47,27,0,39,39,32,33,20,0,56,28,14,14,7
20243,A,골목상권,3110583,공덕래미안3차아파트,362,200,162,0,70,119,103,62,8,0,31,67,58,37,7,0,39,52,45,25,1
20243,A,골목상권,3110584,아현역 4번,182,100,82,0,34,60,52,32,4,0,15,33,29,19,4,0,19,27,23,13,0
20243,A,골목상권,3110585,마포경찰서,235,129,106,0,46,76,67,40,6,0,20,43,37,24,5,0,26,33,30,16,1
20243,A,골목상권,3110586,서울서부지방법원,3762,2181,1581,1,835,1043,1029,664,190,0,328,553,659,499,142,1,507,490,370,165,48
20243,A,골목상권,3110587,공덕동주민센터,909,530,379,0,204,252,248,157,48,0,82,134,159,119,36,0,122,118,89,38,12
20243,A,골목상권,3110588,한겨레신문사,660,384,276,0,148,183,186,112,31,0,60,98,117,86,23,0,88,85,69,26,8
20243,A,골목상권,3110589,애오개역 3번,115,68,47,0,26,32,33,19,5,0,10,18,21,15,4,0,16,14,12,4,1
20243,A,골목상권,3110590,만리재,300,174,126,0,65,86,79,54,16,0,24,46,50,41,13,0,41,40,29,13,3
20243,A,골목상권,3110591,충정로역 6번,166,95,71,0,37,51,42,28,8,0,16,28,25,19,7,0,21,23,17,9,1
20243,A,골목상권,3110592,서울금융고등학교,292,170,122,0,26,55,67,91,53,0,8,23,35,58,46,0,18,32,32,33,7
20243,A,골목상권,3110593,신월3동주민센터,344,203,141,0,25,62,82,112,63,0,7,23,43,72,58,0,18,39,39,40,5
20243,A,골목상권,3110594,신월중학교,187,107,80,0,21,46,50,50,20,0,9,23,27,31,17,0,12,23,23,19,3
20243,A,골목상권,3110595,메디힐병원,964,543,421,0,105,256,252,250,101,0,49,128,131,148,87,0,56,128,121,102,14
20243,A,골목상권,3110596,서서울호수공원,180,106,74,0,14,34,40,58,34,0,4,14,20,38,30,0,10,20,20,20,4
20243,A,골목상권,3110597,신월1동주민센터,447,294,153,0,33,78,106,153,77,0,19,48,62,104,61,0,14,30,44,49,16
20243,A,골목상권,3110598,신월문화체육센터,636,420,216,0,69,105,129,153,180,0,51,81,88,92,108,0,18,24,41,61,72
20243,A,골목상권,3110599,신월1파출소,299,203,96,0,23,49,70,105,52,0,13,33,43,72,42,0,10,16,27,33,10
20243,A,골목상권,3110600,신월7동주민센터,671,442,229,0,71,111,138,160,191,0,55,83,92,97,115,0,16,28,46,63,76
20243,A,골목상권,3110601,신월1동우편취급국,614,402,212,0,48,105,146,210,105,0,26,64,87,142,83,0,22,41,59,68,22
20243,A,골목상권,3110602,신월시영아파트중문,811,528,283,0,88,135,166,193,229,0,65,102,109,116,136,0,23,33,57,77,93
20243,A,골목상권,3110603,지향초등학교,597,421,176,0,50,115,148,131,153,0,24,70,99,89,139,0,26,45,49,42,14
20243,A,골목상권,3110604,신월4동주민센터,467,320,147,0,17,56,112,156,126,0,7,31,64,106,112,0,10,25,48,50,14
20243,A,골목상권,3110605,목동센트럴아이파크앞,192,114,78,0,19,37,44,52,40,0,7,20,24,30,33,0,12,17,20,22,7
20243,A,골목상권,3110606,신한은행 신월동지점,390,266,124,0,11,46,92,133,108,0,3,25,51,91,96,0,8,21,41,42,12
20243,A,골목상권,3110607,금빛새마을금고본점,175,102,73,0,15,31,44,48,37,0,8,17,23,26,28,0,7,14,21,22,9
20243,A,골목상권,3110608,신월2동주민센터,440,257,183,0,33,72,117,125,93,0,19,44,59,67,68,0,14,28,58,58,25
20243,A,골목상권,3110609,신정네거리역 2번,90,65,25,0,6,17,24,18,25,0,2,10,16,13,24,0,4,7,8,5,1
20243,A,골목상권,3110610,계남근린공원,110,82,28,0,7,22,28,24,29,0,3,14,19,18,28,0,4,8,9,6,1
20243,A,골목상권,3110611,신정역 1번,384,215,169,0,63,68,75,82,96,0,17,32,39,46,81,0,46,36,36,36,15
20243,A,골목상권,3110612,신정역 5번,699,393,306,0,116,122,133,149,179,0,32,59,67,83,152,0,84,63,66,66,27
20243,A,골목상권,3110613,신정네거리역 4번,257,149,108,0,46,65,64,55,27,0,19,41,38,31,20,0,27,24,26,24,7
20243,A,골목상권,3110614,목동로데오거리,763,425,338,0,127,135,148,161,192,0,36,65,76,88,160,0,91,70,72,73,32
20243,A,골목상권,3110615,신서초등학교,1953,1142,811,7,345,490,490,416,205,7,143,306,295,242,149,0,202,184,195,174,56
20243,A,골목상권,3110616,양목초등학교,263,146,117,0,43,45,51,57,67,0,12,21,27,31,55,0,31,24,24,26,12
20243,A,골목상권,3110617,등촌역 4번,134,75,59,0,16,30,37,32,19,0,8,18,21,16,12,0,8,12,16,16,7
20243,A,골목상권,3110618,강서고등학교,375,231,144,0,38,86,114,98,39,0,12,51,68,63,37,0,26,35,46,35,2
20243,A,골목상권,3110619,목4동주민센터,208,130,78,0,25,48,62,52,21,0,11,30,36,33,20,0,14,18,26,19,1
20243,A,골목상권,3110620,목동보건지소,630,380,250,0,73,143,183,159,72,0,31,85,107,96,61,0,42,58,76,63,11
20243,A,골목상권,3110621,목동역 5번,291,190,101,0,51,79,74,59,28,0,24,52,52,43,19,0,27,27,22,16,9
20243,A,골목상권,3110622,달마을공원,545,304,241,0,74,132,147,126,66,0,35,73,81,72,43,0,39,59,66,54,23
20243,A,골목상권,3110623,갈산공원,422,257,165,0,48,98,126,100,50,0,22,56,78,64,37,0,26,42,48,36,13
20243,A,골목상권,3110624,목동문화체육센터,158,89,69,0,20,40,41,36,21,0,9,22,23,21,14,0,11,18,18,15,7
20243,A,골목상권,3110625,신정2동주민센터,10107,5807,4300,3,1830,3287,2711,1787,489,0,739,1807,1678,1192,391,3,1091,1480,1033,595,98
20243,A,골목상권,3110626,양화초등학교,731,411,320,0,101,177,195,167,91,0,47,97,109,96,62,0,54,80,86,71,29
20243,A,골목상권,3110627,신정롯데캐슬아파트,5756,3309,2447,0,1043,1875,1545,1017,276,0,422,1031,958,677,221,0,621,844,587,340,55
20243,A,골목상권,3110628,신목동역,453,253,200,0,64,110,121,103,55,0,31,59,67,59,37,0,33,51,54,44,18
20243,A,골목상권,3110629,송정역 4번,215,113,102,0,35,71,60,42,7,0,7,30,35,35,6,0,28,41,25,7,1
20243,A,골목상권,3110630,공항시장역 1번,321,234,87,0,20,63,77,93,68,0,14,42,55,63,60,0,6,21,22,30,8
20243,A,골목상권,3110631,방화초등학교,94,69,25,0,5,17,21,30,21,0,3,13,15,19,19,0,2,4,6,11,2
20243,A,골목상권,3110632,방화역 3번,555,433,122,0,53,119,140,160,83,0,40,95,111,132,55,0,13,24,29,28,28
20243,A,골목상권,3110633,개화산역 1번,102,75,27,0,9,21,24,29,19,0,6,15,18,21,15,0,3,6,6,8,4
20243,A,골목상권,3110634,송정역 3번,1273,669,604,0,213,425,350,251,34,0,50,176,205,208,30,0,163,249,145,43,4
20243,A,골목상권,3110635,공항시장역 3번,345,198,147,0,52,105,95,75,18,0,16,49,59,62,12,0,36,56,36,13,6
20243,A,골목상권,3110636,방화역 2번,311,248,63,0,29,67,78,90,47,0,23,56,63,75,31,0,6,11,15,15,16
20243,A,골목상권,3110637,송정역 2번,514,269,245,0,85,172,141,101,15,0,19,71,83,84,12,0,66,101,58,17,3
20243,A,골목상권,3110638,신방화역 2번,1329,1051,278,0,132,286,331,383,197,0,100,235,266,318,132,0,32,51,65,65,65
20243,A,골목상권,3110639,신방화역 8번,371,296,75,0,34,79,95,109,54,0,27,65,77,91,36,0,7,14,18,18,18
20243,A,골목상권,3110640,방화역 1번,1520,983,537,0,149,326,386,418,241,0,75,173,238,292,205,0,74,153,148,126,36
20243,A,골목상권,3110641,공항고등학교,421,336,85,0,43,89,104,123,62,0,33,74,84,103,42,0,10,15,20,20,20
20243,A,골목상권,3110642,정곡초등학교,169,109,60,0,16,36,43,46,28,0,8,19,27,32,23,0,8,17,16,14,5
20243,A,골목상권,3110643,강서구다솔마을,1021,536,485,0,171,337,280,199,34,0,41,140,162,164,29,0,130,197,118,35,5
20243,A,골목상권,3110644,신광명마을,123,73,50,0,4,18,34,42,25,0,1,9,16,25,22,0,3,9,18,17,3
20243,A,골목상권,3110645,우장산역 4번,671,397,274,0,30,94,185,228,134,0,11,48,89,134,115,0,19,46,96,94,19
20243,A,골목상권,3110646,푸른들청소년도서관,1432,883,549,0,199,342,367,330,194,0,107,228,223,186,139,0,92,114,144,144,55
20243,A,골목상권,3110647,화곡역 5번,813,464,349,0,74,177,210,230,122,0,34,102,114,131,83,0,40,75,96,99,39
20243,A,골목상권,3110648,양천향교역 7번,400,252,148,0,41,82,93,98,86,0,16,51,57,64,64,0,25,31,36,34,22
20243,A,골목상권,3110649,우장산역 1번,572,319,253,0,125,128,123,122,74,0,48,75,73,73,50,0,77,53,50,49,24
20243,A,골목상권,3110650,우장산힐스테이트,349,192,157,0,76,78,75,74,46,0,28,45,44,44,31,0,48,33,31,30,15
20243,A,골목상권,3110651,화원중학교,501,284,217,0,45,104,126,146,80,0,20,62,68,83,51,0,25,42,58,63,29
20243,A,골목상권,3110652,양천향교역 2번,168,103,65,0,17,36,38,42,35,0,6,21,22,27,27,0,11,15,16,15,8
20243,A,골목상권,3110653,화곡역 2번,449,250,199,0,100,103,95,95,56,0,37,60,58,58,37,0,63,43,37,37,19
20243,A,골목상권,3110654,까치산역 4번,963,549,414,0,86,202,245,280,150,0,40,121,135,156,97,0,46,81,110,124,53
20243,A,골목상권,3110655,발산역 5번,1048,582,466,0,230,236,226,219,137,0,85,138,135,133,91,0,145,98,91,86,46
20243,A,골목상권,3110656,까치산역 3번,684,388,296,0,52,147,175,202,108,0,20,84,99,114,71,0,32,63,76,88,37
20243,A,골목상권,3110657,양천향교역 5번,2792,1503,1289,0,346,597,626,688,535,0,150,329,368,344,312,0,196,268,258,344,223
20243,A,골목상권,3110658,화곡초등학교,306,177,129,0,28,61,77,75,65,0,7,36,46,39,49,0,21,25,31,36,16
20243,A,골목상권,3110659,화곡역 4번,922,540,382,0,79,184,234,234,191,0,23,108,136,126,147,0,56,76,98,108,44
20243,A,골목상권,3110660,등촌3동주민센터,4370,2318,2052,0,547,932,980,1080,831,0,241,508,572,526,471,0,306,424,408,554,360
20243,A,골목상권,3110661,강서새말어린이공원,261,171,90,0,34,71,69,61,26,0,17,47,45,42,20,0,17,24,24,19,6
20243,A,골목상권,3110662,까치산역 1번,493,282,211,0,61,140,150,92,50,0,30,80,79,57,36,0,31,60,71,35,14
20243,A,골목상권,3110663,우장산롯데캐슬아파트앞,498,318,180,0,70,136,128,111,53,0,35,86,81,74,42,0,35,50,47,37,11
20243,A,골목상권,3110664,강서구청옆,196,124,72,0,28,53,51,44,20,0,14,34,32,29,15,0,14,19,19,15,5
20243,A,골목상권,3110665,곰달래도서관,2795,1690,1105,0,352,772,738,651,282,0,204,498,443,351,194,0,148,274,295,300,88
20243,A,골목상권,3110666,KC대학교,196,127,69,0,26,52,51,46,21,0,13,34,33,31,16,0,13,18,18,15,5
20243,A,골목상권,3110667,가양역 10번,546,290,256,0,68,117,122,135,104,0,30,64,71,66,59,0,38,53,51,69,45
20243,A,골목상권,3110668,화곡2동주민센터,1708,1043,665,0,212,474,450,410,162,0,128,312,275,216,112,0,84,162,175,194,50
20243,A,골목상권,3110669,화곡보람2차아파트,71,45,26,0,10,20,18,16,7,0,5,12,11,11,6,0,5,8,7,5,1
20243,A,골목상권,3110670,신곡초등학교,371,204,167,0,64,101,89,83,34,0,25,57,50,44,28,0,39,44,39,39,6
20243,A,골목상권,3110671,등촌1동주민센터,3205,1938,1267,0,639,837,713,572,444,0,235,530,496,378,299,0,404,307,217,194,145
20243,A,골목상권,3110672,백석중학교,198,119,79,0,20,40,50,53,35,0,9,22,30,33,25,0,11,18,20,20,10
20243,A,골목상권,3110673,뜸부기어린이공원,1006,559,447,0,163,282,242,222,97,0,66,165,141,118,69,0,97,117,101,104,28
20243,A,골목상권,3110674,강서구청가양동별관,1182,761,421,2,198,262,332,246,142,1,130,175,213,146,96,1,68,87,119,100,46
20243,A,골목상권,3110675,화곡4동주민센터,309,156,153,0,58,80,71,66,34,0,11,38,38,41,28,0,47,42,33,25,6
20243,A,골목상권,3110676,등촌역 7번,443,264,179,0,51,91,108,113,80,0,22,50,65,72,55,0,29,41,43,41,25
20243,A,골목상권,3110677,등촌역 1번,307,182,125,0,61,81,69,55,41,0,22,50,46,37,27,0,39,31,23,18,14
20243,A,골목상권,3110678,염창무학아파트,398,186,212,0,62,117,117,68,34,0,22,52,47,38,27,0,40,65,70,30,7
20243,A,골목상권,3110679,염창역 2번,1552,722,830,0,243,457,461,263,128,0,88,200,186,146,102,0,155,257,275,117,26
20243,A,골목상권,3110680,온수역 5번(온수산업단지),606,417,189,0,57,117,141,175,116,0,37,74,90,120,96,0,20,43,51,55,20
20243,A,골목상권,3110681,온수역 1번,134,91,43,0,13,26,31,38,26,0,8,17,19,26,21,0,5,9,12,12,5
20243,A,골목상권,3110682,온수역 8번,20,15,5,0,1,3,6,6,4,0,1,2,4,4,4,0,0,1,2,2,0
20243,A,골목상권,3110683,오류고등학교,70,48,22,0,7,14,16,20,13,0,5,8,10,14,11,0,2,6,6,6,2
20243,A,골목상권,3110684,서울공연예술고등학교,134,94,40,0,12,26,31,38,27,0,7,17,20,27,23,0,5,9,11,11,4
20243,A,골목상권,3110685,금강수목원아파트,23,15,8,0,2,5,5,7,4,0,1,3,3,5,3,0,1,2,2,2,1
20243,A,골목상권,3110686,수궁동주민센터,340,238,102,0,30,66,81,98,65,0,17,45,53,69,54,0,13,21,28,29,11
20243,A,골목상권,3110687,"천왕역 3번(오류2동주민센터, 서울오류남초등학교)",85,52,33,0,8,19,23,22,13,0,3,11,13,14,11,0,5,8,10,8,2
20243,A,골목상권,3110688,오류지구대,153,99,54,0,17,30,39,47,20,0,12,21,25,27,14,0,5,9,14,20,6
20243,A,골목상권,3110689,오류동역 3번,324,207,117,0,41,60,81,96,46,0,30,42,49,54,32,0,11,18,32,42,14
20243,A,골목상권,3110690,오류2동버들시장,606,376,230,0,55,138,158,156,99,0,25,80,92,99,80,0,30,58,66,57,19
20243,A,골목상권,3110691,개봉중학교,3122,1824,1298,0,264,672,751,835,600,0,136,375,386,476,451,0,128,297,365,359,149
20243,A,골목상권,3110692,큰굴다리,1643,958,685,0,138,353,395,440,317,0,72,195,202,250,239,0,66,158,193,190,78
20243,A,골목상권,3110693,오류동역 4번,58,37,21,0,7,11,14,18,8,0,5,8,9,10,5,0,2,3,5,8,3
20243,A,골목상권,3110694,세곡초등학교,2853,1680,1173,0,239,619,691,766,538,0,126,348,358,439,409,0,113,271,333,327,129
20243,A,골목상권,3110695,개봉1동주민센터,3698,2175,1523,0,312,801,900,992,693,0,169,449,464,566,527,0,143,352,436,426,166
20243,A,골목상권,3110696,오류동역 1번,708,352,356,0,126,173,167,168,74,0,73,112,74,55,38,0,53,61,93,113,36
20243,A,골목상권,3110697,개봉3동주민센터,52,35,17,0,2,15,15,12,8,0,1,10,10,7,7,0,1,5,5,5,1
20243,A,골목상권,3110698,개웅초등학교(개웅중학교),101,60,41,0,13,27,28,23,10,0,7,18,16,11,8,0,6,9,12,12,2
20243,A,골목상권,3110699,덕의초등학교,296,189,107,0,27,70,79,81,39,0,19,44,46,47,33,0,8,26,33,34,6
20243,A,골목상권,3110700,고척초등학교,1100,721,379,0,92,229,280,320,179,0,48,144,173,215,141,0,44,85,107,105,38
20243,A,골목상권,3110701,고척동성당,299,189,110,0,30,69,78,82,40,0,19,44,46,47,33,0,11,25,32,35,7
20243,A,골목상권,3110702,개봉초등학교,481,298,183,0,60,121,125,106,69,0,30,76,76,61,55,0,30,45,49,45,14
20243,A,골목상권,3110703,개봉역,5622,3245,2377,0,513,1218,1353,1492,1046,0,270,686,685,827,777,0,243,532,668,665,269
20243,A,골목상권,3110704,고척중학교,234,166,68,0,21,48,62,70,33,0,11,32,43,53,27,0,10,16,19,17,6
20243,A,골목상권,3110705,고산초등학교,137,98,39,0,12,28,36,42,19,0,6,19,25,32,16,0,6,9,11,10,3
20243,A,골목상권,3110706,그라운드 고척,622,446,176,0,53,126,167,187,89,0,28,85,117,142,74,0,25,41,50,45,15
20243,A,골목상권,3110707,구로창업지원센터,4239,2793,1446,0,695,1322,1035,770,417,0,287,900,749,537,320,0,408,422,286,233,97
20243,A,골목상권,3110708,화원어린이공원,138,85,53,0,15,32,36,36,19,0,6,19,21,24,15,0,9,13,15,12,4
20243,A,골목상권,3110709,구로119안전센터,201,127,74,0,23,48,51,51,28,0,10,29,31,35,22,0,13,19,20,16,6
20243,A,골목상권,3110710,남구로역 3번,440,266,174,0,40,104,112,111,73,0,18,60,64,70,54,0,22,44,48,41,19
20243,A,골목상권,3110711,구로초등학교,763,475,288,0,87,176,196,197,107,0,39,105,119,130,82,0,48,71,77,67,25
20243,A,골목상권,3110712,남구로역 5번,150,87,63,0,6,33,42,42,27,0,1,20,22,22,22,0,5,13,20,20,5
20243,A,골목상권,3110713,구로보건소,1979,1244,735,0,279,466,515,436,283,0,155,321,340,259,169,0,124,145,175,177,114
20243,A,골목상권,3110714,구로4동주민센터,345,211,134,0,29,76,91,90,59,0,12,46,52,55,46,0,17,30,39,35,13
20243,A,골목상권,3110715,구로구민회관,113,74,39,0,15,26,30,26,16,0,9,19,20,16,10,0,6,7,10,10,6
20243,A,골목상권,3110716,구로나눔길,236,146,90,0,29,57,58,60,32,0,13,34,35,39,25,0,16,23,23,21,7
20243,A,골목상권,3110717,남구로역 2번,545,341,204,0,90,175,143,74,63,0,44,115,96,44,42,0,46,60,47,30,21
20243,A,골목상권,3110718,한국SGI본부,1050,661,389,0,149,247,271,233,150,0,84,170,178,138,91,0,65,77,93,95,59
20243,A,골목상권,3110719,영서중학교,82,55,27,0,18,27,21,10,6,0,9,18,15,8,5,0,9,9,6,2,1
20243,A,골목상권,3110720,대림역 2번,161,89,72,0,15,34,41,41,30,0,6,20,21,21,21,0,9,14,20,20,9
20243,A,골목상권,3110721,가리봉파출소,304,142,162,0,10,53,73,68,100,0,2,26,31,26,57,0,8,27,42,42,43
20243,A,골목상권,3110722,G타워,2711,1778,933,8,564,914,688,337,200,5,285,606,485,236,161,3,279,308,203,101,39
20243,A,골목상권,3110723,가산디지털단지역 1번 출입구,279,186,93,0,55,89,69,40,26,0,31,59,50,27,19,0,24,30,19,13,7
20243,A,골목상권,3110724,금천구립가산도서관,311,205,106,0,60,98,77,46,30,0,32,66,56,30,21,0,28,32,21,16,9
20243,A,골목상권,3110725,가산동주민센터,352,232,120,0,70,110,88,51,33,0,37,74,63,34,24,0,33,36,25,17,9
20243,A,골목상권,3110726,금천철쭉어린이공원(금하마을),140,95,45,0,6,18,19,34,63,0,5,13,14,22,41,0,1,5,5,12,22
20243,A,골목상권,3110727,독산역 1번 출입구,521,335,186,0,39,71,88,115,208,0,23,48,57,71,136,0,16,23,31,44,72
20243,A,골목상권,3110728,두산초등학교,341,218,123,0,26,45,57,76,137,0,15,30,36,47,90,0,11,15,21,29,47
20243,A,골목상권,3110729,가산동우체국,332,219,113,0,66,105,83,47,31,0,36,69,59,33,22,0,30,36,24,14,9
20243,A,골목상권,3110730,서울축산농협 독산역지점(독산파출소),577,373,204,0,44,77,95,125,236,0,26,51,62,79,155,0,18,26,33,46,81
20243,A,골목상권,3110731,금천구청역 1번 출입구,881,475,406,0,129,208,208,223,113,0,59,104,104,127,81,0,70,104,104,96,32
20243,A,골목상권,3110732,가산초등학교(세일중학교),614,395,219,0,47,85,104,135,243,0,29,56,67,82,161,0,18,29,37,53,82
20243,A,골목상권,3110733,금천어울림복지센터,288,155,133,0,39,71,70,72,36,0,18,35,35,41,26,0,21,36,35,31,10
20243,A,골목상권,3110734,금천파출소,76,40,36,0,11,18,18,20,9,0,5,9,9,11,6,0,6,9,9,9,3
20243,A,골목상권,3110735,말미고개,496,287,209,0,47,102,124,159,64,0,26,46,62,96,57,0,21,56,62,63,7
20243,A,골목상권,3110736,독산119안전센터,402,235,167,0,45,69,83,96,109,0,31,41,50,47,66,0,14,28,33,49,43
20243,A,골목상권,3110737,금천세무서,510,377,133,0,35,75,91,104,205,0,20,48,49,63,197,0,15,27,42,41,8
20243,A,골목상권,3110738,문성초등학교,539,395,144,0,36,82,101,108,212,0,19,54,55,64,203,0,17,28,46,44,9
20243,A,골목상권,3110739,시흥3동 우편취급국,378,226,152,0,28,55,87,99,109,0,15,36,51,54,70,0,13,19,36,45,39
20243,A,골목상권,3110740,금천해태공원,620,346,274,0,83,137,146,175,79,0,41,66,73,102,64,0,42,71,73,73,15
20243,A,골목상권,3110741,독산2동주민센터,244,143,101,0,25,52,58,79,30,0,14,24,29,48,28,0,11,28,29,31,2
20243,A,골목상권,3110742,KT금천빌딩(금천구시설관리공단),347,197,150,0,39,69,82,89,68,0,20,38,44,50,45,0,19,31,38,39,23
20243,A,골목상권,3110743,시흥초등학교(시흥1동우체국),343,186,157,0,51,84,84,83,41,0,24,42,42,47,31,0,27,42,42,36,10
20243,A,골목상권,3110744,독산동성당,467,299,168,0,38,74,97,109,149,0,27,45,59,54,114,0,11,29,38,55,35
20243,A,골목상권,3110745,독산동정훈단지,263,154,109,0,27,54,63,83,36,0,15,24,32,51,32,0,12,30,31,32,4
20243,A,골목상권,3110746,금천금빛공원(은행나무사거리서측),96,54,42,0,17,22,22,25,10,0,8,11,11,14,10,0,9,11,11,11,0
20243,A,골목상권,3110747,석수역 1번 출입구,593,350,243,0,42,88,137,155,171,0,21,57,80,84,108,0,21,31,57,71,63
20243,A,골목상권,3110748,백산초등학교,198,120,78,0,26,49,53,44,26,0,13,32,32,24,19,0,13,17,21,20,7
20243,A,골목상권,3110749,금산초등학교(금천고등학교),812,481,331,0,57,119,188,213,235,0,30,77,109,116,149,0,27,42,79,97,86
20243,A,골목상권,3110750,시흥4동주민센터(서울신흥초등학교),390,239,151,0,63,82,115,98,32,0,40,57,69,46,27,0,23,25,46,52,5
20243,A,골목상권,3110751,난곡중학교,323,240,83,0,16,51,62,66,128,0,9,33,33,40,125,0,7,18,29,26,3
20243,A,골목상권,3110752,한울중학교,629,384,245,0,99,135,186,162,47,0,62,94,111,76,41,0,37,41,75,86,6
20243,A,골목상권,3110753,시흥동 은행나무사거리,437,273,164,0,54,111,121,90,61,0,29,77,77,46,44,0,25,34,44,44,17
20243,A,골목상권,3110754,삼성산자연공원(서울금천초등학교),307,186,121,0,39,68,86,73,41,0,22,47,51,36,30,0,17,21,35,37,11
20243,A,골목상권,3110755,동일여자고등학교,785,461,324,0,82,160,197,229,117,0,45,93,111,132,80,0,37,67,86,97,37
20243,A,골목상권,3110756,문래중학교,442,259,183,0,88,103,99,88,64,0,46,66,59,46,42,0,42,37,40,42,22
20243,A,골목상권,3110757,양평역 2번,1670,969,701,0,331,389,372,335,243,0,168,249,222,172,158,0,163,140,150,163,85
20243,A,골목상권,3110758,문래소공원,1464,1065,399,0,226,479,452,230,77,0,126,364,369,157,49,0,100,115,83,73,28
20243,A,골목상권,3110759,문래예술촌(문래창작촌),24026,17462,6564,8,3703,7864,7407,3790,1254,1,2067,5980,6053,2572,789,7,1636,1884,1354,1218,465
20243,A,골목상권,3110760,선유도역 6번,4330,2482,1848,0,790,1183,1198,748,411,0,344,713,679,442,304,0,446,470,519,306,107
20243,A,골목상권,3110761,문래동남성맨션,966,703,263,0,148,316,299,152,51,0,83,241,244,103,32,0,65,75,55,49,19
20243,A,골목상권,3110762,선유도역 1번,3631,2082,1549,0,658,994,1010,629,340,0,282,603,571,372,254,0,376,391,439,257,86
20243,A,골목상권,3110763,영등포구청역 2번,696,419,277,0,119,198,156,127,96,0,47,111,99,89,73,0,72,87,57,38,23
20243,A,골목상권,3110764,문래역 3번,239,144,95,0,41,69,53,44,32,0,16,38,34,31,25,0,25,31,19,13,7
20243,A,골목상권,3110765,문래동사거리,3606,2620,986,1,557,1180,1113,568,187,0,312,897,910,384,117,1,245,283,203,184,70
20243,A,골목상권,3110766,대림역 5번,388,255,133,0,36,78,104,90,80,0,18,57,75,57,48,0,18,21,29,33,32
20243,A,골목상권,3110767,도림동주민센터,45,31,14,0,2,7,12,13,11,0,0,5,8,9,9,0,2,2,4,4,2
20243,A,골목상권,3110768,도림2동유수지내체육시설,144,100,44,0,4,23,38,43,36,0,0,16,26,29,29,0,4,7,12,14,7
20243,A,골목상권,3110769,대림차이나타운(대림역 12번),132,69,63,0,25,31,30,20,26,0,11,17,13,11,17,0,14,14,17,9,9
20243,A,골목상권,3110770,영등포구청역 6번,189,116,73,0,34,55,43,32,25,0,13,31,27,24,21,0,21,24,16,8,4
20243,A,골목상권,3110771,대림역 11번,190,97,93,0,35,45,42,29,39,0,14,24,18,16,25,0,21,21,24,13,14
20243,A,골목상권,3110772,신우어린이공원,130,83,47,0,13,27,35,30,25,0,7,19,24,19,14,0,6,8,11,11,11
20243,A,골목상권,3110773,당산역 13번,166,95,71,0,30,45,46,29,16,0,13,27,26,17,12,0,17,18,20,12,4
20243,A,골목상권,3110774,당산반도유보라팰리스아파트,431,288,143,0,68,95,107,95,66,0,34,59,74,70,51,0,34,36,33,25,15
20243,A,골목상권,3110775,대동초등학교,165,86,79,0,29,38,37,28,33,0,12,21,16,16,21,0,17,17,21,12,12
20243,A,골목상권,3110776,도신초등학교,393,256,137,0,35,81,104,97,76,0,18,58,75,60,45,0,17,23,29,37,31
20243,A,골목상권,3110777,구로세무서,2776,2019,757,0,431,909,856,437,143,0,241,691,700,297,90,0,190,218,156,140,53
20243,A,골목상권,3110778,구로디지털단지역 4번,1123,567,556,0,211,269,246,175,222,0,83,141,105,97,141,0,128,128,141,78,81
20243,A,골목상권,3110779,대림갑을명가아파트,28,10,18,0,9,6,8,4,1,0,1,2,4,2,1,0,8,4,4,2,0
20243,A,골목상권,3110780,신길대성유니드아파트,405,196,209,0,28,91,141,104,41,0,11,41,52,52,40,0,17,50,89,52,1
20243,A,골목상권,3110781,대림한신아파트,117,40,77,0,40,30,24,20,3,0,5,10,12,10,3,0,35,20,12,10,0
20243,A,골목상권,3110782,영등포시장역 4번,152,85,67,0,29,37,36,30,20,0,11,20,22,18,14,0,18,17,14,12,6
20243,A,골목상권,3110783,영등포시장역 1번,362,203,159,0,68,90,84,72,48,0,26,51,53,42,31,0,42,39,31,30,17
20243,A,골목상권,3110784,신대림초등학교,92,35,57,0,31,23,18,16,4,0,6,8,9,8,4,0,25,15,9,8,0
20243,A,골목상권,3110785,영등포푸르지오아파트,238,164,74,0,15,45,63,66,49,0,5,27,43,48,41,0,10,18,20,18,8
20243,A,골목상권,3110786,당산역 8번,249,165,84,0,42,54,59,56,38,0,21,33,41,41,29,0,21,21,18,15,9
20243,A,골목상권,3110787,신길3동주민센터,274,231,43,0,1,33,68,79,93,0,0,28,54,61,88,0,1,5,14,18,5
20243,A,골목상권,3110788,영등포시장역 3번,64,36,28,0,11,16,16,12,9,0,4,9,9,7,7,0,7,7,7,5,2
20243,A,골목상권,3110789,대림성모병원,535,197,338,0,178,127,118,85,27,0,31,42,59,43,22,0,147,85,59,42,5
20243,A,골목상권,3110790,대림1동주민센터,414,180,234,0,69,94,127,93,31,0,14,37,51,47,31,0,55,57,76,46,0
20243,A,골목상권,3110791,신풍역 3번,106,51,55,0,8,23,37,28,10,0,3,10,13,15,10,0,5,13,24,13,0
20243,A,골목상권,3110792,영등포역 2번,459,274,185,0,50,105,123,120,61,0,19,56,74,76,49,0,31,49,49,44,12
20243,A,골목상권,3110793,대림썬프라자,15,6,9,0,5,3,4,2,1,0,1,1,2,1,1,0,4,2,2,1,0
20243,A,골목상권,3110794,영동초등학교,1146,761,385,0,183,259,278,252,174,0,91,160,193,185,132,0,92,99,85,67,42
20243,A,골목상권,3110795,도림초등학교,75,63,12,0,0,8,19,24,24,0,0,8,14,17,24,0,0,0,5,7,0
20243,A,골목상권,3110796,한림대학교한강성심병원,182,103,79,0,34,45,43,36,24,0,12,26,27,22,16,0,22,19,16,14,8
20243,A,골목상권,3110797,KT대방빌딩,43,26,17,0,2,11,12,11,7,0,1,6,7,6,6,0,1,5,5,5,1
20243,A,골목상권,3110798,신풍역 2번,127,81,46,0,12,30,33,28,24,0,6,19,20,18,18,0,6,11,13,10,6
20243,A,골목상권,3110799,영등포본동주민센터,119,69,50,0,15,29,31,30,14,0,5,15,18,19,12,0,10,14,13,11,2
20243,A,골목상권,3110800,영등포동성당,621,348,273,0,112,156,149,122,82,0,40,87,93,72,56,0,72,69,56,50,26
20243,A,골목상권,3110801,신풍역 6번(신길6동공영주차장),19,13,6,0,2,4,5,4,4,0,1,3,3,3,3,0,1,1,2,1,1
20243,A,골목상권,3110802,신길동홍어거리,550,273,277,0,91,130,142,130,57,0,31,60,69,70,43,0,60,70,73,60,14
20243,A,골목상권,3110803,신길2동우편취급국,393,227,166,0,54,98,105,99,37,0,22,50,60,63,32,0,32,48,45,36,5
20243,A,골목상권,3110804,신풍역 1번,333,218,115,0,32,79,89,72,61,0,16,53,54,49,46,0,16,26,35,23,15
20243,A,골목상권,3110805,신길새마을금고신길4동지점,165,84,81,0,28,40,42,39,16,0,10,19,21,21,13,0,18,21,21,18,3
20243,A,골목상권,3110806,서울시립영등포장애인복지관,246,137,109,0,45,62,59,49,31,0,16,34,37,29,21,0,29,28,22,20,10
20243,A,골목상권,3110807,신길역 3번,128,71,57,0,23,31,31,25,18,0,9,17,18,14,13,0,14,14,13,11,5
20243,A,골목상권,3110808,신길역 1번,90,51,39,0,11,24,24,22,9,0,4,12,13,14,8,0,7,12,11,8,1
20243,A,골목상권,3110809,장훈고등학교,221,132,89,0,32,55,59,54,21,0,15,29,35,35,18,0,17,26,24,19,3
20243,A,골목상권,3110810,영신초등학교,832,351,481,0,144,208,188,163,129,0,36,98,87,65,65,0,108,110,101,98,64
20243,A,골목상권,3110811,보라매역 4번,143,91,52,0,10,36,42,31,24,0,5,21,25,20,20,0,5,15,17,11,4
20243,A,골목상권,3110812,신길6동주민센터,275,179,96,0,30,66,72,60,47,0,15,43,45,41,35,0,15,23,27,19,12
20243,A,골목상권,3110813,보라매역 6번,552,372,180,0,63,113,131,147,98,0,36,76,86,96,78,0,27,37,45,51,20
20243,A,골목상권,3110814,서울지방병무청,1106,663,443,0,147,233,247,288,191,0,67,140,151,169,136,0,80,93,96,119,55
20243,A,골목상권,3110815,공군호텔,2281,1077,1204,0,377,541,514,482,367,0,118,272,258,224,205,0,259,269,256,258,162
20243,A,골목상권,3110816,대방역 6번,459,288,171,0,58,94,106,120,81,0,29,59,66,74,60,0,29,35,40,46,21
20243,A,골목상권,3110817,대방역 4번,67,33,34,0,9,16,15,15,12,0,2,9,8,7,7,0,7,7,7,8,5
20243,A,골목상권,3110818,신대방역 3번,577,366,211,0,110,184,136,93,54,0,56,119,93,61,37,0,54,65,43,32,17
20243,A,골목상권,3110819,신대방역 4번,2062,1310,752,0,392,662,481,331,196,0,200,428,333,215,134,0,192,234,148,116,62
20243,A,골목상권,3110820,성남고등학교,615,409,206,0,100,168,147,139,61,0,53,115,101,101,39,0,47,53,46,38,22
20243,A,골목상권,3110821,보라매역 2번,1155,748,407,0,204,260,228,268,195,0,146,196,150,149,107,0,58,64,78,119,88
20243,A,골목상권,3110822,신대방삼거리역 4번(대림초등학교),121,84,37,0,18,33,30,29,11,0,10,23,22,21,8,0,8,10,8,8,3
20243,A,골목상권,3110823,신대방삼거리역 3번,517,319,198,0,86,110,101,125,95,0,62,79,63,63,52,0,24,31,38,62,43
20243,A,골목상권,3110824,대방역 3번,831,554,277,0,139,228,195,185,84,0,75,155,137,134,53,0,64,73,58,51,31
20243,A,골목상권,3110825,신대방삼거리역 1번,233,147,86,0,16,45,66,59,47,0,12,37,43,30,25,0,4,8,23,29,22
20243,A,골목상권,3110826,장승배기역 4번,417,231,186,0,30,93,117,102,75,0,15,58,67,51,40,0,15,35,50,51,35
20243,A,골목상권,3110827,NH농협은행 상도동지점,378,224,154,0,46,89,98,94,51,0,22,51,57,67,27,0,24,38,41,27,24
20243,A,골목상권,3110828,노량진역 6번,1352,838,514,0,221,382,321,292,136,0,118,228,201,205,86,0,103,154,120,87,50
20243,A,골목상권,3110829,장승배기역 5번,184,98,86,0,30,54,45,39,16,0,16,25,20,25,12,0,14,29,25,14,4
20243,A,골목상권,3110830,상도초등학교,161,89,72,0,19,41,41,40,20,0,9,22,22,25,11,0,10,19,19,15,9
20243,A,골목상권,3110831,상도4동주민센터,139,81,58,0,15,33,39,34,18,0,6,19,23,23,10,0,9,14,16,11,8
20243,A,골목상권,3110832,노량진초등학교,330,181,149,0,44,83,83,78,42,0,18,45,47,44,27,0,26,38,36,34,15
20243,A,골목상권,3110833,상도역 2번,129,69,60,0,14,32,35,33,15,0,6,17,19,17,10,0,8,15,16,16,5
20243,A,골목상권,3110834,동작구자원봉사센터,82,46,36,0,11,19,21,19,12,0,5,11,13,10,7,0,6,8,8,9,5
20243,A,골목상권,3110835,상도역 1번,249,142,107,0,39,62,59,55,34,0,17,34,36,33,22,0,22,28,23,22,12
20243,A,골목상권,3110836,상도역 5번,654,379,275,0,104,160,156,146,88,0,45,91,95,89,59,0,59,69,61,57,29
20243,A,골목상권,3110837,숭실대입구역 1번,512,293,219,0,80,124,126,113,69,0,34,68,77,68,46,0,46,56,49,45,23
20243,A,골목상권,3110838,상도1동주민센터앞,100,58,42,0,17,24,25,21,13,0,8,13,15,13,9,0,9,11,10,8,4
20243,A,골목상권,3110839,숭실대입구역 4번,361,208,153,0,56,89,88,81,47,0,23,50,52,50,33,0,33,39,36,31,14
20243,A,골목상권,3110840,중앙대학교,53,32,21,0,0,14,18,14,7,0,0,7,11,7,7,0,0,7,7,7,0
20243,A,골목상권,3110841,중대부중,7,4,3,0,0,2,2,2,1,0,0,1,1,1,1,0,0,1,1,1,0
20243,A,골목상권,3110842,흑리단길,15,9,6,0,0,4,5,4,2,0,0,2,3,2,2,0,0,2,2,2,0
20243,A,골목상권,3110843,사당5동주민센터,455,250,205,0,52,116,138,112,37,0,23,53,72,65,37,0,29,63,66,47,0
20243,A,골목상권,3110845,사당종합체육관,155,90,65,0,20,35,41,36,23,0,6,19,25,21,19,0,14,16,16,15,4
20243,A,골목상권,3110846,남성역 1번,873,476,397,0,90,190,245,191,157,0,37,90,120,105,124,0,53,100,125,86,33
20243,A,골목상권,3110847,예술인마을,250,135,115,0,41,62,69,45,33,0,12,30,35,28,30,0,29,32,34,17,3
20243,A,골목상권,3110848,양지어린이공원,234,127,107,0,28,51,61,44,50,0,8,26,30,25,38,0,20,25,31,19,12
20243,A,골목상권,3110849,이수역 10번,799,472,327,0,90,179,223,188,119,0,32,96,139,113,92,0,58,83,84,75,27
20243,A,골목상권,3110850,사당역 10번,611,330,281,0,102,156,174,109,70,0,29,77,88,69,67,0,73,79,86,40,3
20243,A,골목상권,3110851,경문고등학교(동작동성당),135,72,63,0,20,41,38,27,9,0,9,24,22,12,5,0,11,17,16,15,4
20243,A,골목상권,3110852,이수역 9번,215,116,99,0,34,57,58,38,28,0,9,28,29,25,25,0,25,29,29,13,3
20243,A,골목상권,3110853,KT구로지사,435,274,161,0,83,109,106,94,43,0,38,71,68,63,34,0,45,38,38,31,9
20243,A,골목상권,3110854,조원동주민센터,121,77,44,0,24,30,30,26,11,0,11,20,19,19,8,0,13,10,11,7,3
20243,A,골목상권,3110855,신대방역 2번,709,442,267,0,137,177,173,152,70,0,63,114,110,103,52,0,74,63,63,49,18
20243,A,골목상권,3110856,미성초등학교,812,482,330,0,68,143,199,219,183,0,45,86,111,112,128,0,23,57,88,107,55
20243,A,골목상권,3110857,미성동주민센터,369,221,148,0,28,65,91,100,85,0,21,39,51,51,59,0,7,26,40,49,26
20243,A,골목상권,3110858,신대방역 1번,190,135,55,0,33,57,57,32,11,0,15,39,47,26,8,0,18,18,10,6,3
20243,A,골목상권,3110859,난향초등학교,325,158,167,0,35,73,93,72,52,0,5,33,39,37,44,0,30,40,54,35,8
20243,A,골목상권,3110860,호림박물관(성보고등학교),337,201,136,0,28,58,81,92,78,0,19,35,45,47,55,0,9,23,36,45,23
20243,A,골목상권,3110861,관악구신사동주민센터,1751,1218,533,0,284,515,525,315,112,0,128,351,413,242,84,0,156,164,112,73,28
20243,A,골목상권,3110862,난곡초등학교(난곡동벽화마을),178,105,73,0,8,40,45,60,25,0,2,21,23,36,23,0,6,19,22,24,2
20243,A,골목상권,3110863,난우초등학교,445,269,176,0,34,77,111,124,99,0,24,47,63,64,71,0,10,30,48,60,28
20243,A,골목상권,3110864,신림우방아파트,293,211,82,0,45,91,90,49,18,0,19,64,73,41,14,0,26,27,17,8,4
20243,A,골목상권,3110865,남강고등학교(남강중학교),506,293,213,0,33,103,126,163,81,0,13,54,64,96,66,0,20,49,62,67,15
20243,A,골목상권,3110866,난우중학교,196,115,81,0,7,45,50,68,26,0,1,23,25,41,25,0,6,22,25,27,1
20243,A,골목상권,3110867,국제신학대학원대학교(남서울중학교),238,151,87,0,14,48,66,65,45,0,10,29,41,39,32,0,4,19,25,26,13
20243,A,골목상권,3110868,남부초등학교,379,264,115,0,63,115,114,64,23,0,27,79,90,50,18,0,36,36,24,14,5
20243,A,골목상권,3110869,"신림역 5번(신림동주민센터, 신림동별빛거리)",171,114,57,0,2,17,48,44,60,0,0,9,27,27,51,0,2,8,21,17,9
20243,A,골목상권,3110870,신림주공2단지(광신고등학교),72,41,31,0,7,14,21,20,10,0,3,7,11,11,9,0,4,7,10,9,1
20243,A,골목상권,3110871,신원동주민센터,120,76,44,0,2,27,37,35,19,0,2,16,23,21,14,0,0,11,14,14,5
20243,A,골목상권,3110872,신림초등학교,43,27,16,0,1,10,13,12,7,0,1,6,8,7,5,0,0,4,5,5,2
20243,A,골목상권,3110873,당곡중학교,1496,771,725,0,184,345,361,384,222,0,70,176,185,182,158,0,114,169,176,202,64
20243,A,골목상권,3110874,원신초등학교(구세군관악영문교회),273,155,118,0,21,52,81,80,39,0,8,26,41,42,38,0,13,26,40,38,1
20243,A,골목상권,3110875,보라매동주민센터(당곡고등학교),710,366,344,0,87,164,171,183,105,0,33,84,87,86,76,0,54,80,84,97,29
20243,A,골목상권,3110876,서원동주민센터(신관중학교),72,31,41,0,11,16,14,16,15,0,2,7,7,7,8,0,9,9,7,9,7
20243,A,골목상권,3110877,신림역 8번,489,260,229,0,50,81,112,127,119,0,15,39,59,64,83,0,35,42,53,63,36
20243,A,골목상권,3110878,미림여고,109,64,45,0,8,22,32,32,15,0,4,11,17,18,14,0,4,11,15,14,1
20243,A,골목상권,3110879,신림현대아파트,223,126,97,0,25,43,60,57,38,0,12,22,31,32,29,0,13,21,29,25,9
20243,A,골목상권,3110880,신림역 1번,278,113,165,0,51,60,52,63,52,0,11,24,26,23,29,0,40,36,26,40,23
20243,A,골목상권,3110881,구립대학경로당(관악산샘말공원),121,113,8,0,5,34,43,36,3,0,3,31,41,35,3,0,2,3,2,1,0
20243,A,골목상권,3110882,신성초등학교,512,293,219,0,68,93,132,114,105,0,34,49,70,69,71,0,34,44,62,45,34
20243,A,골목상권,3110883,은천초등학교(은천교앞),1151,593,558,0,139,270,279,296,167,0,53,136,143,141,120,0,86,134,136,155,47
20243,A,골목상권,3110884,봉천역 4번(봉천110안전센터),346,166,180,0,46,67,72,95,66,0,13,33,38,43,39,0,33,34,34,52,27
20243,A,골목상권,3110885,영락고등학교,274,152,122,0,42,50,66,59,57,0,21,25,36,34,36,0,21,25,30,25,21
20243,A,골목상권,3110886,관악해태어린이공원,227,132,95,0,32,40,59,48,48,0,16,22,32,30,32,0,16,18,27,18,16
20243,A,골목상권,3110887,서울산업정보학교(서울삼성초등학교),22,19,3,0,3,5,8,5,1,0,2,4,7,5,1,0,1,1,1,0,0
20243,A,골목상권,3110888,청룡동주민센터,163,91,72,0,25,48,40,40,10,0,9,25,22,27,8,0,16,23,18,13,2
20243,A,골목상권,3110889,봉천역 6번,101,48,53,0,13,19,22,28,19,0,4,9,11,13,11,0,9,10,11,15,8
20243,A,골목상권,3110890,봉천역 1번(관악초등학교),474,259,215,0,79,136,116,110,33,0,29,69,64,71,26,0,50,67,52,39,7
20243,A,골목상권,3110891,구암초등학교,1166,440,726,1,170,206,266,354,169,1,78,108,120,95,38,0,92,98,146,259,131
20243,A,골목상권,3110892,관악구 중앙길,467,212,255,0,46,84,107,140,90,0,14,41,49,64,44,0,32,43,58,76,46
20243,A,골목상권,3110893,관악소방서(문영여고),311,171,140,0,50,88,76,72,25,0,19,45,42,47,18,0,31,43,34,25,7
20243,A,골목상권,3110894,관악동부센트레빌아파트(은천로35라길),33,12,21,0,4,5,8,11,5,0,2,3,4,2,1,0,2,2,4,9,4
20243,A,골목상권,3110895,샤로수길,2595,1433,1162,0,424,892,555,401,323,0,192,469,287,232,253,0,232,423,268,169,70
20243,A,골목상권,3110896,관악우성아파트,277,157,120,0,41,76,74,56,30,0,19,43,42,31,22,0,22,33,32,25,8
20243,A,골목상권,3110897,서울대입구역 8번,397,224,173,0,60,100,93,90,54,0,29,58,49,47,41,0,31,42,44,43,13
20243,A,골목상권,3110898,청림동주민센터(상도중학교),128,73,55,0,18,43,43,19,5,0,7,25,25,12,4,0,11,18,18,7,1
20243,A,골목상권,3110899,낙성대역 5번(관악중학교),479,269,210,0,68,118,114,110,69,0,33,66,61,57,52,0,35,52,53,53,17
20243,A,골목상권,3110900,낙성대역 1번(관악구민 종합체육센터),321,189,132,0,67,98,85,47,24,0,31,61,51,24,22,0,36,37,34,23,2
20243,A,골목상권,3110901,인헌고등학교(인헌중학교),218,126,92,0,46,69,58,30,15,0,19,42,35,16,14,0,27,27,23,14,1
20243,A,골목상권,3110902,사당역 4번,828,556,272,0,138,211,225,163,91,0,78,144,158,109,67,0,60,67,67,54,24
20243,A,골목상권,3110903,방배아이파크아파트,2775,1536,1239,4,520,719,738,498,296,4,176,375,430,325,226,0,344,344,308,173,70
20243,A,골목상권,3110904,이수역 5번,2855,1388,1467,0,485,733,790,548,299,0,167,328,365,325,203,0,318,405,425,223,96
20243,A,골목상권,3110905,방배노인종합복지관(이수중학교),815,398,417,0,137,210,221,159,88,0,48,95,102,93,60,0,89,115,119,66,28
20243,A,골목상권,3110906,서문여고,989,611,378,0,171,275,246,188,109,0,72,163,166,131,79,0,99,112,80,57,30
20243,A,골목상권,3110907,방배초등학교,2339,1448,891,0,404,649,580,449,257,0,172,382,393,316,185,0,232,267,187,133,72
20243,A,골목상권,3110908,구반포역,6068,3302,2766,12,1002,2001,1732,1039,282,7,366,1091,971,650,217,5,636,910,761,389,65
20243,A,골목상권,3110909,남태령역(서울전자고등학교),1511,736,775,0,257,390,415,289,160,0,89,175,191,172,109,0,168,215,224,117,51
20243,A,골목상권,3110910,내방역 5번,964,597,367,0,169,265,242,184,104,0,72,156,164,128,77,0,97,109,78,56,27
20243,A,골목상권,3110911,방배배수지체육공원,1191,779,412,6,189,353,322,193,128,2,96,221,231,133,96,4,93,132,91,60,32
20243,A,골목상권,3110912,방배동사이길,1799,998,801,4,338,464,479,322,192,4,115,242,280,209,148,0,223,222,199,113,44
20243,A,골목상권,3110913,방현초등학교(방배119안전센터),4068,2662,1406,16,641,1211,1100,664,436,5,326,757,789,458,327,11,315,454,311,206,109
20243,A,골목상권,3110914,내방역 6번,582,360,222,0,102,160,144,112,64,0,43,95,98,78,46,0,59,65,46,34,18
20243,A,골목상권,3110915,서래초등학교,849,470,379,1,160,219,226,152,91,1,54,114,132,99,70,0,106,105,94,53,21
20243,A,골목상권,3110916,내방역 4번,4188,2780,1408,10,831,1293,1022,759,273,9,395,790,754,625,207,1,436,503,268,134,66
20243,A,골목상권,3110917,서초소방서,3455,3049,406,0,346,734,933,1286,156,0,262,611,828,1221,127,0,84,123,105,65,29
20243,A,골목상권,3110918,방배역 3번,1055,698,357,1,208,326,259,190,71,1,98,199,191,156,53,0,110,127,68,34,18
20243,A,골목상권,3110919,내방역 8번,753,466,287,0,128,209,189,145,82,0,53,122,129,103,59,0,75,87,60,42,23
20243,A,골목상권,3110920,방배역 2번(백석예술대학교),1014,663,351,4,160,302,274,163,111,1,81,189,196,113,83,3,79,113,78,50,28
20243,A,골목상권,3110921,서울프랑스학교,1173,1037,136,0,117,250,316,438,52,0,89,207,281,416,44,0,28,43,35,22,8
20243,A,골목상권,3110922,내방역 1번,465,311,154,0,91,146,115,83,30,0,43,89,85,70,24,0,48,57,30,13,6
20243,A,골목상권,3110923,방배역 1번,184,121,63,0,30,54,50,30,20,0,15,34,36,21,15,0,15,20,14,9,5
20243,A,골목상권,3110924,반포4동주민센터(몽마르뜨공원),2008,1774,234,0,199,428,542,747,92,0,152,355,481,710,76,0,47,73,61,37,16
20243,A,골목상권,3110925,서초중학교,401,240,161,0,69,120,103,74,35,0,30,70,66,48,26,0,39,50,37,26,9
20243,A,골목상권,3110926,신중초등학교,863,516,347,0,147,263,222,157,74,0,61,155,143,103,54,0,86,108,79,54,20
20243,A,골목상권,3110927,잠원역,123,71,52,0,26,36,30,19,12,0,10,21,20,12,8,0,16,15,10,7,4
20243,A,골목상권,3110928,서초우방유쉘아파트,376,223,153,0,64,111,96,70,35,0,27,65,61,45,25,0,37,46,35,25,10
20243,A,골목상권,3110929,남부터미널역 1번,4716,2637,2079,0,990,1223,1041,1153,309,0,356,657,602,797,225,0,634,566,439,356,84
20243,A,골목상권,3110930,서초동성당,1051,586,465,0,222,275,230,257,67,0,80,147,133,177,49,0,142,128,97,80,18
20243,A,골목상권,3110931,삼성전자서울R&D(서울우면초등학교),104,69,35,2,24,29,25,14,10,1,12,20,18,10,8,1,12,9,7,4,2
20243,A,골목상권,3110932,서울시인재개발원,1329,743,586,0,279,344,296,322,88,0,99,185,171,224,64,0,180,159,125,98,24
20243,A,골목상권,3110933,한국상담대학원대학교,499,279,220,0,104,130,111,121,33,0,37,70,64,84,24,0,67,60,47,37,9
20243,A,골목상권,3110934,우면주공아파트,621,403,218,4,146,174,142,95,60,2,74,118,99,64,46,2,72,56,43,31,14
20243,A,골목상권,3110935,한전아트센터,1102,731,371,1,230,366,278,168,59,0,125,247,191,126,42,1,105,119,87,42,17
20243,A,골목상권,3110936,더케이호텔(양재리본타워2단지아파트),1419,1068,351,0,187,348,400,377,107,0,114,257,308,307,82,0,73,91,92,70,25
20243,A,골목상권,3110937,방아다리근린공원(횃불트리니티신학대학원대학교),220,143,77,2,52,61,51,32,22,1,27,41,36,21,17,1,25,20,15,11,5
20243,A,골목상권,3110938,바우뫼공원,1409,911,498,19,331,388,320,210,141,9,169,260,224,141,108,10,162,128,96,69,33
20243,A,골목상권,3110939,양재역 8번(양재동우체국),5759,3716,2043,62,1351,1599,1307,860,580,29,684,1074,921,573,435,33,667,525,386,287,145
20243,A,골목상권,3110940,양재근린공원(양재2동주민센터),1787,1343,444,0,238,438,504,472,135,0,143,322,387,387,104,0,95,116,117,85,31
20243,A,골목상권,3110941,언남고등학교,740,555,185,0,97,181,209,197,56,0,59,133,160,160,43,0,38,48,49,37,13
20243,A,골목상권,3110942,염곡동 구룡사(포이동성당),3423,2572,851,0,457,838,963,906,259,0,276,617,741,739,199,0,181,221,222,167,60
20243,A,골목상권,3110943,법제교육센터(버들어린이공원),2352,1769,583,0,312,577,664,622,177,0,188,425,511,509,136,0,124,152,153,113,41
20243,A,골목상권,3110944,서울나래학교(염곡어린이공원),442,287,155,0,63,91,94,96,98,0,43,67,63,56,58,0,20,24,31,40,40
20243,A,골목상권,3110945,본마을노인복지센터(서초구립내곡도서관),164,107,57,0,24,34,33,35,38,0,17,25,23,20,22,0,7,9,10,15,16
20243,A,골목상권,3110946,청계산원터골,332,249,83,0,43,82,94,87,26,0,26,60,72,71,20,0,17,22,22,16,6
20243,A,골목상권,3110947,청계산입구역 2번(내곡동주민센터),529,346,183,0,75,111,113,114,116,0,54,80,78,66,68,0,21,31,35,48,48
20243,A,골목상권,3110948,헌인가구단지,55,36,19,0,8,11,12,12,12,0,6,8,8,7,7,0,2,3,4,5,5
20243,A,골목상권,3110949,한남IC,1357,810,547,0,283,411,347,207,109,0,110,251,233,136,80,0,173,160,114,71,29
20243,A,골목상권,3110950,논현역 7번,638,376,262,0,167,191,137,89,54,0,72,114,93,57,40,0,95,77,44,32,14
20243,A,골목상권,3110951,신사은행나무공원,522,309,213,0,106,158,134,81,43,0,40,96,89,52,32,0,66,62,45,29,11
20243,A,골목상권,3110952,논현목련공원,116,70,46,0,30,37,24,17,8,0,13,22,17,11,7,0,17,15,7,6,1
20243,A,골목상권,3110953,학동근린공원,1514,889,625,0,397,458,323,207,129,0,169,272,218,135,95,0,228,186,105,72,34
20243,A,골목상권,3110954,국기원,566,336,230,0,116,173,146,98,33,0,56,108,96,53,23,0,60,65,50,45,10
20243,A,골목상권,3110955,논현초등학교,1354,799,555,0,359,411,288,188,108,0,153,248,196,121,81,0,206,163,92,67,27
20243,A,골목상권,3110956,언주역 8번,830,489,341,0,169,253,215,144,49,0,80,156,139,79,35,0,89,97,76,65,14
20243,A,골목상권,3110957,언북중학교,2231,1430,801,0,427,651,540,361,252,0,186,388,384,276,196,0,241,263,156,85,56
20243,A,골목상권,3110958,역삼역 4번,1147,679,468,0,227,352,297,202,69,0,109,219,193,108,50,0,118,133,104,94,19
20243,A,골목상권,3110959,신구중학교,674,380,294,1,150,211,156,101,55,0,56,119,105,66,34,1,94,92,51,35,21
20243,A,골목상권,3110960,은광여고,886,627,259,1,152,207,247,224,55,1,77,135,185,184,45,0,75,72,62,40,10
20243,A,골목상권,3110961,언주역 3번,1501,962,539,0,287,437,362,244,171,0,125,262,258,186,131,0,162,175,104,58,40
20243,A,골목상권,3110962,도산공원북측,390,220,170,1,87,122,89,59,32,0,33,69,60,39,19,1,54,53,29,20,13
20243,A,골목상권,3110963,역삼월드메르디앙아파트,515,306,209,0,106,158,132,89,30,0,50,99,87,48,22,0,56,59,45,41,8
20243,A,골목상권,3110964,싸리고개근린공원,769,545,224,1,131,179,215,196,47,1,66,117,162,160,39,0,65,62,53,36,8
20243,A,골목상권,3110965,언주역 6번,803,478,325,0,163,247,207,140,46,0,77,155,136,76,34,0,86,92,71,64,12
20243,A,골목상권,3110966,논현2동주민센터,1852,1187,665,0,355,537,451,303,206,0,154,323,320,230,160,0,201,214,131,73,46
20243,A,골목상권,3110967,역삼역 8번,753,446,307,0,153,231,193,132,44,0,74,144,126,72,30,0,79,87,67,60,14
20243,A,골목상권,3110968,강남구청역 2번,1346,864,482,0,258,391,326,219,152,0,113,234,233,167,117,0,145,157,93,52,35
20243,A,골목상권,3110969,베르사이유1아파트,1874,1111,763,1,433,522,446,334,138,0,208,334,297,175,97,1,225,188,149,159,41
20243,A,골목상권,3110970,학동초등학교,1115,717,398,0,214,322,271,179,129,0,93,194,193,138,99,0,121,128,78,41,30
20243,A,골목상권,3110971,선정릉역 4번,1823,1081,742,1,369,556,471,318,108,0,177,349,307,171,77,1,192,207,164,147,31
20243,A,골목상권,3110972,강남세브란스병원미래의학연구센터,759,450,309,1,175,212,182,133,56,0,85,135,121,70,39,1,90,77,61,63,17
20243,A,골목상권,3110973,강남구청역 4번,2298,1320,978,0,481,760,574,344,139,0,181,435,379,228,97,0,300,325,195,116,42
20243,A,골목상권,3110974,언주중학교,380,220,160,0,77,125,95,54,29,0,31,74,64,31,20,0,46,51,31,23,9
20243,A,골목상권,3110975,매봉역 1번,1008,716,292,2,172,235,281,255,63,2,87,155,212,209,51,0,85,80,69,46,12
20243,A,골목상권,3110976,언북초등학교,860,489,371,0,179,285,216,128,52,0,66,163,141,84,35,0,113,122,75,44,17
20243,A,골목상권,3110977,논현로18길,256,185,71,0,32,57,72,62,33,0,16,38,55,48,28,0,16,19,17,14,5
20243,A,골목상권,3110978,도곡2동주민센터(대치중학교),1524,1042,482,7,292,598,438,158,31,4,156,410,337,115,20,3,136,188,101,43,11
20243,A,골목상권,3110979,청담초등학교,426,245,181,0,91,142,106,65,22,0,35,82,69,43,16,0,56,60,37,22,6
20243,A,골목상권,3110980,개포지구대옆,429,311,118,0,52,99,123,101,54,0,26,64,94,80,47,0,26,35,29,21,7
20243,A,골목상권,3110981,국악고교사거리,732,527,205,0,86,167,209,176,94,0,43,112,157,137,78,0,43,55,52,39,16
20243,A,골목상권,3110982,강남구보훈회관,482,276,206,0,96,157,124,68,37,0,40,92,82,38,24,0,56,65,42,30,13
20243,A,골목상권,3110983,국립국악고등학교,600,431,169,0,72,139,168,144,77,0,36,91,128,112,64,0,36,48,40,32,13
20243,A,골목상권,3110984,포이초등학교(개포목련어린이공원),1395,1012,383,0,171,315,395,334,180,0,85,213,300,262,152,0,86,102,95,72,28
20243,A,골목상권,3110985,청담근린공원,1065,613,452,0,224,353,266,159,63,0,85,202,175,107,44,0,139,151,91,52,19
20243,A,골목상권,3110986,삼성중앙역 7번,222,128,94,0,45,71,57,31,18,0,19,41,38,18,12,0,26,30,19,13,6
20243,A,골목상권,3110987,영동대교남단,248,142,106,0,52,82,62,38,14,0,20,47,40,25,10,0,32,35,22,13,4
20243,A,골목상권,3110988,청담역 3번,975,659,316,0,196,293,264,174,48,0,106,194,193,136,30,0,90,99,71,38,18
20243,A,골목상권,3110989,대치동아우편취급국,876,539,337,1,139,262,239,149,86,0,60,158,163,105,53,1,79,104,76,44,33
20243,A,골목상권,3110990,청담역 12번,311,179,132,0,66,103,77,47,18,0,25,59,51,31,13,0,41,44,26,16,5
20243,A,골목상권,3110991,삼성중앙역 5번,2602,1756,846,6,525,779,698,461,133,3,282,515,514,362,80,3,243,264,184,99,53
20243,A,골목상권,3110992,도곡초등학교,1109,684,425,1,177,333,300,191,107,0,75,201,207,134,67,1,102,132,93,57,40
20243,A,골목상권,3110993,개포지하차도 북측,1310,805,505,5,206,347,341,271,140,2,93,192,235,183,100,3,113,155,106,88,40
20243,A,골목상권,3110994,개포고등학교,3473,2277,1196,0,611,992,832,644,394,0,327,662,573,411,304,0,284,330,259,233,90
20243,A,골목상권,3110995,봉은사역 4번,5695,3847,1848,10,1148,1710,1526,1013,288,5,615,1132,1127,795,173,5,533,578,399,218,115
20243,A,골목상권,3110996,대치2동주민센터,1379,773,606,6,252,379,316,261,165,2,116,233,204,135,83,4,136,146,112,126,82
20243,A,골목상권,3110997,대청초등학교,1322,732,590,0,161,248,310,293,310,0,69,132,160,154,217,0,92,116,150,139,93
20243,A,골목상권,3110998,은곡마을(은곡마을공원),52,33,19,0,1,9,10,17,15,0,0,5,6,11,11,0,1,4,4,6,4
20243,A,골목상권,3110999,윗방죽마을공원,91,58,33,0,2,15,18,30,26,0,1,8,11,19,19,0,1,7,7,11,7
20243,A,골목상권,3111000,대왕초등학교(세곡동사거리서남측),12,10,2,0,0,0,2,6,4,0,0,0,2,4,4,0,0,0,0,2,0
20243,A,골목상권,3111001,아래방죽마을공원(율현초등학교),37,22,15,0,1,6,8,12,10,0,0,3,5,7,7,0,1,3,3,5,3
20243,A,골목상권,3111002,한국교통안전공단 강남자동차검사소,32,19,13,0,0,6,7,10,9,0,0,3,4,6,6,0,0,3,3,4,3
20243,A,골목상권,3111003,삼전역 4번,2183,1398,785,0,293,422,512,486,470,0,127,257,321,334,359,0,166,165,191,152,111
20243,A,골목상권,3111004,삼전역 1번,2225,1423,802,0,303,427,522,495,478,0,132,259,328,340,364,0,171,168,194,155,114
20243,A,골목상권,3111005,삼전역 3번,775,514,261,0,91,177,175,160,172,0,51,113,112,96,142,0,40,64,63,64,30
20243,A,골목상권,3111006,석촌고분역 1번,1359,916,443,0,163,309,305,276,306,0,94,201,198,169,254,0,69,108,107,107,52
20243,A,골목상권,3111007,석촌고분역 4번,671,454,217,0,78,152,152,136,153,0,46,99,99,83,127,0,32,53,53,53,26
20243,A,골목상권,3111008,석촌고분역 3번,326,218,108,0,39,77,76,64,70,0,23,56,52,38,49,0,16,21,24,26,21
20243,A,골목상권,3111009,송파책박물관,135,88,47,0,17,31,30,28,29,0,9,22,21,16,20,0,8,9,9,12,9
20243,A,골목상권,3111010,석촌역 7번,1221,809,412,0,147,276,285,254,259,0,86,200,191,149,183,0,61,76,94,105,76
20243,A,골목상권,3111011,잠실나루역,4260,3421,839,21,570,1338,1237,902,192,9,410,1097,1020,736,149,12,160,241,217,166,43
20243,A,골목상권,3111012,석촌역 6번,443,291,152,0,55,102,106,89,91,0,33,74,71,50,63,0,22,28,35,39,28
20243,A,골목상권,3111013,송파나루역 1번(송리단길),7331,4578,2753,0,1039,1648,1820,1597,1227,0,443,976,1182,1073,904,0,596,672,638,524,323
20243,A,골목상권,3111014,송파나루역 2번,709,407,302,0,114,184,160,150,101,0,65,119,97,71,55,0,49,65,63,79,46
20243,A,골목상권,3111015,석촌역 3번,4243,2648,1595,0,604,953,1054,922,710,0,259,561,685,620,523,0,345,392,369,302,187
20243,A,골목상권,3111016,송파역 2번,2582,1629,953,3,412,642,677,615,233,3,199,407,488,385,147,0,213,235,189,230,86
20243,A,골목상권,3111017,송파나루역 3번,615,353,262,0,100,157,139,132,87,0,56,102,85,62,48,0,44,55,54,70,39
20243,A,골목상권,3111018,풍납초등학교(풍납백제문화공원),103,62,41,0,12,23,29,29,10,0,7,13,16,16,10,0,5,10,13,13,0
20243,A,골목상권,3111019,한성백제역 3번,1812,1042,770,0,293,469,407,385,258,0,165,306,249,181,141,0,128,163,158,204,117
20243,A,골목상권,3111020,방이동고분군(방산고등학교),777,570,207,0,79,153,205,208,132,0,38,97,153,167,115,0,41,56,52,41,17
20243,A,골목상권,3111021,방이역 4번,6209,4551,1658,0,646,1217,1632,1663,1051,0,311,777,1218,1333,912,0,335,440,414,330,139
20243,A,골목상권,3111022,석촌중학교(방이육교),857,522,335,0,115,209,194,171,168,0,56,130,131,100,105,0,59,79,63,71,63
20243,A,골목상권,3111023,문정역 1번,5120,3957,1163,0,467,956,1474,1933,290,0,276,691,1147,1656,187,0,191,265,327,277,103
20243,A,골목상권,3111024,경찰병원역 4번(건너말공원),1327,800,527,0,181,320,305,259,262,0,87,198,204,150,161,0,94,122,101,109,101
20243,A,골목상권,3111025,경찰병원역 3번,299,203,96,0,38,64,59,57,81,0,23,44,39,34,63,0,15,20,20,23,18
20243,A,골목상권,3111026,문정역 2번,5121,3914,1207,0,473,943,1453,1884,368,0,276,677,1119,1595,247,0,197,266,334,289,121
20243,A,골목상권,3111027,문정초등학교,7106,5489,1617,0,645,1325,2050,2681,405,0,379,954,1595,2298,263,0,266,371,455,383,142
20243,A,골목상권,3111028,문현중학교(장지역 1번),571,385,186,0,61,92,136,152,130,0,33,61,89,105,97,0,28,31,47,47,33
20243,A,골목상권,3111029,오금역 4번,714,477,237,0,95,152,142,135,190,0,56,103,93,80,145,0,39,49,49,55,45
20243,A,골목상권,3111030,방이역 2번,4355,3038,1317,0,577,1035,1103,1052,588,0,339,697,811,793,398,0,238,338,292,259,190
20243,A,골목상권,3111031,장지동주민센터(한림연예예술고교),1587,1077,510,0,173,253,377,416,368,0,96,168,251,290,272,0,77,85,126,126,96
20243,A,골목상권,3111032,방이역 1번,4019,2802,1217,0,535,955,1017,968,544,0,313,643,747,730,369,0,222,312,270,238,175
20243,A,골목상권,3111033,문정동성당,231,158,73,0,25,37,55,61,53,0,13,25,37,43,40,0,12,12,18,18,13
20243,A,골목상권,3111034,오동나무공원(송파레미니스1단지),2171,1513,658,0,287,515,556,522,291,0,168,347,406,395,197,0,119,168,150,127,94
20243,A,골목상권,3111035,오금공원(오주중학교),934,653,281,0,125,223,237,224,125,0,73,150,174,170,86,0,52,73,63,54,39
20243,A,골목상권,3111036,투구봉어린이공원,567,378,189,0,75,121,114,105,152,0,44,82,75,62,115,0,31,39,39,43,37
20243,A,골목상권,3111037,Sh수협은행 오금동금융센터(아랫말어린이공원),584,408,176,0,78,140,146,141,79,0,45,95,108,107,53,0,33,45,38,34,26
20243,A,골목상권,3111038,보인중학교,1817,1266,551,0,242,431,457,439,248,0,142,290,337,330,167,0,100,141,120,109,81
20243,A,골목상권,3111039,벌말어린이공원,825,579,246,0,112,198,205,196,114,0,66,132,153,150,78,0,46,66,52,46,36
20243,A,골목상권,3111040,거여초등학교,454,318,136,0,61,109,114,106,64,0,37,72,84,81,44,0,24,37,30,25,20
20243,A,골목상권,3111041,거여역 8번,116,86,30,0,29,34,28,15,10,0,20,27,21,11,7,0,9,7,7,4,3
20243,A,골목상권,3111042,거여역 1번(거여공원),1425,1073,352,0,359,413,347,188,118,0,251,332,268,130,92,0,108,81,79,58,26
20243,A,골목상권,3111043,마천공원,200,133,67,0,15,45,60,56,24,0,9,30,35,35,24,0,6,15,25,21,0
20243,A,골목상권,3111044,남천초등학교,524,347,177,0,32,124,157,148,63,0,21,81,92,90,63,0,11,43,65,58,0
20243,A,골목상권,3111045,개미어린이공원,57,31,26,0,5,9,17,18,8,0,4,5,9,9,4,0,1,4,8,9,4
20243,A,골목상권,3111046,마천역(마천초등학교),720,402,318,0,43,171,229,215,62,0,13,93,120,114,62,0,30,78,109,101,0
20243,A,골목상권,3111047,마천1치안센터,79,38,41,0,3,21,26,26,3,0,0,9,13,13,3,0,3,12,13,13,0
20243,A,골목상권,3111048,천호역 1번(천호문구완구거리),108,58,50,0,9,23,30,28,18,0,3,11,15,14,15,0,6,12,15,14,3
20243,A,골목상권,3111049,천호지구대(천호동자전거거리),175,91,84,0,18,39,45,42,31,0,6,18,22,21,24,0,12,21,23,21,7
20243,A,골목상권,3111050,강동구청(강동구청역 2번),236,161,75,0,26,50,51,62,47,0,15,32,33,45,36,0,11,18,18,17,11
20243,A,골목상권,3111051,천호역 6번,373,254,119,0,56,80,89,76,72,0,44,53,53,53,51,0,12,27,36,23,21
20243,A,골목상권,3111052,암사역 3번(천호동자전거거리),449,175,274,0,39,77,112,133,88,0,13,34,47,43,38,0,26,43,65,90,50
20243,A,골목상권,3111053,성내천어린이공원(하니사랑길),1741,1185,556,0,206,364,377,449,345,0,119,227,248,326,265,0,87,137,129,123,80
20243,A,골목상권,3111054,암사역 4번(삼성광나루아파트),246,91,155,0,25,40,59,73,49,0,8,19,25,21,18,0,17,21,34,52,31
20243,A,골목상권,3111055,선사초등학교,295,108,187,0,29,49,71,88,58,0,10,23,29,26,20,0,19,26,42,62,38
20243,A,골목상권,3111056,천호태영아파트,143,82,61,0,5,15,24,26,73,0,1,6,12,14,49,0,4,9,12,12,24
20243,A,골목상권,3111057,천호공원(해공체육문화센터),164,85,79,0,15,39,42,42,26,0,4,18,21,21,21,0,11,21,21,21,5
20243,A,골목상권,3111058,성내중학교,578,391,187,0,70,119,125,149,115,0,40,74,81,108,88,0,30,45,44,41,27
20243,A,골목상권,3111059,강동역 4번(강풀만화거리),728,484,244,0,116,153,173,145,141,0,86,100,101,100,97,0,30,53,72,45,44
20243,A,골목상권,3111060,암사역 2번(서울강동초등학교),359,185,174,0,36,78,94,89,62,0,12,35,47,44,47,0,24,43,47,45,15
20243,A,골목상권,3111061,암사역 1번,648,400,248,0,78,143,139,128,160,0,38,93,88,88,93,0,40,50,51,40,67
20243,A,골목상권,3111062,둔촌동역 3번(성내3동주민센터),743,455,288,0,101,168,189,157,128,0,53,109,116,90,87,0,48,59,73,67,41
20243,A,골목상권,3111063,강동구립 천호도서관,152,90,62,0,2,11,24,26,89,0,0,5,12,14,59,0,2,6,12,12,30
20243,A,골목상권,3111064,둔촌동역 4번,281,173,108,0,38,65,69,60,49,0,20,41,43,35,34,0,18,24,26,25,15
20243,A,골목상권,3111065,천일초등학교,342,204,138,0,25,58,85,82,92,0,8,30,43,51,72,0,17,28,42,31,20
20243,A,골목상권,3111066,암사동성당(효정하나플러스아파트),444,275,169,0,55,97,93,88,111,0,27,64,60,60,64,0,28,33,33,28,47
20243,A,골목상권,3111067,강동구립성내도서관,778,470,308,0,103,178,197,164,136,0,53,112,121,93,91,0,50,66,76,71,45
20243,A,골목상권,3111068,강동성심병원,1058,538,520,0,149,211,241,259,198,0,58,113,129,119,119,0,91,98,112,140,79
20243,A,골목상권,3111069,천호1동주민센터,972,571,401,0,75,176,245,237,239,0,22,91,124,146,188,0,53,85,121,91,51
20243,A,골목상권,3111070,천호초등학교,332,197,135,0,24,60,89,80,79,0,7,31,45,50,64,0,17,29,44,30,15
20243,A,골목상권,3111071,천동초등학교,42,22,20,0,5,8,10,11,8,0,2,5,5,5,5,0,3,3,5,6,3
20243,A,골목상권,3111072,굽은다리역 1번(십자성마을),811,474,337,0,54,133,189,186,249,0,16,67,95,112,184,0,38,66,94,74,65
20243,A,골목상권,3111073,둔촌동역 1번(한산중학교),1292,582,710,0,246,340,284,269,153,0,66,142,142,127,105,0,180,198,142,142,48
20243,A,골목상권,3111074,명일역 1번,157,91,66,0,23,38,37,30,29,0,11,24,24,17,15,0,12,14,13,13,14
20243,A,골목상권,3111075,굽은다리역 2번,917,537,380,0,72,168,232,225,220,0,21,87,117,139,173,0,51,81,115,86,47
20243,A,골목상권,3111076,둔촌2동주민센터,413,186,227,0,78,109,90,86,50,0,22,45,45,41,33,0,56,64,45,45,17
20243,A,골목상권,3111077,길동주민센터(강동도서관),1100,560,540,0,149,223,255,272,201,0,56,120,136,124,124,0,93,103,119,148,77
20243,A,골목상권,3111078,굽은다리역 4번,1147,585,562,0,160,233,263,280,211,0,61,126,143,128,127,0,99,107,120,152,84
20243,A,골목상권,3111079,둔촌고등학교(둔촌중학교),144,63,81,0,30,38,30,29,17,0,8,15,15,14,11,0,22,23,15,15,6
20243,A,골목상권,3111080,굽은다리역 3번,413,233,180,0,60,114,106,73,60,0,28,70,70,37,28,0,32,44,36,36,32
20243,A,골목상권,3111081,둔촌푸르지오아파트,117,53,64,0,22,31,25,25,14,0,6,13,12,12,10,0,16,18,13,13,4
20243,A,골목상권,3111082,중앙보훈병원,35,16,19,0,6,9,8,8,4,0,2,4,4,4,2,0,4,5,4,4,2
20243,A,골목상권,3111083,GS강동자이아파트,282,144,138,0,40,56,63,70,53,0,16,30,34,32,32,0,24,26,29,38,21
20243,A,골목상권,3111084,길동신동아아파트,81,41,40,0,11,17,19,19,15,0,4,9,10,9,9,0,7,8,9,10,6
20243,A,골목상권,3111085,묘곡초등학교(고덕아이파크아파트),653,337,316,0,74,143,169,156,111,0,33,80,82,71,71,0,41,63,87,85,40
20243,A,골목상권,3111086,한영중고,372,258,114,0,45,106,99,79,43,0,23,76,72,51,36,0,22,30,27,28,7
20243,A,골목상권,3111087,고덕중학교(고덕2동주민센터),171,107,64,0,7,21,39,61,43,0,0,9,22,41,35,0,7,12,17,20,8
20243,A,골목상권,3111088,고덕동성당,333,213,120,0,16,41,76,117,83,0,1,18,45,81,68,0,15,23,31,36,15
20243,A,골목상권,3111089,상일여고(상일초등학교),1339,678,661,0,197,302,328,352,160,0,71,151,196,159,101,0,126,151,132,193,59
20243,A,골목상권,3111090,강일동주민센터,149,100,49,0,20,31,43,38,17,0,10,22,28,25,15,0,10,9,15,13,2
20243,D,발달상권,3120001,서대문역,4709,2736,1973,8,807,1265,1191,981,457,2,294,687,768,654,331,6,513,578,423,327,126
20243,D,발달상권,3120002,서촌(경복궁역),2628,1674,954,0,424,756,758,491,199,0,182,470,543,348,131,0,242,286,215,143,68
20243,D,발달상권,3120003,광화문역,38360,23645,14715,73,5429,10972,11428,7400,3058,26,2289,6570,7686,5174,1900,47,3140,4402,3742,2226,1158
20243,D,발달상권,3120004,종로구청,5882,3243,2639,79,1192,1795,1615,921,280,35,518,902,947,650,191,44,674,893,668,271,89
20243,D,발달상권,3120005,삼청동,2512,2080,432,0,300,676,791,601,144,0,193,523,684,543,137,0,107,153,107,58,7
20243,D,발달상권,3120006,종각역,57398,31647,25751,754,11632,17529,15755,8995,2733,314,5063,8807,9245,6349,1869,440,6569,8722,6510,2646,864
20243,D,발달상권,3120007,북촌(안국역),10253,7712,2541,1,1107,3464,3092,1976,613,1,588,2551,2447,1642,483,0,519,913,645,334,130
20243,D,발달상권,3120008,인사동,11422,6296,5126,152,2318,3483,3138,1791,540,65,1009,1749,1842,1262,369,87,1309,1734,1296,529,171
20243,D,발달상권,3120009,종로3가역,21806,12015,9791,271,4427,6669,5994,3420,1025,108,1931,3351,3509,2411,705,163,2496,3318,2485,1009,320
20243,D,발달상권,3120010,원남동사거리,3914,2192,1722,53,811,1187,1064,608,191,18,350,615,641,436,132,35,461,572,423,172,59
20243,D,발달상권,3120011,종로4가,6431,3548,2883,83,1304,1962,1766,1009,307,35,569,985,1036,713,210,48,735,977,730,296,97
20243,D,발달상권,3120012,대학로(혜화역),2452,1237,1215,0,392,650,609,500,301,0,129,311,332,279,186,0,263,339,277,221,115
20243,D,발달상권,3120013,이화사거리,3259,2014,1245,68,742,931,808,510,200,13,304,583,580,391,143,55,438,348,228,119,57
20243,D,발달상권,3120014,종로5가역,5661,3536,2125,134,1333,1634,1393,858,309,27,553,1051,1019,667,219,107,780,583,374,191,90
20243,D,발달상권,3120015,종로6가,1799,1123,676,38,421,523,444,274,99,7,175,334,325,212,70,31,246,189,119,62,29
20243,D,발달상권,3120016,동대문역,508,213,295,0,14,86,172,147,89,0,0,20,56,67,70,0,14,66,116,80,19
20243,D,발달상권,3120017,동묘앞역(동묘),730,322,408,0,41,126,231,195,137,0,10,39,82,94,97,0,31,87,149,101,40
20243,D,발달상권,3120018,중림동,3460,1975,1485,0,671,1081,910,532,266,0,305,596,523,356,195,0,366,485,387,176,71
20243,D,발달상권,3120019,경찰청앞교차로,9721,5312,4409,42,2546,2974,2210,1457,492,11,857,1526,1543,1037,338,31,1689,1448,667,420,154
20243,D,발달상권,3120020,시청역_1번,6139,3260,2879,31,1776,1939,1351,812,230,8,577,965,964,593,153,23,1199,974,387,219,77
20243,D,발달상권,3120021,시청역_8번,21030,11166,9864,110,6085,6639,4627,2782,787,28,1978,3303,3301,2031,525,82,4107,3336,1326,751,262
20243,D,발달상권,3120022,북창동(시청역_6번),21826,11580,10246,108,6318,6892,4804,2890,814,24,2054,3426,3424,2110,542,84,4264,3466,1380,780,272
20243,D,발달상권,3120023,서울시청,16607,9615,6992,4,2719,5599,4509,2960,816,0,1085,2886,2906,2183,555,4,1634,2713,1603,777,261
20243,D,발달상권,3120024,회현역,3623,2239,1384,4,679,1281,996,528,135,0,317,764,649,415,94,4,362,517,347,113,41
20243,D,발달상권,3120025,롯데백화점(시청광장 지하쇼핑센터),26448,14128,12320,130,7428,8388,5910,3580,1012,34,2436,4184,4182,2616,676,96,4992,4204,1728,964,336
20243,D,발달상권,3120026,을지로입구역,46574,26960,19614,14,7626,15692,12648,8302,2292,0,3044,8086,8150,6120,1560,14,4582,7606,4498,2182,732
20243,D,발달상권,3120027,명동역(명동재미로),15672,9554,6118,26,2856,5484,4286,2391,629,6,1295,3175,2786,1854,438,20,1561,2309,1500,537,191
20243,D,발달상권,3120028,명동(명동거리),37678,21392,16286,44,7248,12518,9788,6316,1764,12,2712,6398,6434,4646,1190,32,4536,6120,3354,1670,574
20243,D,발달상권,3120029,을지로2가,14648,8482,6166,4,2398,4936,3976,2608,726,0,958,2544,2562,1924,494,4,1440,2392,1414,684,232
20243,D,발달상권,3120030,중부경찰서(영화인의거리),8033,4155,3878,0,1437,2147,2194,1580,675,0,457,1110,1211,921,456,0,980,1037,983,659,219
20243,D,발달상권,3120031,을지로3가역,13849,7839,6010,4,2668,4198,3493,2448,1038,1,908,2210,2256,1754,710,3,1760,1988,1237,694,328
20243,D,발달상권,3120032,충무로역,11005,5298,5707,21,2001,2812,3084,2232,855,7,770,1460,1533,1022,506,14,1231,1352,1551,1210,349
20243,D,발달상권,3120033,을지로4가역,3572,1939,1633,2,873,870,780,623,424,1,241,482,504,419,292,1,632,388,276,204,132
20243,D,발달상권,3120034,중구청(퇴계로4가),4868,2427,2441,42,1395,1280,1003,771,377,17,677,746,580,263,144,25,718,534,423,508,233
20243,D,발달상권,3120035,퇴계로5가,2173,1086,1087,16,613,574,458,349,163,6,293,332,265,126,64,10,320,242,193,223,99
20243,D,발달상권,3120036,장충동족발거리(남소영길),1427,755,672,1,328,392,369,274,63,0,116,219,219,158,43,1,212,173,150,116,20
20243,D,발달상권,3120037,동대문역사문화공원역,22382,11180,11202,192,6380,5877,4622,3563,1748,77,3058,3413,2671,1267,694,115,3322,2464,1951,2296,1054
20243,D,발달상권,3120038,약수역,8336,3963,4373,9,1357,2862,2183,1326,599,0,461,1294,1010,787,411,9,896,1568,1173,539,188
20243,D,발달상권,3120039,신당역,2230,1186,1044,0,581,484,460,425,280,0,246,237,234,270,199,0,335,247,226,155,81
20243,D,발달상권,3120040,용산전자상가(용산역),11149,5972,5177,15,2173,3437,3154,1699,671,6,945,1767,1712,1076,466,9,1228,1670,1442,623,205
20243,D,발달상권,3120041,신용산역(용산역),28326,13991,14335,43,5789,8862,8100,4161,1371,19,2358,4151,4030,2531,902,24,3431,4711,4070,1630,469
20243,D,발달상권,3120042,"숙대입구역(남영역, 남영동)",4057,1709,2348,31,1542,1001,774,523,186,1,291,537,458,281,141,30,1251,464,316,242,45
20243,D,발달상권,3120043,서울역,32080,19193,12887,87,6645,10988,8517,4607,1236,16,2758,6509,5513,3525,872,71,3887,4479,3004,1082,364
20243,D,발달상권,3120044,삼각지역,2454,1213,1241,0,503,768,703,363,117,0,206,360,350,220,77,0,297,408,353,143,40
20243,D,발달상권,3120045,남영동 먹자골목,3209,1351,1858,25,1220,793,609,413,149,0,230,426,361,222,112,25,990,367,248,191,37
20243,D,발달상권,3120046,이태원(이태원역),18161,10121,8040,4,4396,6314,4061,2724,662,4,1408,3175,2736,2258,540,0,2988,3139,1325,466,122
20243,D,발달상권,3120047,한남오거리,8200,6010,2190,5,1358,2427,2161,1885,364,5,647,1616,1751,1693,298,0,711,811,410,192,66
20243,D,발달상권,3120048,금호역,326,194,132,0,38,70,90,79,49,0,12,34,58,49,41,0,26,36,32,30,8
20243,D,발달상권,3120049,왕십리역(왕십리),1223,745,478,0,160,244,305,339,175,0,68,149,198,223,107,0,92,95,107,116,68
20243,D,발달상권,3120050,서울숲역,954,593,361,0,118,200,215,257,164,0,54,124,137,174,104,0,64,76,78,83,60
20243,D,발달상권,3120051,뚝섬역,6487,4260,2227,5,1053,1538,1537,1349,1005,5,596,1027,1022,868,742,0,457,511,515,481,263
20243,D,발달상권,3120052,성수역,15712,10067,5645,21,2591,4003,3929,3153,2015,21,1435,2673,2644,1903,1391,0,1156,1330,1285,1250,624
20243,D,발달상권,3120053,건대입구역(건대),1335,959,376,0,145,293,365,369,163,0,78,198,265,272,146,0,67,95,100,97,17
20243,D,발달상권,3120054,어린이대공원역,330,196,134,0,38,64,79,88,61,0,11,35,48,55,47,0,27,29,31,33,14
20243,D,발달상권,3120055,군자역,2856,1571,1285,5,509,593,668,659,422,0,240,332,367,329,303,5,269,261,301,330,119
20243,D,발달상권,3120056,구의역,4698,3489,1209,0,409,800,1284,1707,498,0,196,497,947,1421,428,0,213,303,337,286,70
20243,D,발달상권,3120057,아차산역,1950,1155,795,0,282,388,505,498,277,0,130,210,303,302,210,0,152,178,202,196,67
20243,D,발달상권,3120058,구의사거리,896,548,348,0,118,196,233,223,126,0,64,120,145,134,85,0,54,76,88,89,41
20243,D,발달상권,3120059,구삼강변맛길,2312,1409,903,0,274,486,558,582,412,0,156,340,376,302,235,0,118,146,182,280,177
20243,D,발달상권,3120060,강변역(테크노마트),3399,2072,1327,0,399,716,820,859,605,0,227,501,556,444,344,0,172,215,264,415,261
20243,D,발달상권,3120061,올림픽대교북단,913,554,359,2,180,213,203,194,121,0,92,144,137,108,73,2,88,69,66,86,48
20243,D,발달상권,3120062,신설동역,5763,2969,2794,0,725,1245,1416,1408,969,0,323,699,751,668,528,0,402,546,665,740,441
20243,D,발달상권,3120063,청량리역(청량리),1166,669,497,0,178,310,252,253,173,0,69,182,158,157,103,0,109,128,94,96,70
20243,D,발달상권,3120064,경희대학교(경희대),19,8,11,0,0,4,7,5,3,0,0,0,3,2,3,0,0,4,4,3,0
20243,D,발달상권,3120065,회기역,729,428,301,0,70,152,190,186,131,0,18,89,118,123,80,0,52,63,72,63,51
20243,D,발달상권,3120066,장한평역(장한평),8059,5114,2945,4,1266,1735,1740,1686,1628,0,706,1137,1115,1034,1122,4,560,598,625,652,506
20243,D,발달상권,3120067,장안동사거리,2901,1661,1240,0,711,568,605,579,438,0,381,341,318,310,311,0,330,227,287,269,127
20243,D,발달상권,3120068,사가정역,290,176,114,0,22,49,79,87,53,0,3,23,45,58,47,0,19,26,34,29,6
20243,D,발달상권,3120069,상봉역,1821,1288,533,0,212,411,524,450,224,0,129,283,339,327,210,0,83,128,185,123,14
20243,D,발달상권,3120070,한성대입구역,2838,2048,790,0,360,699,828,801,150,0,189,459,614,686,100,0,171,240,214,115,50
20243,D,발달상권,3120071,성북구청,1650,825,825,0,174,396,501,413,166,0,57,169,241,260,98,0,117,227,260,153,68
20243,D,발달상권,3120072,성신여대,2452,1217,1235,0,304,518,571,634,425,0,88,223,280,355,271,0,216,295,291,279,154
20243,D,발달상권,3120073,미아사거리,210,80,130,0,12,42,65,65,26,0,3,13,31,20,13,0,9,29,34,45,13
20243,D,발달상권,3120074,안암역,233,157,76,0,29,64,68,51,21,0,15,40,43,39,20,0,14,24,25,12,1
20243,D,발달상권,3120075,월곡역,1242,788,454,0,198,354,303,218,169,0,99,232,183,130,144,0,99,122,120,88,25
20243,D,발달상권,3120076,수유역,3222,1818,1404,0,292,715,777,906,532,0,100,371,420,576,351,0,192,344,357,330,181
20243,D,발달상권,3120077,미아역,1679,962,717,0,126,292,512,503,246,0,41,142,284,312,183,0,85,150,228,191,63
20243,D,발달상권,3120078,미아사거리역,501,244,257,0,32,80,160,140,89,0,7,30,67,67,73,0,25,50,93,73,16
20243,D,발달상권,3120079,창동역,2805,1775,1030,0,311,598,689,656,551,0,152,386,448,391,398,0,159,212,241,265,153
20243,D,발달상권,3120080,마들역,1451,858,593,0,190,386,361,380,134,0,90,244,190,237,97,0,100,142,171,143,37
20243,D,발달상권,3120081,노원역,7613,3417,4196,0,1048,1712,1969,1963,921,0,272,696,888,1036,525,0,776,1016,1081,927,396
20243,D,발달상권,3120082,상계백병원,970,429,541,0,136,228,250,248,108,0,35,87,113,133,61,0,101,141,137,115,47
20243,D,발달상권,3120083,등나무근린공원,906,504,402,0,122,235,231,231,87,0,73,139,118,120,54,0,49,96,113,111,33
20243,D,발달상권,3120084,공릉역,2344,1266,1078,0,251,360,510,648,575,0,113,196,253,337,367,0,138,164,257,311,208
20243,D,발달상권,3120085,은행사거리,1595,842,753,0,197,342,453,425,178,0,88,182,225,218,129,0,109,160,228,207,49
20243,D,발달상권,3120086,태릉입구역,2751,1485,1266,0,293,421,599,761,677,0,133,228,297,395,432,0,160,193,302,366,245
20243,D,발달상권,3120087,응암역,365,194,171,0,37,73,87,90,78,0,13,36,46,44,55,0,24,37,41,46,23
20243,D,발달상권,3120088,구산역,1202,623,579,0,133,236,302,342,189,0,54,118,144,178,129,0,79,118,158,164,60
20243,D,발달상권,3120089,구파발역,561,296,265,0,49,142,157,139,74,0,21,90,90,57,38,0,28,52,67,82,36
20243,D,발달상권,3120090,연신내역,1893,891,1002,0,164,348,402,428,551,0,52,168,174,184,313,0,112,180,228,244,238
20243,D,발달상권,3120091,본서부병원,965,530,435,0,99,174,237,231,224,0,43,84,121,121,161,0,56,90,116,110,63
20243,D,발달상권,3120092,불광역,259,132,127,0,25,59,71,65,39,0,9,28,34,33,28,0,16,31,37,32,11
20243,D,발달상권,3120093,연희동,6402,4240,2162,0,1013,1599,1378,1793,619,0,566,1073,866,1290,445,0,447,526,512,503,174
20243,D,발달상권,3120094,"신촌역(신촌역, 신촌로터리)",2685,1373,1312,0,687,710,571,466,251,0,264,343,305,281,180,0,423,367,266,185,71
20243,D,발달상권,3120095,홍제역,1750,891,859,0,186,269,444,569,282,0,49,125,229,314,174,0,137,144,215,255,108
20243,D,발달상권,3120096,"이화여대(이대역, 이대)",511,284,227,0,132,125,108,98,48,0,51,66,63,66,38,0,81,59,45,32,10
20243,D,발달상권,3120097,충정로역,3813,2377,1436,0,473,975,1014,907,444,0,223,592,644,598,320,0,250,383,370,309,124
20243,D,발달상권,3120098,DMC(디지털미디어시티),12628,7785,4843,18,2668,4623,3446,1418,455,7,1170,2924,2294,1006,384,11,1498,1699,1152,412,71
20243,D,발달상권,3120100,망원역,1441,781,660,0,355,405,318,225,138,0,184,211,165,127,94,0,171,194,153,98,44
20243,D,발달상권,3120101,합정역,4440,2389,2051,0,822,1276,1111,772,459,0,324,632,659,466,308,0,498,644,452,306,151
20243,D,발달상권,3120102,서교동(홍대),5120,2617,2503,0,1069,1444,1189,843,575,0,440,722,654,444,357,0,629,722,535,399,218
20243,D,발달상권,3120103,홍대입구역(홍대),7326,3768,3558,0,1513,2061,1717,1220,815,0,618,1032,954,654,510,0,895,1029,763,566,305
20243,D,발달상권,3120104,연남동(홍대),5236,2866,2370,0,1016,1404,1251,950,615,0,422,715,707,566,456,0,594,689,544,384,159
20243,D,발달상권,3120105,상수역(홍대),1407,891,516,0,239,344,339,278,207,0,118,205,226,186,156,0,121,139,113,92,51
20243,D,발달상권,3120106,마포역,11550,6930,4620,0,1852,2838,2801,2402,1657,0,931,1782,1852,1340,1025,0,921,1056,949,1062,632
20243,D,발달상권,3120107,공덕역(공덕오거리),16461,9609,6852,3,3177,4479,4344,3143,1315,0,1416,2611,2736,1971,875,3,1761,1868,1608,1172,440
20243,D,발달상권,3120108,신정네거리역,2976,1788,1188,3,412,601,705,664,591,3,158,351,407,387,482,0,254,250,298,277,109
20243,D,발달상권,3120109,서울남부지방법원,4153,2382,1771,11,717,919,943,884,679,11,260,531,540,501,539,0,457,388,403,383,140
20243,D,발달상권,3120110,목동역 8번출구,2458,1373,1085,0,407,442,482,523,604,0,115,219,253,285,501,0,292,223,229,238,103
20243,D,발달상권,3120111,목동사거리,1403,785,618,0,209,327,363,332,172,0,65,173,208,205,134,0,144,154,155,127,38
20243,D,발달상권,3120112,등촌역,2282,1298,984,0,342,531,572,506,331,0,140,302,330,300,226,0,202,229,242,206,105
20243,D,발달상권,3120113,오목교역,5666,3435,2231,1,1010,1712,1474,1070,399,0,436,1011,968,738,282,1,574,701,506,332,117
20243,D,발달상권,3120114,목동신시가지,20959,13148,7811,40,3516,5563,5152,4334,2354,21,1632,3493,3444,2966,1592,19,1884,2070,1708,1368,762
20243,D,발달상권,3120115,김포공항역(김포공항),1141,788,353,0,95,216,263,323,244,0,57,139,179,210,203,0,38,77,84,113,41
20243,D,발달상권,3120116,송정역,618,326,292,0,104,203,171,121,19,0,24,85,101,101,15,0,80,118,70,20,4
20243,D,발달상권,3120117,강서농산물도매시장,857,503,354,0,45,121,233,288,170,0,18,61,112,169,143,0,27,60,121,119,27
20243,D,발달상권,3120118,마곡역(마곡),2581,1529,1052,0,157,393,686,827,518,0,63,207,341,491,427,0,94,186,345,336,91
20243,D,발달상권,3120119,발산역(마곡),5497,3120,2377,0,549,1055,1314,1492,1087,0,234,583,729,828,746,0,315,472,585,664,341
20243,D,발달상권,3120120,화곡역,2125,1266,859,0,274,480,531,515,325,0,131,304,312,288,231,0,143,176,219,227,94
20243,D,발달상권,3120121,까치산역,852,476,376,0,88,196,224,215,129,0,38,110,119,124,85,0,50,86,105,91,44
20243,D,발달상권,3120122,강서구청,4545,2864,1681,0,637,1196,1154,1028,530,0,304,758,733,668,401,0,333,438,421,360,129
20243,D,발달상권,3120123,오류동역,1487,947,540,0,193,277,368,429,220,0,140,188,219,245,155,0,53,89,149,184,65
20243,D,발달상권,3120124,개봉동 현대아파트,2269,1187,1082,0,379,555,554,532,249,0,212,354,267,204,150,0,167,201,287,328,99
20243,D,발달상권,3120125,구로역,13781,8707,5074,2,1861,3531,3451,3151,1785,1,853,2238,2217,2078,1320,1,1008,1293,1234,1073,465
20243,D,발달상권,3120126,디지털단지오거리,69,33,36,0,0,11,18,15,25,0,0,5,8,5,15,0,0,6,10,10,10
20243,D,발달상권,3120127,구로구청,3679,2292,1387,1,506,856,951,824,541,1,277,582,617,482,333,0,229,274,334,342,208
20243,D,발달상권,3120128,신도림역,10086,6566,3520,1,1595,2933,2505,1940,1112,1,718,2003,1767,1286,791,0,877,930,738,654,321
20243,D,발달상권,3120129,구로디지털단지,52270,34284,17986,177,10872,17624,13249,6493,3855,118,5498,11694,9340,4534,3100,59,5374,5930,3909,1959,755
20243,D,발달상권,3120130,구로디지털단지역,2591,1690,901,6,533,839,655,356,202,5,266,556,455,247,161,1,267,283,200,109,41
20243,D,발달상권,3120131,가산디지털단지,94290,62048,32242,283,18587,29322,23348,13811,8939,185,9862,19703,16846,9178,6274,98,8725,9619,6502,4633,2665
20243,D,발달상권,3120132,독산동,7523,4846,2677,0,598,1048,1287,1648,2942,0,356,695,822,1009,1964,0,242,353,465,639,978
20243,D,발달상권,3120133,서울시흥동우체국(홈플러스시흥점),369,200,169,0,55,88,87,93,46,0,25,44,44,53,34,0,30,44,43,40,12
20243,D,발달상권,3120134,구로전화국,1428,968,460,0,176,277,299,291,385,0,84,175,176,182,351,0,92,102,123,109,34
20243,D,발달상권,3120135,양평역,2933,1706,1227,2,582,681,654,589,425,0,298,436,392,303,277,2,284,245,262,286,148
20243,D,발달상권,3120136,영등포구청역,6427,3797,2630,2,1195,1645,1435,1242,908,0,554,984,880,742,637,2,641,661,555,500,271
20243,D,발달상권,3120137,문래역(문래로데오거리),3073,2234,839,1,476,1006,947,484,159,0,266,765,774,329,100,1,210,241,173,155,59
20243,D,발달상권,3120138,당산2동(영등포우체국),6419,4296,2123,0,1001,1450,1561,1423,984,0,508,905,1089,1042,752,0,493,545,472,381,232
20243,D,발달상권,3120139,대림3동사거리,2514,1639,875,0,244,531,656,606,477,0,125,374,472,384,284,0,119,157,184,222,193
20243,D,발달상권,3120140,문래동주민센터,29731,21614,8117,18,4597,9727,9169,4683,1537,4,2569,7399,7494,3179,969,14,2028,2328,1675,1504,568
20243,D,발달상권,3120141,영등포청과시장교차로,2012,1373,639,1,322,627,561,337,164,0,160,435,427,234,117,1,162,192,134,103,47
20243,D,발달상권,3120142,대림역,1789,1036,753,0,258,401,434,354,342,0,107,246,256,215,212,0,151,155,178,139,130
20243,D,발달상권,3120143,당산역,2927,1888,1039,0,474,697,737,614,405,0,231,431,486,431,309,0,243,266,251,183,96
20243,D,발달상권,3120144,영중로,2197,1230,967,0,403,548,523,436,287,0,148,305,326,257,194,0,255,243,197,179,93
20243,D,발달상권,3120145,영등포역(영등포),4813,2693,2120,0,882,1193,1147,954,637,0,324,663,715,562,429,0,558,530,432,392,208
20243,D,발달상권,3120146,한강성심병원,3432,1919,1513,0,628,853,817,680,454,0,231,477,508,398,305,0,397,376,309,282,149
20243,D,발달상권,3120147,보라매역,2226,1469,757,0,350,579,525,500,272,0,196,395,356,345,177,0,154,184,169,155,95
20243,D,발달상권,3120148,국회의사당역(국회의사당),69348,49208,20140,158,12751,24856,17832,10635,3116,58,7036,17767,13772,8463,2112,100,5715,7089,4060,2172,1004
20243,D,발달상권,3120149,여의도역(여의도),124394,88269,36125,287,22872,44586,31989,19073,5587,106,12625,31868,24706,15180,3784,181,10247,12718,7283,3893,1803
20243,D,발달상권,3120150,63빌딩,8016,5688,2328,18,1474,2872,2062,1230,360,6,814,2053,1592,979,244,12,660,819,470,251,116
20243,D,발달상권,3120151,보라매공원,14233,8396,5837,14,2272,3095,2962,3459,2431,7,1468,2048,1720,1710,1443,7,804,1047,1242,1749,988
20243,D,발달상권,3120152,신대방삼거리역,2652,1755,897,0,448,690,604,598,312,0,260,481,415,409,190,0,188,209,189,189,122
20243,D,발달상권,3120153,노량진역(노량진),4526,2436,2090,0,661,1218,1122,1002,523,0,316,602,590,593,335,0,345,616,532,409,188
20243,D,발달상권,3120154,장승배기역,408,212,196,0,42,99,112,106,49,0,19,53,59,53,28,0,23,46,53,53,21
20243,D,발달상권,3120155,총신대학교,262,141,121,0,30,66,80,66,20,0,12,30,41,38,20,0,18,36,39,28,0
20243,D,발달상권,3120156,"총신대입구역(이수, 총신대)",8189,4374,3815,0,1379,2181,2195,1558,876,0,520,1113,1175,952,614,0,859,1068,1020,606,262
20243,D,발달상권,3120157,신림역(신림),1383,710,673,0,148,244,306,321,364,0,28,110,161,154,257,0,120,134,145,167,107
20243,D,발달상권,3120158,녹두거리(대학동),330,248,82,0,39,81,93,86,31,0,25,53,73,67,30,0,14,28,20,19,1
20243,D,발달상권,3120159,서울대입구역,4574,2482,2092,0,707,1337,1052,953,525,0,297,698,556,563,368,0,410,639,496,390,157
20243,D,발달상권,3120160,사당역(사당),24945,12620,12325,0,4220,6391,6869,4800,2665,0,1542,3014,3347,2883,1834,0,2678,3377,3522,1917,831
20243,D,발달상권,3120161,방배동가구거리(사당동가구거리),4884,2705,2179,13,916,1261,1302,872,520,13,310,658,758,567,399,0,606,603,544,305,121
20243,D,발달상권,3120162,방배동카페골목,6308,3491,2817,14,1182,1631,1682,1128,671,14,401,850,980,733,513,0,781,781,702,395,158
20243,D,발달상권,3120163,사당역 11번(사당역먹자골목),1539,755,784,0,260,394,425,297,163,0,91,178,198,178,110,0,169,216,227,119,53
20243,D,발달상권,3120164,내방역,12693,8107,4586,15,2343,3696,3136,2368,1135,14,1049,2214,2208,1789,833,1,1294,1482,928,579,302
20243,D,발달상권,3120165,서래마을카페거리(서래마을),13336,11778,1558,1,1334,2834,3598,4961,608,0,1013,2359,3194,4717,495,1,321,475,404,244,113
20243,D,발달상권,3120166,방배역,10226,6746,3480,37,1854,3099,2607,1778,851,21,903,1912,1901,1370,639,16,951,1187,706,408,212
20243,D,발달상권,3120167,고속터미널(고속터미널역),31480,26298,5182,14,3457,7026,8348,10793,1842,5,2364,5524,7133,9936,1336,9,1093,1502,1215,857,506
20243,D,발달상권,3120168,서울고교교차로,2626,1560,1066,1,452,788,673,480,232,0,192,459,430,313,166,1,260,329,243,167,66
20243,D,발달상권,3120169,서초역,17754,10538,7216,4,3056,5326,4556,3243,1569,0,1292,3101,2911,2111,1123,4,1764,2225,1645,1132,446
20243,D,발달상권,3120170,삼호가든사거리,17577,15423,2154,3,1789,3783,4737,6455,810,0,1340,3124,4186,6115,658,3,449,659,551,340,152
20243,D,발달상권,3120171,서초3동사거리,10996,6530,4466,2,1898,3300,2820,2006,970,0,802,1924,1803,1307,694,2,1096,1376,1017,699,276
20243,D,발달상권,3120172,교대입구교차로,14627,8569,6058,2,2649,4250,3638,2876,1212,0,1076,2436,2279,1908,870,2,1573,1814,1359,968,342
20243,D,발달상권,3120173,교대역(법원.검찰청),31116,17843,13273,37,6052,8955,7528,6302,2242,15,2315,5044,4691,4175,1603,22,3737,3911,2837,2127,639
20243,D,발달상권,3120174,논현역 5번,933,540,393,0,194,276,231,144,88,0,77,162,153,90,58,0,117,114,78,54,30
20243,D,발달상권,3120175,남부터미널역,22549,12717,9832,2,4626,5969,5092,5323,1537,0,1695,3251,2994,3662,1115,2,2931,2718,2098,1661,422
20243,D,발달상권,3120176,논현역 4번,1124,695,429,0,202,381,284,171,86,0,94,249,192,94,66,0,108,132,92,77,20
20243,D,발달상권,3120177,신논현역 1번,1687,1044,643,0,304,569,426,259,129,0,143,373,286,142,100,0,161,196,140,117,29
20243,D,발달상권,3120178,신사역,16534,9674,6860,0,3831,4946,3870,2438,1449,0,1565,2936,2586,1559,1028,0,2266,2010,1284,879,421
20243,D,발달상권,3120179,양재역,25224,17117,8107,74,5006,7173,6497,4835,1639,37,2636,4795,4657,3747,1245,37,2370,2378,1840,1088,394
20243,D,발달상권,3120180,양재화물트럭터미널앞,5578,4193,1385,0,739,1368,1573,1475,423,0,448,1008,1209,1205,323,0,291,360,364,270,100
20243,D,발달상권,3120181,교육개발원입구사거리,5320,3432,1888,63,1248,1471,1206,797,535,30,631,988,850,531,402,33,617,483,356,266,133
20243,D,발달상권,3120182,"양재시민의숲역(양재동꽃시장, aT센터)",10223,7686,2537,0,1359,2506,2880,2704,774,0,823,1846,2214,2210,593,0,536,660,666,494,181
20243,D,발달상권,3120183,양재천카페거리,12783,8668,4115,72,2527,4792,3554,1416,422,42,1338,3276,2703,1013,296,30,1189,1516,851,403,126
20243,D,발달상권,3120184,포이사거리(삼호물산),21658,16181,5477,2,2836,5248,6109,5642,1821,1,1674,3818,4686,4582,1420,1,1162,1430,1423,1060,401
20243,D,발달상권,3120185,논현역,13739,8075,5664,0,3256,4164,3128,1997,1194,0,1378,2498,2096,1251,852,0,1878,1666,1032,746,342
20243,D,발달상권,3120186,가로수길,10275,6141,4134,0,2137,3109,2632,1568,829,0,832,1899,1762,1029,619,0,1305,1210,870,539,210
20243,D,발달상권,3120187,신논현역,21301,12471,8830,32,4506,6569,5182,3491,1521,12,1911,3936,3409,2111,1092,20,2595,2633,1773,1380,429
20243,D,발달상권,3120188,압구정역,12845,7450,5395,27,2763,3951,3119,1943,1042,8,1053,2314,2091,1274,710,19,1710,1637,1028,669,332
20243,D,발달상권,3120189,강남역,70610,43571,27039,123,14397,22236,17934,11768,4152,36,7062,14149,11942,7442,2940,87,7335,8087,5992,4326,1212
20243,D,발달상권,3120190,강남을지병원,14341,8532,5809,16,3182,4327,3363,2168,1285,4,1287,2554,2290,1475,922,12,1895,1773,1073,693,363
20243,D,발달상권,3120191,학동역,16809,10331,6478,0,3770,4967,3843,2544,1685,0,1622,2960,2668,1810,1271,0,2148,2007,1175,734,414
20243,D,발달상권,3120192,뱅뱅사거리,39698,25559,14139,59,7904,11941,10275,7203,2316,22,4050,7777,7063,4955,1692,37,3854,4164,3212,2248,624
20243,D,발달상권,3120193,도산공원교차로,9088,5471,3617,16,1880,2740,2145,1422,885,3,754,1588,1487,1012,627,13,1126,1152,658,410,258
20243,D,발달상권,3120194,언주역(차병원),11776,7141,4635,4,2470,3526,2879,1933,964,0,1121,2153,1942,1213,712,4,1349,1373,937,720,252
20243,D,발달상권,3120195,성수대교남단,8612,4840,3772,34,1913,2685,1981,1296,703,11,709,1509,1329,848,434,23,1204,1176,652,448,269
20243,D,발달상권,3120196,서울세관,8095,5186,2909,0,1554,2350,1961,1314,916,0,675,1407,1397,1002,705,0,879,943,564,312,211
20243,D,발달상권,3120197,역삼역,65824,38977,26847,99,13620,19746,16754,11531,4074,27,6532,12370,10972,6212,2864,72,7088,7376,5782,5319,1210
20243,D,발달상권,3120198,구역삼세무서,16095,9533,6562,25,3466,4707,4008,2829,1060,5,1666,2971,2638,1506,747,20,1800,1736,1370,1323,313
20243,D,발달상권,3120199,경복아파트교차로,5245,3206,2039,3,1041,1568,1319,892,422,0,482,964,891,557,312,3,559,604,428,335,110
20243,D,발달상권,3120200,학동사거리,14976,8764,6212,19,3129,4729,3613,2302,1184,4,1211,2717,2437,1570,825,15,1918,2012,1176,732,359
20243,D,발달상권,3120201,도곡1동,13779,9078,4701,20,2622,3558,3658,3035,886,13,1295,2292,2614,2187,677,7,1327,1266,1044,848,209
20243,D,발달상권,3120202,압구정로데오역(압구정로데오),12424,7024,5400,28,2712,3952,2927,1870,935,5,1011,2229,1956,1228,595,23,1701,1723,971,642,340
20243,D,발달상권,3120203,강남구청역,17297,10671,6626,2,3399,5251,4249,2705,1691,0,1428,3103,2947,1929,1264,2,1971,2148,1302,776,427
20243,D,발달상권,3120204,르네상스호텔사거리,27321,16185,11136,54,5932,7936,6759,4811,1829,16,2853,5017,4455,2557,1287,38,3079,2919,2304,2254,542
20243,D,발달상권,3120205,매봉역,99514,68026,31488,470,19044,39037,28552,10336,2075,299,10172,26732,21940,7516,1367,171,8872,12305,6612,2820,708
20243,D,발달상권,3120206,개나리아파트,7466,4426,3040,14,1722,2077,1775,1326,552,4,831,1329,1182,693,387,10,891,748,593,633,165
20243,D,발달상권,3120207,선정릉역,18321,10741,7580,13,3677,5819,4638,2719,1455,4,1565,3456,3116,1600,1000,9,2112,2363,1522,1119,455
20243,D,발달상권,3120208,청담사거리(청담동명품거리),17132,9820,7312,4,3573,5675,4261,2581,1038,0,1345,3240,2802,1707,726,4,2228,2435,1459,874,312
20243,D,발달상권,3120209,"강남구청(청담역_8번, 강남세무서)",7860,4812,3048,7,1611,2501,2021,1255,465,3,713,1516,1396,877,307,4,898,985,625,378,158
20243,D,발달상권,3120210,선릉역,56147,33213,22934,106,11569,16766,14119,9310,4277,26,5282,10327,9421,5273,2884,80,6287,6439,4698,4037,1393
20243,D,발달상권,3120211,도성초등학교,2471,1520,951,4,397,736,673,422,239,0,171,444,460,296,149,4,226,292,213,126,90
20243,D,발달상권,3120212,한티역,7305,4547,2758,22,1321,2491,1980,1032,459,10,613,1543,1374,703,304,12,708,948,606,329,155
20243,D,발달상권,3120213,삼성중앙역,19176,12407,6769,36,3862,5885,5062,3214,1117,17,1945,3764,3638,2351,692,19,1917,2121,1424,863,425
20243,D,발달상권,3120214,영동대교남단교차로,7246,4150,3096,4,1513,2397,1803,1090,439,0,571,1368,1185,720,306,4,942,1029,618,370,133
20243,D,발달상권,3120215,포스코사거리,71800,44341,27459,221,13696,21446,18426,12329,5682,86,6570,13418,12796,8178,3293,135,7126,8028,5630,4151,2389
20243,D,발달상권,3120216,경기고교사거리(경기고교앞사거리),6137,3653,2484,7,1272,1990,1552,960,356,2,523,1173,1049,664,242,5,749,817,503,296,114
20243,D,발달상권,3120217,대치사거리,5230,3052,2178,20,904,1488,1306,944,568,7,406,905,864,560,310,13,498,583,442,384,258
20243,D,발달상권,3120218,코엑스,61970,41816,20154,156,12484,18584,16598,11000,3148,78,6710,12284,12240,8624,1880,78,5774,6300,4358,2376,1268
20243,D,발달상권,3120219,은마아파트,8738,4853,3885,22,1556,2682,2168,1465,845,9,637,1462,1321,894,530,13,919,1220,847,571,315
20243,D,발달상권,3120220,대치역,9454,5080,4374,18,1727,3005,2330,1524,850,6,673,1542,1345,937,577,12,1054,1463,985,587,273
20243,D,발달상권,3120221,봉은사역,30199,20375,9824,76,6086,9057,8084,5360,1536,38,3271,5986,5961,4202,917,38,2815,3071,2123,1158,619
20243,D,발달상권,3120222,삼성역,111462,69985,41477,437,21558,32305,28160,20280,8722,200,10953,20743,19777,13619,4693,237,10605,11562,8383,6661,4029
20243,D,발달상권,3120223,휘문고교사거리,12183,6813,5370,74,2213,3351,2805,2296,1444,32,1019,2050,1803,1186,723,42,1194,1301,1002,1110,721
20243,D,발달상권,3120224,수서역,15898,8389,7509,16,2265,4281,4274,3160,1902,9,1013,2302,2241,1682,1142,7,1252,1979,2033,1478,760
20243,D,발달상권,3120225,잠실새내역(신천),10791,7056,3735,8,1729,2510,2651,2277,1616,5,911,1655,1752,1552,1181,3,818,855,899,725,435
20243,D,발달상권,3120226,석촌고분역,2514,1667,847,0,306,572,575,515,546,0,175,394,383,305,410,0,131,178,192,210,136
20243,D,발달상권,3120227,잠실역,79981,46170,33811,207,13297,20873,21936,18800,4868,77,6414,13306,13653,9201,3519,130,6883,7567,8283,9599,1349
20243,D,발달상권,3120228,석촌역(석촌호수),9069,5735,3334,0,1246,2040,2221,1949,1613,0,568,1265,1455,1273,1174,0,678,775,766,676,439
20243,D,발달상권,3120229,방이동먹자골목,18224,10466,7758,2,2947,4672,4115,3896,2592,2,1654,3035,2518,1826,1431,0,1293,1637,1597,2070,1161
20243,D,발달상권,3120230,송파사거리(송파역),1686,1072,614,0,243,399,421,378,245,0,121,261,290,232,168,0,122,138,131,146,77
20243,D,발달상권,3120231,가락시장,4765,3333,1432,0,324,885,1313,1366,877,0,218,677,967,897,574,0,106,208,346,469,303
20243,D,발달상권,3120232,송파나루역,2077,1266,811,0,306,487,503,448,333,0,143,296,322,275,230,0,163,191,181,173,103
20243,D,발달상권,3120233,몽촌토성역,13996,8039,5957,4,2258,3588,3158,2994,1994,4,1266,2335,1932,1403,1099,0,992,1253,1226,1591,895
20243,D,발달상권,3120234,가락시장역,8817,5342,3475,0,1205,2161,2066,1721,1664,0,576,1337,1386,1017,1026,0,629,824,680,704,638
20243,D,발달상권,3120235,문정역,32067,20350,11717,46,4534,9620,9809,5932,2126,18,2185,5470,6758,4591,1328,28,2349,4150,3051,1341,798
20243,D,발달상권,3120236,장지역(가든파이브),6073,3837,2236,10,859,1790,1834,1109,471,4,415,1017,1255,842,304,6,444,773,579,267,167
20243,D,발달상권,3120237,경찰병원역,10735,6593,4142,0,1457,2539,2410,2092,2237,0,721,1600,1610,1217,1445,0,736,939,800,875,792
20243,D,발달상권,3120238,방이역,3675,2614,1061,0,446,813,944,925,547,0,245,537,698,716,418,0,201,276,246,209,129
20243,D,발달상권,3120239,오금역,7045,4538,2507,0,947,1672,1662,1494,1270,0,499,1080,1155,979,825,0,448,592,507,515,445
20243,D,발달상권,3120240,개롱역,2138,1436,702,0,284,450,425,402,577,0,167,306,282,240,441,0,117,144,143,162,136
20243,D,발달상권,3120241,거여역,2600,1683,917,0,513,614,631,533,309,0,335,452,414,286,196,0,178,162,217,247,113
20243,D,발달상권,3120242,강동구청역,8519,5712,2807,0,1049,1833,1847,2156,1634,0,575,1132,1198,1551,1256,0,474,701,649,605,378
20243,D,발달상권,3120243,천호역,1789,1007,782,0,213,372,438,400,366,0,108,192,228,219,260,0,105,180,210,181,106
20243,D,발달상권,3120244,암사역,1268,571,697,0,145,230,290,334,269,0,59,124,138,130,120,0,86,106,152,204,149
20243,D,발달상권,3120245,둔촌역,3077,1844,1233,0,428,701,774,651,523,0,217,442,470,367,348,0,211,259,304,284,175
20243,D,발달상권,3120246,길동역,3877,2013,1864,0,544,791,896,931,715,0,217,434,487,439,436,0,327,357,409,492,279
20243,D,발달상권,3120247,굽은다리역,2346,1362,984,0,223,470,599,539,515,0,81,254,323,323,381,0,142,216,276,216,134
20243,D,발달상권,3120248,명일역,2121,1202,919,0,273,517,536,421,374,0,117,306,328,232,219,0,156,211,208,189,155
20243,D,발달상권,3120249,고덕역,1365,932,433,0,163,389,367,287,159,0,83,274,266,184,125,0,80,115,101,103,34
20243,R,전통시장,3130001,통인시장,617,397,220,0,114,180,171,109,43,0,49,112,127,80,29,0,65,68,44,29,14
20243,R,전통시장,3130002,세종마을음식문화거리(금천교시장),962,605,357,0,127,271,289,193,82,0,55,167,199,134,50,0,72,104,90,59,32
20243,R,전통시장,3130004,낙원시장(낙원지하시장(대일상가)),401,221,180,5,81,123,111,62,19,2,35,62,65,44,13,3,46,61,46,18,6
20243,R,전통시장,3130005,세운상가가동,1224,672,552,16,248,374,336,192,58,6,108,188,196,136,38,10,140,186,140,56,20
20243,R,전통시장,3130007,광장시장(광장전통시장),4950,2774,2176,70,1024,1502,1342,768,244,28,442,778,810,550,166,42,582,724,532,218,78
20243,R,전통시장,3130009,마전교지하쇼핑센터(구 한일상가),394,246,148,10,92,114,96,60,22,2,38,74,70,46,16,8,54,40,26,14,6
20243,R,전통시장,3130010,종로신진시장,2952,1844,1108,62,698,854,726,452,160,12,286,550,534,348,114,50,412,304,192,104,46
20243,R,전통시장,3130011,충신시장,270,170,100,5,64,77,67,43,14,0,27,50,49,33,11,5,37,27,18,10,3
20243,R,전통시장,3130012,"동대문종합시장(동대문종합시장 신관, 동대문종합시장D동상가)",1780,1110,670,42,420,514,438,270,96,8,174,330,320,210,68,34,246,184,118,60,28
20243,R,전통시장,3130014,동문시장,84,36,48,0,2,14,30,22,16,0,0,4,10,10,12,0,2,10,20,12,4
20243,R,전통시장,3130015,창신골목시장,29,4,25,0,0,1,9,13,6,0,0,0,1,2,1,0,0,1,8,11,5
20243,R,전통시장,3130017,동대문상가C동,6,3,3,0,0,1,2,2,1,0,0,0,1,1,1,0,0,1,1,1,0
20243,R,전통시장,3130018,동대문문구완구거리(동대문문구완구시장),320,140,180,0,4,56,108,92,60,0,0,14,38,42,46,0,4,42,70,50,14
20243,R,전통시장,3130019,동대문상가D동,7,3,4,0,0,1,3,2,1,0,0,0,1,1,1,0,0,1,2,1,0
20243,R,전통시장,3130020,동묘시장(동묘벼룩시장),146,73,73,0,22,26,35,33,30,0,6,12,19,19,17,0,16,14,16,14,13
20243,R,전통시장,3130021,신설종합시장,54,27,27,0,8,9,13,13,11,0,2,4,7,8,6,0,6,5,6,5,5
20243,R,전통시장,3130022,숭례문수입상가(남대문시장),2364,1462,902,6,444,836,648,342,88,2,208,498,422,270,62,4,236,338,226,72,26
20243,R,전통시장,3130024,남대문시장(자유상가),31666,19576,12090,54,5948,11188,8680,4600,1196,8,2778,6674,5656,3626,834,46,3170,4514,3024,974,362
20243,R,전통시장,3130025,삼익패션타운(남대문시장),5416,3348,2068,10,1016,1914,1486,786,204,2,474,1142,968,620,142,8,542,772,518,166,62
20243,R,전통시장,3130031,청계천공구상가,704,393,311,0,151,192,167,125,69,0,45,104,108,87,49,0,106,88,59,38,20
20243,R,전통시장,3130032,인현시장,1437,717,720,10,415,377,296,229,110,3,202,220,171,80,41,7,213,157,125,149,69
20243,R,전통시장,3130033,대림상가(청계상가),75,42,33,0,18,18,15,14,10,0,5,10,10,10,7,0,13,8,5,4,3
20243,R,전통시장,3130034,필동 골목형상점가,91,42,49,0,13,22,28,21,7,0,4,11,13,10,4,0,9,11,15,11,3
20243,R,전통시장,3130035,방산종합시장(방산시장),2267,1235,1032,0,553,549,497,394,274,0,144,303,322,273,193,0,409,246,175,121,81
20243,R,전통시장,3130036,중부시장(신중부시장),3364,1712,1652,22,931,872,703,543,293,10,413,501,418,229,141,12,518,371,285,314,152
20243,R,전통시장,3130038,"평화시장(통일상가, 동화상가)",14714,7341,7373,134,4207,3866,3028,2333,1146,54,2028,2248,1752,812,447,80,2179,1618,1276,1521,699
20243,R,전통시장,3130042,약수시장,2579,997,1582,5,417,964,714,354,125,0,128,339,237,203,90,5,289,625,477,151,35
20243,R,전통시장,3130046,team204(팀204),120,66,54,0,36,26,22,22,14,0,16,14,12,14,10,0,20,12,10,8,4
20243,R,전통시장,3130047,테크노상가(엘리시움),340,182,158,0,102,72,64,62,40,0,44,38,32,40,28,0,58,34,32,22,12
20243,R,전통시장,3130048,동평화시장,124,66,58,0,38,26,24,22,14,0,16,14,12,14,10,0,22,12,12,8,4
20243,R,전통시장,3130049,신당 미래유산 먹거리 골목형상점가,29,16,13,0,9,6,6,4,4,0,4,3,3,3,3,0,5,3,3,1,1
20243,R,전통시장,3130050,청평화시장,272,146,126,0,82,58,52,48,32,0,36,30,26,32,22,0,46,28,26,16,10
20243,R,전통시장,3130051,동화동 골목형상점가,535,239,296,0,88,127,136,116,68,0,26,42,67,62,42,0,62,85,69,54,26
20243,R,전통시장,3130052,서울중앙시장(신중앙시장),462,319,143,0,82,127,117,86,50,0,51,79,74,69,46,0,31,48,43,17,4
20243,R,전통시장,3130053,백학시장,181,95,86,0,14,41,52,43,31,0,4,15,27,24,25,0,10,26,25,19,6
20243,R,전통시장,3130054,황학동주방가구거리상점가,241,169,72,0,39,69,64,42,27,0,26,43,40,35,25,0,13,26,24,7,2
20243,R,전통시장,3130055,"황학시장(서울중앙시장, 신중앙시장)",166,123,43,0,20,51,47,30,18,0,15,33,32,25,18,0,5,18,15,5,0
20243,R,전통시장,3130056,용산용문시장,918,546,372,0,175,251,252,170,70,0,75,152,154,116,49,0,100,99,98,54,21
20243,R,전통시장,3130057,만리시장,83,45,38,0,12,22,20,18,11,0,4,10,11,11,9,0,8,12,9,7,2
20243,R,전통시장,3130058,이촌종합시장,2165,1386,779,6,350,585,606,444,174,5,173,359,427,299,123,1,177,226,179,145,51
20243,R,전통시장,3130059,후암시장,188,112,76,0,28,43,53,43,21,0,10,25,35,25,17,0,18,18,18,18,4
20243,R,전통시장,3130060,신흥시장,117,87,30,0,3,20,46,45,3,0,0,11,37,36,3,0,3,9,9,9,0
20243,R,전통시장,3130061,이태원시장,966,428,538,0,282,376,190,92,26,0,74,158,106,68,22,0,208,218,84,24,4
20243,R,전통시장,3130062,보광시장,38,20,18,0,4,8,11,10,5,0,0,4,6,6,4,0,4,4,5,4,1
20243,R,전통시장,3130063,신금호역 골목형상점가,56,29,27,0,6,9,12,14,15,0,0,3,6,8,12,0,6,6,6,6,3
20243,R,전통시장,3130064,금남시장,47,24,23,0,5,7,12,12,11,0,0,1,6,6,11,0,5,6,6,6,0
20243,R,전통시장,3130065,무학봉상점가,461,284,177,0,52,125,136,106,42,0,26,68,84,68,38,0,26,57,52,38,4
20243,R,전통시장,3130066,행당시장상점가,589,382,207,0,72,139,162,155,61,0,36,80,106,109,51,0,36,59,56,46,10
20243,R,전통시장,3130067,왕십리도선동상점가,1667,766,901,0,275,320,347,416,309,0,94,177,187,176,132,0,181,143,160,240,177
20243,R,전통시장,3130068,마장축산물시장,2681,1904,777,0,218,477,613,889,484,0,131,330,447,632,364,0,87,147,166,257,120
20243,R,전통시장,3130069,"한양대앞상점가(한양시장, 왕십리맛골목)",99,70,29,0,2,18,35,33,11,0,0,11,24,24,11,0,2,7,11,9,0
20243,R,전통시장,3130070,뚝섬역상점가,978,675,303,0,155,202,207,213,201,0,93,133,133,152,164,0,62,69,74,61,37
20243,R,전통시장,3130071,성수역 골목형상점가,1668,1069,599,2,274,425,418,335,214,2,152,284,281,202,148,0,122,141,137,133,66
20243,R,전통시장,3130072,성동용답상가시장,461,290,171,1,121,135,95,70,39,0,52,90,67,47,34,1,69,45,28,23,5
20243,R,전통시장,3130073,뚝도시장,278,179,99,0,65,81,65,46,21,0,29,53,45,33,19,0,36,28,20,13,2
20243,R,전통시장,3130074,영동교골목시장,2,2,0,0,0,0,0,1,1,0,0,0,0,1,1,0,0,0,0,0,0
20243,R,전통시장,3130075,노룬산시장(노룬산골목시장),2,2,0,0,0,0,0,0,2,0,0,0,0,0,2,0,0,0,0,0,0
20243,R,전통시장,3130076,능동로골목시장,16,14,2,0,0,1,4,5,6,0,0,1,3,4,6,0,0,0,1,1,0
20243,R,전통시장,3130077,조양시장,3,3,0,0,0,0,1,1,1,0,0,0,1,1,1,0,0,0,0,0,0
20243,R,전통시장,3130078,화양제일골목시장,23,15,8,0,3,4,6,7,3,0,1,2,4,5,3,0,2,2,2,2,0
20243,R,전통시장,3130079,한아름시장,26,18,8,0,3,4,7,8,4,0,1,2,5,6,4,0,2,2,2,2,0
20243,R,전통시장,3130080,자양종합시장(기능상실),12,8,4,0,2,3,3,3,1,0,1,2,2,2,1,0,1,1,1,1,0
20243,R,전통시장,3130081,자양골목전통시장(자양골목시장),284,223,61,0,19,40,79,118,28,0,7,25,63,102,26,0,12,15,16,16,2
20243,R,전통시장,3130082,면곡골목시장,43,30,13,0,3,11,13,10,6,0,2,8,8,7,5,0,1,3,5,3,1
20243,R,전통시장,3130083,"중곡제일시장(중곡제일골목시장, 광성시장)",735,358,377,3,194,142,147,175,74,0,83,76,73,71,55,3,111,66,74,104,19
20243,R,전통시장,3130084,신성시장(신성골목시장),267,131,136,0,45,67,69,62,24,0,12,31,33,33,22,0,33,36,36,29,2
20243,R,전통시장,3130085,용두시장,99,52,47,0,12,22,25,24,16,0,6,13,13,11,9,0,6,9,12,13,7
20243,R,전통시장,3130086,서울약령시장,3697,2230,1467,0,444,939,932,796,586,0,168,561,602,469,430,0,276,378,330,327,156
20243,R,전통시장,3130087,경동광성상가(경동시장),382,231,151,0,48,97,97,81,59,0,19,58,63,47,44,0,29,39,34,34,15
20243,R,전통시장,3130088,경동시장,551,334,217,0,66,140,139,119,87,0,25,84,90,71,64,0,41,56,49,48,23
20243,R,전통시장,3130089,청량리수산시장,228,118,110,0,29,50,56,56,37,0,13,29,29,26,21,0,16,21,27,30,16
20243,R,전통시장,3130090,청량리종합시장,362,219,143,0,42,93,92,80,55,0,15,55,60,48,41,0,27,38,32,32,14
20243,R,전통시장,3130091,청량종합도매시장,479,289,190,0,55,123,123,104,74,0,20,74,79,60,56,0,35,49,44,44,18
20243,R,전통시장,3130092,청량리농수산물시장,404,243,161,0,50,103,99,84,68,0,20,60,64,50,49,0,30,43,35,34,19
20243,R,전통시장,3130094,청량리청과물시장,393,232,161,0,51,104,95,82,61,0,19,62,60,48,43,0,32,42,35,34,18
20243,R,전통시장,3130095,청량리전통시장,424,247,177,0,60,113,97,86,68,0,24,67,59,51,46,0,36,46,38,35,22
20243,R,전통시장,3130096,동부시장,22,11,11,0,3,4,6,6,3,0,2,3,2,2,2,0,1,1,4,4,1
20243,R,전통시장,3130097,답십리 건축자재시장,222,108,114,0,31,47,63,60,21,0,22,33,23,15,15,0,9,14,40,45,6
20243,R,전통시장,3130098,회기시장,43,19,24,0,5,11,13,9,5,0,1,3,6,4,5,0,4,8,7,5,0
20243,R,전통시장,3130099,전농로터리시장,27,21,6,0,1,3,10,10,3,0,1,2,8,8,2,0,0,1,2,2,1
20243,R,전통시장,3130100,답십리시장,256,187,69,0,38,59,61,54,44,0,30,45,44,37,31,0,8,14,17,17,13
20243,R,전통시장,3130101,답십리현대시장,192,146,46,0,32,44,45,38,33,0,25,35,34,27,25,0,7,9,11,11,8
20243,R,전통시장,3130102,이문제일시장,71,38,33,0,8,16,16,18,13,0,2,8,8,10,10,0,6,8,8,8,3
20243,R,전통시장,3130103,이경시장,30,19,11,0,3,6,8,8,5,0,1,4,5,6,3,0,2,2,3,2,2
20243,R,전통시장,3130104,전곡시장,158,85,73,0,50,31,33,29,15,0,26,18,15,14,12,0,24,13,18,15,3
20243,R,전통시장,3130105,장미제일시장(중화동제일시장),66,45,21,0,5,11,18,17,15,0,3,7,10,12,13,0,2,4,8,5,2
20243,R,전통시장,3130106,중랑동부시장,455,288,167,0,35,96,128,128,68,0,15,57,76,82,58,0,20,39,52,46,10
20243,R,전통시장,3130107,중랑동부시장(중랑교종합상가),23,16,7,0,3,6,8,5,1,0,2,4,5,4,1,0,1,2,3,1,0
20243,R,전통시장,3130109,묵1동도깨비시장,91,43,48,0,8,23,27,23,10,0,2,11,12,11,7,0,6,12,15,12,3
20243,R,전통시장,3130110,면목골목시장(면목시장),202,118,84,0,14,35,55,64,34,0,0,15,30,39,34,0,14,20,25,25,0
20243,R,전통시장,3130111,"동원전통종합시장(동원시장, 동원전통시장 상점가)",194,106,88,0,15,48,54,53,24,0,0,24,29,29,24,0,15,24,25,24,0
20243,R,전통시장,3130112,사가정시장,275,176,99,0,18,45,77,79,56,0,3,23,46,58,46,0,15,22,31,21,10
20243,R,전통시장,3130113,신아타운,834,464,370,0,110,210,205,207,102,0,46,99,106,134,79,0,64,111,99,73,23
20243,R,전통시장,3130115,우림골목시장,266,141,125,0,24,51,62,86,43,0,2,22,29,47,41,0,22,29,33,39,2
20243,R,전통시장,3130116,동성타워프라자,31,15,16,0,5,7,6,8,5,0,1,3,3,4,4,0,4,4,3,4,1
20243,R,전통시장,3130117,정릉시장,321,176,145,0,39,78,84,79,41,0,10,39,44,48,35,0,29,39,40,31,6
20243,R,전통시장,3130118,정릉골 골목형상점가,174,106,68,0,10,26,42,58,38,0,1,13,27,39,26,0,9,13,15,19,12
20243,R,전통시장,3130119,정릉아리랑시장,131,54,77,0,19,34,37,29,12,0,1,13,14,14,12,0,18,21,23,15,0
20243,R,전통시장,3130120,돈암시장(돈암제일시장),252,128,124,0,26,61,77,62,26,0,9,26,37,40,16,0,17,35,40,22,10
20243,R,전통시장,3130121,길음시장,510,249,261,34,179,125,85,56,31,14,77,66,42,26,24,20,102,59,43,30,7
20243,R,전통시장,3130122,밤나무골시장,16,11,5,0,1,2,2,4,7,0,0,1,1,3,6,0,1,1,1,1,1
20243,R,전통시장,3130123,꿈의숲 장곡 골목형상점가,63,34,29,0,12,14,16,13,8,0,6,8,8,6,6,0,6,6,8,7,2
20243,R,전통시장,3130124,번동시장,12,8,4,0,1,2,3,3,3,0,0,1,2,2,3,0,1,1,1,1,0
20243,R,전통시장,3130125,장위전통시장,110,76,34,0,1,18,31,31,29,0,0,9,19,21,27,0,1,9,12,10,2
20243,R,전통시장,3130126,새석관시장,66,46,20,0,4,9,12,14,27,0,2,6,7,9,22,0,2,3,5,5,5
20243,R,전통시장,3130127,석관시장,23,15,8,0,1,3,4,5,10,0,0,2,2,3,8,0,1,1,2,2,2
20243,R,전통시장,3130128,돌곶이시장(석관황금시장),54,45,9,0,0,5,10,11,28,0,0,5,7,8,25,0,0,0,3,3,3
20243,R,전통시장,3130129,장미원골목시장,147,91,56,0,7,19,30,43,48,0,1,9,19,28,34,0,6,10,11,15,14
20243,R,전통시장,3130131,동북프라자,15,10,5,0,1,2,4,4,4,0,0,1,2,3,4,0,1,1,2,1,0
20243,R,전통시장,3130132,삼양골목시장(삼양시장),49,35,14,0,1,6,12,14,16,0,0,2,7,11,15,0,1,4,5,3,1
20243,R,전통시장,3130133,우이골목시장(우이시장),199,110,89,0,1,7,40,64,87,0,0,4,27,43,36,0,1,3,13,21,51
20243,R,전통시장,3130134,"솔샘시장(미아6,7동골목시장)",143,78,65,0,26,39,49,20,9,0,10,22,27,10,9,0,16,17,22,10,0
20243,R,전통시장,3130135,수유중앙골목시장(수유중앙시장),107,54,53,0,9,27,28,30,13,0,2,11,12,19,10,0,7,16,16,11,3
20243,R,전통시장,3130136,수유재래시장,45,20,25,0,3,7,13,15,7,0,0,2,5,7,6,0,3,5,8,8,1
20243,R,전통시장,3130137,"수유전통시장(수유시장, 수유골목시장)",140,61,79,0,8,23,41,47,21,0,0,7,16,20,18,0,8,16,25,27,3
20243,R,전통시장,3130138,수유프라자,55,24,31,0,4,9,15,18,9,0,0,3,6,8,7,0,4,6,9,10,2
20243,R,전통시장,3130139,강북종합전통시장(강북종합골목시장),277,144,133,0,22,69,77,75,34,0,6,29,37,46,26,0,16,40,40,29,8
20243,R,전통시장,3130140,숭인시장,80,43,37,0,1,9,16,25,29,0,0,3,7,16,17,0,1,6,9,9,12
20243,R,전통시장,3130141,강북북부골목시장,40,26,14,0,2,8,8,14,8,0,0,5,5,11,5,0,2,3,3,3,3
20243,R,전통시장,3130142,강북북부시장,1,1,0,0,0,0,0,1,0,0,0,0,0,1,0,0,0,0,0,0,0
20243,R,전통시장,3130143,방천골목시장,36,18,18,0,1,5,12,11,7,0,0,2,5,5,6,0,1,3,7,6,1
20243,R,전통시장,3130144,백운시장,47,24,23,0,4,8,13,14,8,0,0,3,5,8,8,0,4,5,8,6,0
20243,R,전통시장,3130145,쌍문역둘리상점가,152,68,84,0,34,36,38,37,7,0,6,17,19,20,6,0,28,19,19,17,1
20243,R,전통시장,3130146,쌍문시장(쌍문역골목시장),494,226,268,0,109,114,126,119,26,0,18,51,65,69,23,0,91,63,61,50,3
20243,R,전통시장,3130147,쌍문역동측상점가,419,189,230,0,56,85,114,116,48,0,19,34,50,54,32,0,37,51,64,62,16
20243,R,전통시장,3130148,방학동도깨비시장,98,44,54,0,2,22,25,22,27,0,0,11,11,11,11,0,2,11,14,11,16
20243,R,전통시장,3130149,창동신창시장,307,178,129,0,33,70,88,76,40,0,14,43,47,39,35,0,19,27,41,37,5
20243,R,전통시장,3130150,창동골목시장,108,61,47,0,3,20,43,36,6,0,0,13,25,17,6,0,3,7,18,19,0
20243,R,전통시장,3130151,신도봉시장,19,13,6,0,0,2,5,7,5,0,0,1,3,5,4,0,0,1,2,2,1
20243,R,전통시장,3130152,오!도봉거리 상점가,50,31,19,0,0,6,10,13,21,0,0,3,5,8,15,0,0,3,5,5,6
20243,R,전통시장,3130153,창동역상점가,551,345,206,0,58,106,134,153,100,0,24,56,80,103,82,0,34,50,54,50,18
20243,R,전통시장,3130154,상계주공1단지(가)상가,92,41,51,0,13,21,24,24,10,0,3,8,11,13,6,0,10,13,13,11,4
20243,R,전통시장,3130155,시영B상가(중계 그린아파트 B 상가),54,29,25,0,7,14,14,14,5,0,4,8,7,7,3,0,3,6,7,7,2
20243,R,전통시장,3130156,시영2단지 무지개종합상가(중계 무지개2단지아파트상가),51,29,22,0,7,13,13,13,5,0,4,8,7,7,3,0,3,5,6,6,2
20243,R,전통시장,3130157,상계중앙시장,165,83,82,0,6,16,39,46,58,0,0,9,18,21,35,0,6,7,21,25,23
20243,R,전통시장,3130158,상계역전종합상가,247,124,123,0,4,17,43,68,115,0,1,11,18,30,64,0,3,6,25,38,51
20243,R,전통시장,3130159,공릉동 도깨비시장,2131,1150,981,0,227,329,463,587,525,0,103,178,230,305,334,0,124,151,233,282,191
20243,R,전통시장,3130160,수일시장,212,137,75,0,27,57,52,42,34,0,13,37,33,27,27,0,14,20,19,15,7
20243,R,전통시장,3130161,증산종합시장,56,37,19,0,7,15,15,13,6,0,3,10,10,9,5,0,4,5,5,4,1
20243,R,전통시장,3130162,증산골목시장,69,43,26,0,8,18,20,16,7,0,3,11,13,10,6,0,5,7,7,6,1
20243,R,전통시장,3130163,응암오거리상점가,234,113,121,0,18,58,71,59,28,0,4,29,32,27,21,0,14,29,39,32,7
20243,R,전통시장,3130165,"대림골목시장(대림시장, 양지시장)",141,68,73,0,10,36,43,36,16,0,2,18,20,16,12,0,8,18,23,20,4
20243,R,전통시장,3130166,응암시장(신응암시장),64,42,22,0,7,7,16,20,14,0,4,4,9,12,13,0,3,3,7,8,1
20243,R,전통시장,3130167,연신내상점가(연빛거리),1198,612,586,0,173,269,296,291,169,0,69,142,145,139,117,0,104,127,151,152,52
20243,R,전통시장,3130168,연서시장,3110,1491,1619,0,127,442,528,687,1326,0,31,227,215,283,735,0,96,215,313,404,591
20243,R,전통시장,3130169,대조시장,138,68,70,0,13,31,39,34,21,0,3,15,19,15,16,0,10,16,20,19,5
20243,R,전통시장,3130170,제일시장,254,127,127,0,29,56,68,60,41,0,9,28,33,27,30,0,20,28,35,33,11
20243,R,전통시장,3130171,불광먹자골목 골목형상점가,483,207,276,0,67,116,131,114,55,0,24,50,55,50,28,0,43,66,76,64,27
20243,R,전통시장,3130172,모래내시장(서중시장),592,357,235,0,42,77,103,148,222,0,28,52,66,79,132,0,14,25,37,69,90
20243,R,전통시장,3130173,백련시장,8,4,4,0,1,2,2,2,1,0,0,1,1,1,1,0,1,1,1,1,0
20243,R,전통시장,3130174,연희사러가,118,78,40,0,18,30,26,33,11,0,10,20,16,24,8,0,8,10,10,9,3
20243,R,전통시장,3130175,신촌 상인회(신촌상점가),53,28,25,0,8,14,14,12,5,0,3,6,7,8,4,0,5,8,7,4,1
20243,R,전통시장,3130176,유진상가,900,178,722,0,30,67,246,430,127,0,10,22,46,52,48,0,20,45,200,378,79
20243,R,전통시장,3130177,인왕시장(홍제골목형상점가),116,57,59,0,8,13,23,32,40,0,1,5,10,17,24,0,7,8,13,15,16
20243,R,전통시장,3130178,이대 앞 스타트업 상점가,24,13,11,0,4,6,6,5,3,0,1,3,3,3,3,0,3,3,3,2,0
20243,R,전통시장,3130179,"이화여대 3,5,7길 상점가",152,82,70,0,23,43,41,33,12,0,8,19,21,22,12,0,15,24,20,11,0
20243,R,전통시장,3130180,포방터시장,881,172,709,0,25,66,242,423,125,0,8,21,45,52,46,0,17,45,197,371,79
20243,R,전통시장,3130181,아현가구거리상점가,317,232,85,0,34,72,88,88,35,0,14,53,68,68,29,0,20,19,20,20,6
20243,R,전통시장,3130182,영천시장,269,143,126,0,19,43,72,96,39,0,4,19,40,56,24,0,15,24,32,40,15
20243,R,전통시장,3130183,상암동상점가,697,431,266,0,151,260,193,75,18,0,65,164,128,56,18,0,86,96,65,19,0
20243,R,전통시장,3130184,마포농수산물시장,108,48,60,0,9,21,29,34,15,0,3,10,13,13,9,0,6,11,16,21,6
20243,R,전통시장,3130185,망원월드컵시장,450,269,181,0,56,85,95,139,75,0,31,63,67,64,44,0,25,22,28,75,31
20243,R,전통시장,3130186,망원시장,224,127,97,0,61,62,48,34,19,0,35,34,24,20,14,0,26,28,24,14,5
20243,R,전통시장,3130187,영진시장,13,7,6,0,2,4,3,2,2,0,1,2,2,1,1,0,1,2,1,1,1
20243,R,전통시장,3130188,합정시장,29,16,13,0,5,8,8,5,3,0,2,4,5,3,2,0,3,4,3,2,1
20243,R,전통시장,3130189,서교시장,156,80,76,0,32,44,36,26,18,0,13,22,20,14,11,0,19,22,16,12,7
20243,R,전통시장,3130190,홍대소상공인상점가,404,205,199,0,86,114,92,68,44,0,35,57,51,35,27,0,51,57,41,33,17
20243,R,전통시장,3130191,홍대 걷고싶은 거리,672,345,327,0,140,190,156,110,76,0,58,95,86,58,48,0,82,95,70,52,28
20243,R,전통시장,3130192,동진시장,31,20,11,0,5,7,8,7,4,0,2,4,5,5,4,0,3,3,3,2,0
20243,R,전통시장,3130193,신수시장,56,30,26,0,7,15,16,14,4,0,2,7,9,9,3,0,5,8,7,5,1
20243,R,전통시장,3130194,용강동 상점가,1025,609,416,0,150,254,241,204,176,0,73,152,159,118,107,0,77,102,82,86,69
20243,R,전통시장,3130195,도화동 상점가,2419,1469,950,0,445,592,613,540,229,0,232,406,403,280,148,0,213,186,210,260,81
20243,R,전통시장,3130196,공덕시장,772,447,325,0,173,213,211,136,39,0,68,113,135,102,29,0,105,100,76,34,10
20243,R,전통시장,3130197,마포시장,239,139,100,0,53,66,65,43,12,0,21,35,42,32,9,0,32,31,23,11,3
20243,R,전통시장,3130198,아현시장,358,198,160,0,68,117,104,61,8,0,30,65,58,38,7,0,38,52,46,23,1
20243,R,전통시장,3130199,신월3동 골목시장,45,28,17,0,2,9,10,16,8,0,0,4,5,11,8,0,2,5,5,5,0
20243,R,전통시장,3130200,"신월7동 골목시장(약수시장, 우성상가)",181,119,62,0,20,30,36,43,52,0,15,23,24,26,31,0,5,7,12,17,21
20243,R,전통시장,3130201,월정로시장,59,38,21,0,4,11,13,21,10,0,2,7,8,13,8,0,2,4,5,8,2
20243,R,전통시장,3130202,신영시장,203,130,73,0,16,37,46,70,34,0,8,22,27,47,26,0,8,15,19,23,8
20243,R,전통시장,3130203,서서울 골목형상점가,160,107,53,0,13,27,38,54,28,0,8,17,23,36,23,0,5,10,15,18,5
20243,R,전통시장,3130204,경창시장,272,167,105,0,17,38,73,80,64,0,9,22,38,48,50,0,8,16,35,32,14
20243,R,전통시장,3130205,신곡종합시장(신월6동 골목시장),220,127,93,0,22,42,51,59,46,0,8,21,27,33,38,0,14,21,24,26,8
20243,R,전통시장,3130206,신정3동 골목시장,82,59,23,0,6,16,21,17,22,0,3,10,14,12,20,0,3,6,7,5,2
20243,R,전통시장,3130207,신정1동 골목시장(신정제일시장),497,290,207,2,87,125,126,106,51,2,36,77,76,61,38,0,51,48,50,45,13
20243,R,전통시장,3130208,목동깨비시장(목3동시장),541,298,243,0,72,118,144,130,77,0,36,68,79,65,50,0,36,50,65,65,27
20243,R,전통시장,3130209,목사랑시장(목4동시장),208,131,77,0,23,45,65,53,22,0,9,28,39,34,21,0,14,17,26,19,1
20243,R,전통시장,3130210,목2동시장,836,467,369,0,119,204,221,192,100,0,57,111,123,109,67,0,62,93,98,83,33
20243,R,전통시장,3130211,신정2동 골목시장(오목교중앙시장),980,568,412,0,179,319,264,173,45,0,74,176,164,116,38,0,105,143,100,57,7
20243,R,전통시장,3130212,공항시장,68,47,21,0,4,13,15,21,15,0,2,8,10,14,13,0,2,5,5,7,2
20243,R,전통시장,3130213,방신전통시장,361,284,77,0,36,77,90,105,53,0,27,63,72,87,35,0,9,14,18,18,18
20243,R,전통시장,3130214,송화벽화시장(송화골목시장),242,141,101,0,14,36,65,79,48,0,6,18,31,46,40,0,8,18,34,33,8
20243,R,전통시장,3130215,대원종합시장,13,8,5,0,2,3,3,3,2,0,1,2,2,2,1,0,1,1,1,1,1
20243,R,전통시장,3130216,화곡중앙시장,161,91,70,0,15,33,41,46,26,0,6,19,23,26,17,0,9,14,18,20,9
20243,R,전통시장,3130217,화곡본동시장,198,115,83,0,19,37,49,49,44,0,6,22,28,26,33,0,13,15,21,23,11
20243,R,전통시장,3130218,신월중앙시장,246,131,115,0,31,53,55,61,46,0,14,29,32,30,26,0,17,24,23,31,20
20243,R,전통시장,3130219,까치산시장,344,190,154,0,48,94,100,62,40,0,21,50,50,39,30,0,27,44,50,23,10
20243,R,전통시장,3130220,등마루시장,89,55,34,0,18,23,20,16,12,0,7,15,14,11,8,0,11,8,6,5,4
20243,R,전통시장,3130221,"남부골목시장(남부화곡시장, 남부시장)",520,229,291,0,124,144,105,97,50,0,25,62,52,52,38,0,99,82,53,45,12
20243,R,전통시장,3130222,오류시장,129,84,45,0,17,23,33,37,19,0,14,17,19,20,14,0,3,6,14,17,5
20243,R,전통시장,3130223,고척근린시장,990,584,406,0,85,214,242,268,181,0,46,121,127,152,138,0,39,93,115,116,43
20243,R,전통시장,3130224,개봉프라자(고척근린시장),27,17,10,0,3,6,7,7,4,0,2,4,4,4,3,0,1,2,3,3,1
20243,R,전통시장,3130225,개봉중앙시장,3370,1670,1700,0,600,820,805,803,342,0,341,524,359,270,176,0,259,296,446,533,166
20243,R,전통시장,3130226,고척프라자,160,113,47,0,14,33,42,48,23,0,7,22,29,36,19,0,7,11,13,12,4
20243,R,전통시장,3130227,고척골목시장상점가(그라운드 고척),402,287,115,0,35,83,107,120,57,0,18,56,75,91,47,0,17,27,32,29,10
20243,R,전통시장,3130228,구로시장,81,45,36,0,5,19,22,21,14,0,2,10,11,11,11,0,3,9,11,10,3
20243,R,전통시장,3130229,남구로시장,481,284,197,0,57,109,118,120,77,0,24,63,68,75,54,0,33,46,50,45,23
20243,R,전통시장,3130230,가리봉시장,37,16,21,0,0,6,9,9,13,0,0,3,3,3,7,0,0,3,6,6,6
20243,R,전통시장,3130231,독산동 우시장,670,430,240,0,52,91,112,148,267,0,31,61,72,91,175,0,21,30,40,57,92
20243,R,전통시장,3130232,독산동 맛나는거리상점가(독산동 맛나는거리),152,88,64,0,17,27,31,36,41,0,12,15,19,17,25,0,5,12,12,19,16
20243,R,전통시장,3130233,남문시장,246,178,68,0,17,39,45,48,97,0,9,24,24,29,92,0,8,15,21,19,5
20243,R,전통시장,3130234,푸른터시장(기능상실),6,5,1,0,0,1,2,1,2,0,0,1,1,1,2,0,0,0,1,0,0
20243,R,전통시장,3130235,대명여울빛거리시장(대명시장),525,283,242,0,78,126,126,130,65,0,37,63,63,73,47,0,41,63,63,57,18
20243,R,전통시장,3130236,비단길현대시장(현대시장),400,212,188,0,57,96,96,101,50,0,25,48,48,57,34,0,32,48,48,44,16
20243,R,전통시장,3130237,박미시장(기능상실),61,36,25,0,4,9,14,16,18,0,2,6,8,9,11,0,2,3,6,7,7
20243,R,전통시장,3130238,은행나무시장,136,83,53,0,17,33,37,28,21,0,9,23,23,14,14,0,8,10,14,14,7
20243,R,전통시장,3130240,영등포유통상가,673,406,267,0,115,192,150,124,92,0,46,107,95,87,71,0,69,85,55,37,21
20243,R,전통시장,3130241,선유도역 골목형상점가,2459,1409,1050,0,446,672,680,426,235,0,195,405,386,250,173,0,251,267,294,176,62
20243,R,전통시장,3130242,대림중앙 골목형상점가,132,69,63,0,24,32,30,20,26,0,9,17,13,12,18,0,15,15,17,8,8
20243,R,전통시장,3130243,도림시장,42,30,12,0,1,6,11,13,11,0,0,4,8,9,9,0,1,2,3,4,2
20243,R,전통시장,3130244,대림중앙시장,318,162,156,0,59,77,71,48,63,0,23,41,30,27,41,0,36,36,41,21,22
20243,R,전통시장,3130245,영일시장,4953,3597,1356,3,767,1618,1528,780,257,1,428,1230,1247,529,162,2,339,388,281,251,95
20243,R,전통시장,3130246,영등포청과시장(조광시장),441,261,180,0,78,122,101,85,55,0,30,68,64,56,43,0,48,54,37,29,12
20243,R,전통시장,3130247,우리시장,39,14,25,0,8,10,13,6,2,0,0,3,6,3,2,0,8,7,7,3,0
20243,R,전통시장,3130248,영등포역지하도상점가,1282,732,550,0,175,323,334,314,136,0,71,164,193,198,106,0,104,159,141,116,30
20243,R,전통시장,3130250,삼구시장(로타리상가),28,16,12,0,5,7,7,5,4,0,2,4,4,3,3,0,3,3,3,2,1
20243,R,전통시장,3130253,영신상가(제일상가),35,19,16,0,6,9,8,7,5,0,2,5,5,4,3,0,4,4,3,3,2
20243,R,전통시장,3130254,남서울상가,8,4,4,0,1,2,2,2,1,0,0,1,1,1,1,0,1,1,1,1,0
20243,R,전통시장,3130255,영등포전통시장,197,112,85,0,37,49,47,39,25,0,13,28,31,24,16,0,24,21,16,15,9
20243,R,전통시장,3130256,신동시장,13,13,0,0,0,1,4,4,4,0,0,1,4,4,4,0,0,0,0,0,0
20243,R,전통시장,3130257,영등포시장기계공구상가,283,159,124,0,52,70,68,55,38,0,20,39,43,32,25,0,32,31,25,23,13
20243,R,전통시장,3130258,영진시장A동,6,4,2,0,0,2,2,1,1,0,0,1,1,1,1,0,0,1,1,0,0
20243,R,전통시장,3130259,대신시장,31,13,18,0,5,8,7,7,4,0,1,4,3,3,2,0,4,4,4,4,2
20243,R,전통시장,3130260,신대방1동골목상권,461,292,169,0,88,148,109,73,43,0,45,96,75,47,29,0,43,52,34,26,14
20243,R,전통시장,3130261,성대전통시장(성대시장),244,146,98,0,11,50,71,58,54,0,7,37,44,29,29,0,4,13,27,29,25
20243,R,전통시장,3130262,상도도깨비 골목형상점가,56,34,22,0,6,14,15,15,6,0,3,8,9,11,3,0,3,6,6,4,3
20243,R,전통시장,3130263,신노량진시장(기능상실),44,24,20,0,7,13,11,9,4,0,4,6,5,6,3,0,3,7,6,3,1
20243,R,전통시장,3130264,상도약수골목형상점가,96,57,39,0,11,24,24,24,13,0,5,14,14,17,7,0,6,10,10,7,6
20243,R,전통시장,3130265,노량진중앙시장,94,53,41,0,12,23,24,22,13,0,5,13,15,12,8,0,7,10,9,10,5
20243,R,전통시장,3130266,만양로상점가,66,36,30,0,9,16,17,15,9,0,4,9,10,8,5,0,5,7,7,7,4
20243,R,전통시장,3130267,본동인정시장(기능상실),82,45,37,0,11,20,21,18,12,0,5,11,13,9,7,0,6,9,8,9,5
20243,R,전통시장,3130268,상도전통시장,311,179,132,0,51,75,76,67,42,0,22,41,46,41,29,0,29,34,30,26,13
20243,R,전통시장,3130269,강남시장(동작구 강남시장),9,5,4,0,2,2,2,2,1,0,1,1,1,1,1,0,1,1,1,1,0
20243,R,전통시장,3130270,흑석시장,1,1,0,0,0,0,1,0,0,0,0,0,1,0,0,0,0,0,0,0,0
20243,R,전통시장,3130271,남성역골목시장,329,171,158,0,33,47,75,63,111,0,14,24,32,28,73,0,19,23,43,35,38
20243,R,전통시장,3130272,사당시장,72,37,35,0,7,10,17,14,24,0,3,5,7,6,16,0,4,5,10,8,8
20243,R,전통시장,3130273,남성사계시장(남성시장),341,186,155,0,53,101,95,63,29,0,25,61,57,28,15,0,28,40,38,35,14
20243,R,전통시장,3130274,사당1동먹자골목상점가(사당1동먹자골목),354,189,165,0,58,90,96,64,46,0,17,44,48,40,40,0,41,46,48,24,6
20243,R,전통시장,3130275,강남골목시장,101,61,40,0,21,25,25,20,10,0,10,15,15,14,7,0,11,10,10,6,3
20243,R,전통시장,3130276,신림중앙시장(조원동 펭귄시장),3,3,0,0,0,1,1,1,0,0,0,1,1,1,0,0,0,0,0,0,0
20243,R,전통시장,3130277,조원동 펭귄시장(신림중앙시장),197,124,73,0,37,49,49,42,20,0,17,32,32,29,14,0,20,17,17,13,6
20243,R,전통시장,3130278,미성동 도깨비시장 골목형상점가,160,96,64,0,12,29,39,43,37,0,9,17,22,22,26,0,3,12,17,21,11
20243,R,전통시장,3130279,관악신사시장,371,258,113,0,59,109,111,67,25,0,26,75,87,51,19,0,33,34,24,16,6
20243,R,전통시장,3130280,신림종합시장,52,36,16,0,9,15,15,9,4,0,4,10,12,7,3,0,5,5,3,2,1
20243,R,전통시장,3130281,우림시장,51,29,22,0,4,11,12,17,7,0,1,6,6,10,6,0,3,5,6,7,1
20243,R,전통시장,3130282,난곡 골목형상점가,57,32,25,0,4,12,14,19,8,0,1,6,7,11,7,0,3,6,7,8,1
20243,R,전통시장,3130283,신원시장,140,88,52,0,2,33,40,40,25,0,2,19,26,26,15,0,0,14,14,14,10
20243,R,전통시장,3130284,관악종합시장(신원시장),18,11,7,0,1,4,5,5,3,0,1,2,3,3,2,0,0,2,2,2,1
20243,R,전통시장,3130285,서원동상점가,808,326,482,0,148,177,149,183,151,0,31,69,75,66,85,0,117,108,74,117,66
20243,R,전통시장,3130286,신신림시장(삼성동시장),23,14,9,0,2,4,7,7,3,0,1,2,4,4,3,0,1,2,3,3,0
20243,R,전통시장,3130287,삼성동 시장(삼성동시장),27,16,11,0,1,4,9,9,4,0,0,2,5,5,4,0,1,2,4,4,0
20243,R,전통시장,3130288,신림현대종합상가,43,24,19,0,6,8,11,9,9,0,3,4,6,5,6,0,3,4,5,4,3
20243,R,전통시장,3130289,봉일시장,90,43,47,0,12,17,19,25,17,0,4,8,10,11,10,0,8,9,9,14,7
20243,R,전통시장,3130290,영림시장,562,311,251,0,91,164,135,128,44,0,35,84,75,84,33,0,56,80,60,44,11
20243,R,전통시장,3130291,봉천제일종합시장,29,16,13,0,5,8,7,6,3,0,2,4,4,4,2,0,3,4,3,2,1
20243,R,전통시장,3130292,봉천현대시장,14,8,6,0,2,2,3,4,3,0,1,1,2,2,2,0,1,1,1,2,1
20243,R,전통시장,3130293,봉천중앙시장,71,32,39,0,8,12,16,22,13,0,3,6,7,10,6,0,5,6,9,12,7
20243,R,전통시장,3130294,관악중부시장,420,235,185,0,63,102,99,96,60,0,31,57,53,50,44,0,32,45,46,46,16
20243,R,전통시장,3130295,인헌시장(원당종합시장),389,228,161,0,78,116,101,61,33,0,35,73,61,31,28,0,43,43,40,30,5
20243,R,전통시장,3130296,남부종합시장,180,100,80,0,34,46,48,32,20,0,12,24,28,21,15,0,22,22,20,11,5
20243,R,전통시장,3130301,양재시장,607,392,215,8,142,168,138,90,61,4,72,113,97,60,46,4,70,55,41,30,15
20243,R,전통시장,3130303,영동전통시장,784,456,328,0,204,237,168,108,67,0,86,141,112,69,48,0,118,96,56,39,19
20243,R,전통시장,3130304,신사상가,43,25,18,0,10,14,10,6,3,0,4,8,7,4,2,0,6,6,3,2,1
20243,R,전통시장,3130305,논현종합시장,138,88,50,0,26,40,34,22,16,0,11,24,24,17,12,0,15,16,10,5,4
20243,R,전통시장,3130306,강남언주로,758,448,310,0,153,232,197,131,45,0,73,145,129,70,31,0,80,87,68,61,14
20243,R,전통시장,3130307,도곡시장,173,102,71,0,40,48,41,31,13,0,19,31,27,16,9,0,21,17,14,15,4
20243,R,전통시장,3130309,은마종합상점가,1278,714,564,7,232,352,294,241,152,3,107,215,189,124,76,4,125,137,105,117,76
20243,R,전통시장,3130310,강남개포시장,5258,3446,1812,4,924,1498,1259,977,596,0,493,1002,867,623,461,4,431,496,392,354,135
20243,R,전통시장,3130311,새마을시장,756,481,275,0,105,147,174,169,161,0,46,88,109,116,122,0,59,59,65,53,39
20243,R,전통시장,3130312,석촌시장,501,328,173,0,61,115,117,103,105,0,36,82,78,60,72,0,25,33,39,43,33
20243,R,전통시장,3130313,방이시장,4043,2323,1720,1,653,1036,916,864,573,1,367,674,560,405,316,0,286,362,356,459,257
20243,R,전통시장,3130314,풍납시장,446,263,183,0,47,101,127,128,43,0,27,59,68,69,40,0,20,42,59,59,3
20243,R,전통시장,3130315,문정동 로데오거리 상점가(문정동 로데오거리),9226,6971,2255,0,881,1771,2603,3313,658,0,505,1256,2002,2789,419,0,376,515,601,524,239
20243,R,전통시장,3130316,마천시장,49,32,17,0,4,12,14,13,6,0,2,8,8,8,6,0,2,4,6,5,0
20243,R,전통시장,3130317,마천중앙시장,203,133,70,0,14,50,60,54,25,0,9,31,35,33,25,0,5,19,25,21,0
20243,R,전통시장,3130318,로데오거리상점가,548,295,253,0,46,94,122,118,168,0,16,43,60,59,117,0,30,51,62,59,51
20243,R,전통시장,3130319,성내전통시장,81,55,26,0,14,16,19,16,16,0,11,11,11,11,11,0,3,5,8,5,5
20243,R,전통시장,3130320,암사종합시장,571,349,222,0,78,120,120,116,137,0,39,78,77,77,78,0,39,42,43,39,59
20243,R,전통시장,3130321,장신구 특화거리 상점가,1206,819,387,0,144,254,261,309,238,0,83,158,170,224,184,0,61,96,91,85,54
20243,R,전통시장,3130322,고분다리전통시장,117,69,48,0,8,19,28,28,34,0,2,10,14,17,26,0,6,9,14,11,8
20243,R,전통시장,3130323,둔촌역전통시장,381,229,152,0,51,86,97,80,67,0,26,55,58,46,44,0,25,31,39,34,23
20243,R,전통시장,3130324,길동복조리시장,115,56,59,0,15,23,27,29,21,0,5,12,15,12,12,0,10,11,12,17,9
20243,R,전통시장,3130325,명일전통시장,206,116,90,0,30,56,53,37,30,0,14,34,35,19,14,0,16,22,18,18,16
20243,R,전통시장,3130326,고덕 골목형상점가,384,243,141,0,21,49,85,134,95,0,3,21,49,93,77,0,18,28,36,41,18
20243,R,전통시장,3130327,"평화시장(남평화시장, 제일평화시장, 신평화패션타운)",800,432,368,0,242,170,150,142,96,0,106,90,76,94,66,0,136,80,74,48,30
20244,U,관광특구,3001491,이태원 관광특구,35826,21194,14632,10,8135,12085,8265,5961,1370,10,2789,6417,5823,5041,1114,0,5346,5668,2442,920,256
20244,U,관광특구,3001492,명동 남대문 북창동 다동 무교동 관광특구,199667,114485,85182,372,40531,66760,51480,31752,8772,83,15500,35220,34082,23643,5957,289,25031,31540,17398,8109,2815
20244,U,관광특구,3001493,동대문패션타운 관광특구,33754,16984,16770,259,9770,8679,6878,5414,2754,101,4677,5003,3924,2083,1196,158,5093,3676,2954,3331,1558
20244,U,관광특구,3001494,종로?청계 관광특구,46516,26098,20418,658,9450,13848,12650,7438,2472,234,4072,7232,7590,5236,1734,424,5378,6616,5060,2202,738
20244,U,관광특구,3001495,잠실 관광특구,137602,81307,56295,247,22732,36053,35461,30321,12788,95,11243,22723,22594,16132,8520,152,11489,13330,12867,14189,4268
20244,U,관광특구,3001496,강남 마이스 관광특구,102032,68834,33198,260,20558,30594,27320,18116,5184,128,11046,20220,20142,14200,3098,132,9512,10374,7178,3916,2086
20244,A,골목상권,3110001,이북5도청사,2534,1423,1111,0,313,680,830,552,159,0,150,349,491,331,102,0,163,331,339,221,57
20244,A,골목상권,3110002,독립문역 1번,460,118,342,0,132,132,120,52,24,0,29,29,36,12,12,0,103,103,84,40,12
20244,A,골목상권,3110003,세검정초등학교,1686,949,737,0,221,461,535,361,108,0,104,240,315,218,72,0,117,221,220,143,36
20244,A,골목상권,3110004,대신고등학교,31,10,21,0,8,10,9,3,1,0,2,3,3,1,1,0,6,7,6,2,0
20244,A,골목상권,3110005,세검정,544,306,238,0,91,161,149,104,39,0,37,90,85,64,30,0,54,71,64,40,9
20244,A,골목상권,3110006,부암동주민센터,284,161,123,0,47,83,78,54,22,0,19,46,45,34,17,0,28,37,33,20,5
20244,A,골목상권,3110007,사직공원(한국사회과학도서관),311,194,117,0,41,88,95,61,26,0,17,54,64,42,17,0,24,34,31,19,9
20244,A,골목상권,3110008,배화여자대학교(박노수미술관),1536,979,557,0,247,444,445,287,113,0,104,276,318,205,76,0,143,168,127,82,37
20244,A,골목상권,3110009,자하문터널,347,196,151,0,56,102,98,67,24,0,23,56,55,43,19,0,33,46,43,24,5
20244,A,골목상권,3110010,평창동서측,5561,3122,2439,0,685,1495,1818,1212,351,0,331,767,1073,726,225,0,354,728,745,486,126
20244,A,골목상권,3110011,청운초등학교,154,101,53,0,28,46,42,28,10,0,12,29,32,21,7,0,16,17,10,7,3
20244,A,골목상권,3110012,성곡미술관,3035,1902,1133,0,402,857,919,602,255,0,168,527,628,421,158,0,234,330,291,181,97
20244,A,골목상권,3110013,체부동홍종문가옥,119,77,42,0,20,33,35,22,9,0,9,21,25,16,6,0,11,12,10,6,3
20244,A,골목상권,3110014,경복고등학교,509,328,181,0,93,148,141,94,33,0,40,92,105,67,24,0,53,56,36,27,9
20244,A,골목상권,3110015,청와대사랑채,1114,724,390,0,203,327,314,196,74,0,89,206,233,144,52,0,114,121,81,52,22
20244,A,골목상권,3110016,평창동동측,5413,3040,2373,0,667,1453,1774,1179,340,0,322,745,1047,708,218,0,345,708,727,471,122
20244,A,골목상권,3110017,정독도서관,294,235,59,0,32,93,93,62,14,0,19,71,78,54,13,0,13,22,15,8,1
20244,A,골목상권,3110018,중앙고등학교,1400,1051,349,0,148,487,421,263,81,0,76,357,333,219,66,0,72,130,88,44,15
20244,A,골목상권,3110019,창덕궁,1013,561,452,7,209,312,280,159,46,2,93,157,164,113,32,5,116,155,116,46,14
20244,A,골목상권,3110020,서울국제고등학교,494,239,255,0,78,142,124,98,52,0,24,70,67,50,28,0,54,72,57,48,24
20244,A,골목상권,3110021,성균관대학교,669,326,343,0,106,186,164,135,78,0,35,90,88,69,44,0,71,96,76,66,34
20244,A,골목상권,3110022,경신고등학교,325,160,165,0,51,88,81,67,38,0,15,44,43,35,23,0,36,44,38,32,15
20244,A,골목상권,3110023,서울대병원,87,48,39,0,12,22,23,19,11,0,3,11,14,12,8,0,9,11,9,7,3
20244,A,골목상권,3110024,혜회동주민센터,521,254,267,0,84,144,127,104,62,0,28,71,68,53,34,0,56,73,59,51,28
20244,A,골목상권,3110025,충신시장옆,575,358,217,9,134,167,142,91,32,0,55,107,104,69,23,9,79,60,38,22,9
20244,A,골목상권,3110026,종로5가역 4번,454,283,171,7,108,132,114,68,25,0,44,85,83,53,18,7,64,47,31,15,7
20244,A,골목상권,3110027,혜화역 1번,130,74,56,0,18,36,35,27,14,0,4,16,21,21,12,0,14,20,14,6,2
20244,A,골목상권,3110028,이화달팽이길,722,433,289,1,141,200,184,134,62,0,51,110,122,99,51,1,90,90,62,35,11
20244,A,골목상권,3110029,동대문역 1번,45,13,32,0,0,8,12,19,6,0,0,2,3,5,3,0,0,6,9,14,3
20244,A,골목상권,3110030,동대문역 3번,24,11,13,0,0,4,8,7,5,0,0,1,3,3,4,0,0,3,5,4,1
20244,A,골목상권,3110031,창신역 1번,69,28,41,0,5,20,17,23,4,0,0,6,6,12,4,0,5,14,11,11,0
20244,A,골목상권,3110032,수족관거리,88,38,50,0,0,14,32,26,16,0,0,2,10,12,14,0,0,12,22,14,2
20244,A,골목상권,3110033,창신역 4번,143,65,78,0,25,33,36,34,15,0,0,13,18,19,15,0,25,20,18,15,0
20244,A,골목상권,3110034,창신1동주민센터,57,21,36,0,1,8,25,14,9,0,0,2,6,6,7,0,1,6,19,8,2
20244,A,골목상권,3110035,동묘앞역 2번,213,104,109,0,31,42,52,51,37,0,4,20,28,29,23,0,27,22,24,22,14
20244,A,골목상권,3110036,동묘앞역 3번,145,73,72,0,21,24,36,35,29,0,5,11,20,21,16,0,16,13,16,14,13
20244,A,골목상권,3110037,신설동역 12번,1055,774,281,0,103,303,224,226,199,0,52,236,174,176,136,0,51,67,50,50,63
20244,A,골목상권,3110038,경향신문사,2843,1509,1334,15,822,897,625,377,107,4,267,446,446,275,71,11,555,451,179,102,36
20244,A,골목상권,3110039,회현역 1번,339,210,129,0,64,119,93,50,13,0,30,71,61,39,9,0,34,48,32,11,4
20244,A,골목상권,3110040,중구회현체육센터(정화예술대남산캠퍼스),657,409,248,0,122,232,182,96,25,0,57,139,120,75,18,0,65,93,62,21,7
20244,A,골목상권,3110041,남산케이블카,954,555,399,0,156,324,260,169,45,0,62,168,168,126,31,0,94,156,92,43,14
20244,A,골목상권,3110042,남산골공원옆,1562,734,828,0,225,398,482,341,116,0,76,197,227,159,75,0,149,201,255,182,41
20244,A,골목상권,3110043,충무초등학교,2205,1081,1124,0,386,574,645,461,139,0,134,297,330,231,89,0,252,277,315,230,50
20244,A,골목상권,3110044,관성묘,443,237,206,0,101,123,115,85,19,0,36,69,69,49,14,0,65,54,46,36,5
20244,A,골목상권,3110045,동대문역사문화공원역 5번,1216,624,592,5,317,326,281,213,74,2,137,186,163,99,37,3,180,140,118,114,37
20244,A,골목상권,3110046,버티고개,126,82,44,0,22,42,33,21,8,0,9,29,24,13,7,0,13,13,9,8,1
20244,A,골목상권,3110047,다산성곽길,391,252,139,0,69,129,98,66,29,0,29,90,69,41,23,0,40,39,29,25,6
20244,A,골목상권,3110048,장충동주민센터,1079,593,486,0,246,305,271,203,54,0,94,179,166,118,36,0,152,126,105,85,18
20244,A,골목상권,3110049,장충단 고개,2337,1481,856,0,413,750,567,409,198,0,169,514,399,251,148,0,244,236,168,158,50
20244,A,골목상권,3110050,약수역 7번,3447,1332,2115,6,555,1291,955,472,168,0,170,455,316,270,121,6,385,836,639,202,47
20244,A,골목상권,3110051,한양공고앞 교차로,28,17,11,0,10,7,6,4,1,0,5,4,3,4,1,0,5,3,3,0,0
20244,A,골목상권,3110052,장충초등학교,794,505,289,0,140,257,193,139,65,0,57,177,136,86,49,0,83,80,57,53,16
20244,A,골목상권,3110053,청구역 1번,93,54,39,0,38,22,14,14,5,0,16,13,7,13,5,0,22,9,7,1,0
20244,A,골목상권,3110054,청구역 3번,1867,1020,847,0,270,493,442,403,259,0,89,255,277,246,153,0,181,238,165,157,106
20244,A,골목상권,3110055,황학동벼룩시장,75,58,17,0,8,24,23,11,9,0,8,15,15,11,9,0,0,9,8,0,0
20244,A,골목상권,3110056,신당역 3번,499,251,248,0,36,120,145,123,75,0,8,40,72,69,62,0,28,80,73,54,13
20244,A,골목상권,3110057,황학코아루아파트,135,103,32,0,14,44,38,23,16,0,12,28,26,21,16,0,2,16,12,2,0
20244,A,골목상권,3110058,성심여자고등학교,949,702,247,0,147,296,269,154,83,0,87,213,210,119,73,0,60,83,59,35,10
20244,A,골목상권,3110059,새남터성지,2035,1381,654,0,291,557,605,443,139,0,133,350,455,340,103,0,158,207,150,103,36
20244,A,골목상권,3110060,효창공원앞역 6번,1246,724,522,0,246,339,346,236,79,0,103,198,205,161,57,0,143,141,141,75,22
20244,A,골목상권,3110061,효창동주민센터,675,393,282,0,97,179,188,145,66,0,48,104,114,75,52,0,49,75,74,70,14
20244,A,골목상권,3110062,한강로동땡땡거리(은행나무길),2802,1383,1419,0,574,879,806,408,135,0,234,411,402,247,89,0,340,468,404,161,46
20244,A,골목상권,3110063,효창공원앞역 5번,1297,792,505,0,240,355,357,245,100,0,108,221,223,169,71,0,132,134,134,76,29
20244,A,골목상권,3110064,효창공원앞역 2번,818,474,344,0,113,213,224,178,90,0,54,124,134,91,71,0,59,89,90,87,19
20244,A,골목상권,3110065,남정초등학교,203,140,63,0,31,55,53,39,25,0,18,40,38,27,17,0,13,15,15,12,8
20244,A,골목상권,3110066,서울역 15번,1065,579,486,0,152,280,262,232,139,0,48,130,141,146,114,0,104,150,121,86,25
20244,A,골목상권,3110067,배문고등학교,705,380,325,0,100,184,176,155,90,0,30,84,95,96,75,0,70,100,81,59,15
20244,A,골목상권,3110068,남영역 1번,857,573,284,0,128,238,228,161,102,0,70,160,155,111,77,0,58,78,73,50,25
20244,A,골목상권,3110069,숙대입구,1042,565,477,0,149,273,255,225,140,0,46,126,138,142,113,0,103,147,117,83,27
20244,A,골목상권,3110070,용산세무서,385,189,196,0,80,121,109,57,18,0,32,56,54,35,12,0,48,65,55,22,6
20244,A,골목상권,3110071,한강미주맨션아파트,2205,1414,791,4,357,594,619,451,180,4,177,366,437,304,126,0,180,228,182,147,54
20244,A,골목상권,3110072,열정도,320,222,98,0,49,89,85,59,38,0,30,65,59,41,27,0,19,24,26,18,11
20244,A,골목상권,3110073,삼각지역 3번,2372,1172,1200,2,486,742,680,348,114,1,198,347,338,212,76,1,288,395,342,136,38
20244,A,골목상권,3110074,서울역 12번,5145,2168,2977,36,1957,1273,981,665,233,1,367,684,582,358,176,35,1590,589,399,307,57
20244,A,골목상권,3110075,숙대입구역 1번,2139,904,1235,14,801,527,415,287,95,0,150,283,246,152,73,14,651,244,169,135,22
20244,A,골목상권,3110076,삼각지역 14번,436,215,221,0,89,137,125,64,21,0,36,64,62,39,14,0,53,73,63,25,7
20244,A,골목상권,3110077,삼광초등학교,155,95,60,0,22,35,46,38,14,0,7,22,31,23,12,0,15,13,15,15,2
20244,A,골목상권,3110078,이촌동점보아파트,811,520,291,2,131,219,227,166,66,2,65,135,160,112,46,0,66,84,67,54,20
20244,A,골목상권,3110079,후암동주민센터,1199,714,485,0,165,271,354,285,124,0,47,159,236,167,105,0,118,112,118,118,19
20244,A,골목상권,3110080,해방촌예술마을,371,236,135,0,37,76,124,105,29,0,8,44,89,71,24,0,29,32,35,34,5
20244,A,골목상권,3110081,해방촌 남동측,223,180,43,0,1,33,97,92,0,0,0,19,83,78,0,0,1,14,14,14,0
20244,A,골목상권,3110082,용산구청,6410,2820,3590,0,1884,2448,1258,628,192,0,492,1024,696,450,158,0,1392,1424,562,178,34
20244,A,골목상권,3110083,서빙고역 1번,4933,3243,1690,0,877,1472,1524,783,277,0,423,861,1114,626,219,0,454,611,410,157,58
20244,A,골목상권,3110084,경리단길북측,327,187,140,0,43,124,103,38,19,0,19,68,56,25,19,0,24,56,47,13,0
20244,A,골목상권,3110085,경리단길남측,508,282,226,0,69,191,156,63,29,0,30,102,85,36,29,0,39,89,71,27,0
20244,A,골목상권,3110086,이태원역 북측,290,163,127,0,66,105,68,41,10,0,21,54,45,34,9,0,45,51,23,7,1
20244,A,골목상권,3110087,이태원엔틱가구거리,695,306,389,0,204,267,136,69,19,0,53,112,74,50,17,0,151,155,62,19,2
20244,A,골목상권,3110088,오산고등학교,2001,1314,687,0,356,595,618,318,114,0,171,348,452,253,90,0,185,247,166,65,24
20244,A,골목상권,3110089,서빙고동주민센터,1948,1279,669,0,347,583,602,305,111,0,167,340,439,247,86,0,180,243,163,58,25
20244,A,골목상권,3110090,한국폴리텍대학서울정수캠퍼스,1290,842,448,0,227,381,399,208,75,0,107,222,289,164,60,0,120,159,110,44,15
20244,A,골목상권,3110091,리움미술관,1263,930,333,0,210,375,334,287,57,0,101,251,270,261,47,0,109,124,64,26,10
20244,A,골목상권,3110092,NH농협은행 보광동지점,99,56,43,0,9,19,32,29,10,0,0,9,19,19,9,0,9,10,13,10,1
20244,A,골목상권,3110093,우사단길,7584,5529,2055,4,1265,2248,1994,1736,337,4,596,1490,1608,1555,276,0,669,758,386,181,61
20244,A,골목상권,3110094,오산중학교,24,12,12,0,3,6,6,6,3,0,0,3,3,3,3,0,3,3,3,3,0
20244,A,골목상권,3110095,한강진역 3번,5343,3907,1436,1,884,1583,1405,1230,240,1,420,1054,1135,1102,195,0,464,529,270,128,45
20244,A,골목상권,3110096,한남힐사이드아파트,1356,993,363,0,225,402,356,310,63,0,107,267,288,280,51,0,118,135,68,30,12
20244,A,골목상권,3110097,한남초등학교,325,237,88,0,54,97,86,74,14,0,25,64,69,67,12,0,29,33,17,7,2
20244,A,골목상권,3110098,서울독일학교,2490,1823,667,2,413,737,654,572,112,2,197,491,529,513,91,0,216,246,125,59,21
20244,A,골목상권,3110099,유엔빌리지길,1956,1435,521,1,323,582,517,446,87,1,154,387,418,402,73,0,169,195,99,44,14
20244,A,골목상권,3110100,옥수동우편취급국,334,130,204,0,86,99,75,51,23,0,22,37,35,24,12,0,64,62,40,27,11
20244,A,골목상권,3110101,옥정중학교,1323,514,809,0,340,393,297,200,93,0,87,146,139,94,48,0,253,247,158,106,45
20244,A,골목상권,3110102,옥수역 6번,1402,547,855,0,362,415,316,211,98,0,94,154,148,100,51,0,268,261,168,111,47
20244,A,골목상권,3110103,옥수터널,167,72,95,0,38,47,40,29,13,0,10,18,21,15,8,0,28,29,19,14,5
20244,A,골목상권,3110104,신금호역 4번,67,42,25,0,3,10,16,18,20,0,0,2,8,12,20,0,3,8,8,6,0
20244,A,골목상권,3110105,금동어린이공원,49,30,19,0,3,6,12,12,16,0,0,1,6,7,16,0,3,5,6,5,0
20244,A,골목상권,3110106,금북초등학교,237,87,150,0,29,78,98,28,4,0,8,25,38,12,4,0,21,53,60,16,0
20244,A,골목상권,3110107,금호사거리,143,88,55,0,17,34,40,35,17,0,7,17,27,22,15,0,10,17,13,13,2
20244,A,골목상권,3110108,성동구립금호도서관,242,88,154,1,28,81,99,28,5,0,8,27,38,11,4,1,20,54,61,17,1
20244,A,골목상권,3110109,금호삼성래미안아파트,1253,458,795,4,148,415,512,143,31,0,43,138,200,54,23,4,105,277,312,89,8
20244,A,골목상권,3110110,상왕십리역 6번,297,184,113,0,34,82,88,68,25,0,17,43,55,44,25,0,17,39,33,24,0
20244,A,골목상권,3110111,대현산장미원,67,28,39,0,17,18,13,12,7,0,4,6,6,6,6,0,13,12,7,6,1
20244,A,골목상권,3110112,행당역 2번,106,75,31,0,12,23,27,33,11,0,6,15,19,25,10,0,6,8,8,8,1
20244,A,골목상권,3110113,응봉산,475,196,279,0,114,125,105,84,47,0,27,44,46,43,36,0,87,81,59,41,11
20244,A,골목상권,3110114,왕십리파출소,153,71,82,0,25,28,34,39,27,0,8,17,19,17,10,0,17,11,15,22,17
20244,A,골목상권,3110115,상왕십리역 3번,630,290,340,0,103,118,134,158,117,0,37,66,71,65,51,0,66,52,63,93,66
20244,A,골목상권,3110116,청계천박물관,1399,1009,390,0,106,249,322,471,251,0,66,175,239,335,194,0,40,74,83,136,57
20244,A,골목상권,3110117,성동구보건소,430,308,122,0,29,78,103,145,75,0,18,54,73,104,59,0,11,24,30,41,16
20244,A,골목상권,3110118,왕십리역 9번,325,225,100,0,36,69,86,98,36,0,18,43,60,75,29,0,18,26,26,23,7
20244,A,골목상권,3110119,마장지하차도,316,228,88,0,25,55,74,106,56,0,15,40,54,76,43,0,10,15,20,30,13
20244,A,골목상권,3110120,서울숲카페거리,228,162,66,0,38,46,47,49,48,0,24,31,31,36,40,0,14,15,16,13,8
20244,A,골목상권,3110121,한양대역 4번,70,52,18,0,2,12,25,23,8,0,0,8,18,18,8,0,2,4,7,5,0
20244,A,골목상권,3110122,마장역 2번,980,702,278,0,75,173,226,329,177,0,46,121,165,235,135,0,29,52,61,94,42
20244,A,골목상권,3110123,마장역 3번,667,483,184,0,49,119,155,226,118,0,30,85,115,161,92,0,19,34,40,65,26
20244,A,골목상권,3110124,뚝섬역교차로,1666,1147,519,0,267,341,351,365,342,0,158,225,226,260,278,0,109,116,125,105,64
20244,A,골목상권,3110125,사근동살곶이상점가,97,74,23,0,1,17,36,31,12,0,0,12,25,25,12,0,1,5,11,6,0
20244,A,골목상권,3110126,서울숲역 1번,163,107,56,0,24,34,36,39,30,0,13,22,23,27,22,0,11,12,13,12,8
20244,A,골목상권,3110127,성수1가1동주민센터,504,315,189,0,62,107,113,135,87,0,28,67,72,92,56,0,34,40,41,43,31
20244,A,골목상권,3110128,성원중학교,1406,883,523,0,218,333,320,336,199,0,98,209,208,232,136,0,120,124,112,104,63
20244,A,골목상권,3110129,성원어린이공원,1422,982,440,0,227,289,300,311,295,0,136,192,194,221,239,0,91,97,106,90,56
20244,A,골목상권,3110130,답십리역 6번,56,36,20,0,14,17,11,9,5,0,6,11,8,6,5,0,8,6,3,3,0
20244,A,골목상권,3110131,성수동카페거리,4421,2834,1587,8,959,1252,1039,767,396,4,444,818,712,530,326,4,515,434,327,237,70
20244,A,골목상권,3110132,성수2가3동주민센터,1105,710,395,0,181,283,276,221,144,0,102,189,185,134,100,0,79,94,91,87,44
20244,A,골목상권,3110133,서울교통공사,433,270,163,1,112,128,89,66,37,0,47,86,61,44,32,1,65,42,28,22,5
20244,A,골목상권,3110134,성수119안전센터,601,394,207,0,139,181,145,94,42,0,65,118,102,69,40,0,74,63,43,25,2
20244,A,골목상권,3110135,성동세무서,531,345,186,0,61,130,142,112,86,0,27,84,83,70,81,0,34,46,59,42,5
20244,A,골목상권,3110136,경수초등학교,4863,3114,1749,5,975,1337,1173,878,495,4,476,878,798,579,379,1,499,459,375,299,116
20244,A,골목상권,3110137,성수초등학교,11919,7639,4280,19,1963,3033,2978,2392,1534,19,1087,2027,2005,1443,1058,0,876,1006,973,949,476
20244,A,골목상권,3110138,송정체육공원,217,143,74,0,22,54,63,44,34,0,10,35,35,29,34,0,12,19,28,15,0
20244,A,골목상권,3110139,자양4동주민센터,104,96,8,0,0,2,25,32,45,0,0,2,20,29,45,0,0,0,5,3,0
20244,A,골목상권,3110140,건대입구역 6번,194,168,26,0,0,9,51,63,71,0,0,9,37,51,71,0,0,0,14,12,0
20244,A,골목상권,3110141,건대입구역 1번,74,54,20,0,7,9,21,27,10,0,2,5,16,21,10,0,5,4,5,6,0
20244,A,골목상권,3110142,화양사거리,89,69,20,0,6,8,26,34,15,0,2,5,21,26,15,0,4,3,5,8,0
20244,A,골목상권,3110143,뚝섬유원지역 1번,60,45,15,0,7,16,17,16,4,0,4,12,13,12,4,0,3,4,4,4,0
20244,A,골목상권,3110144,어린이대공원역 4번,29,22,7,0,1,4,6,13,5,0,0,3,5,9,5,0,1,1,1,4,0
20244,A,골목상권,3110145,장안초등학교,9,6,3,0,0,2,3,2,2,0,0,1,2,1,2,0,0,1,1,1,0
20244,A,골목상권,3110146,신자초등학교,594,450,144,0,64,160,173,155,42,0,43,117,132,119,39,0,21,43,41,36,3
20244,A,골목상권,3110147,능동우편취급국,225,128,97,0,21,46,55,52,51,0,6,24,33,29,36,0,15,22,22,23,15
20244,A,골목상권,3110148,어린이대공원역 3번,22,18,4,0,1,2,6,8,5,0,0,1,5,7,5,0,1,1,1,1,0
20244,A,골목상권,3110149,세종대학교,214,119,95,0,22,47,51,50,44,0,8,25,29,27,30,0,14,22,22,23,14
20244,A,골목상권,3110150,중곡1동 마을마당,1119,550,569,0,302,217,228,267,105,0,130,119,112,106,83,0,172,98,116,161,22
20244,A,골목상권,3110151,자양한강도서관,720,451,269,0,100,161,193,194,72,0,70,105,112,104,60,0,30,56,81,90,12
20244,A,골목상권,3110152,중곡어린이공원,256,129,127,0,66,49,54,63,24,0,28,28,27,26,20,0,38,21,27,37,4
20244,A,골목상권,3110153,중곡1동주민센터,208,102,106,0,58,39,41,50,20,0,25,21,20,20,16,0,33,18,21,30,4
20244,A,골목상권,3110154,광진정말공원,1449,1146,303,0,98,204,396,594,157,0,43,133,316,514,140,0,55,71,80,80,17
20244,A,골목상권,3110155,광진구청,1480,1167,313,0,102,207,402,605,164,0,46,135,320,523,143,0,56,72,82,82,21
20244,A,골목상권,3110156,군자역 5번,332,209,123,0,48,81,90,66,47,0,23,48,57,40,41,0,25,33,33,26,6
20244,A,골목상권,3110157,자양동우체국,613,389,224,0,83,138,168,164,60,0,60,90,96,90,53,0,23,48,72,74,7
20244,A,골목상권,3110158,중곡3동주민센터,268,193,75,0,14,69,86,69,30,0,8,58,54,47,26,0,6,11,32,22,4
20244,A,골목상권,3110159,구의역 4번,2715,2149,566,0,188,382,736,1110,299,0,84,251,589,963,262,0,104,131,147,147,37
20244,A,골목상권,3110160,광진경찰서,330,208,122,0,42,86,97,78,27,0,24,53,54,53,24,0,18,33,43,25,3
20244,A,골목상권,3110161,중곡역 3번,194,147,47,0,11,53,62,48,20,0,9,44,39,35,20,0,2,9,23,13,0
20244,A,골목상권,3110162,군자역 4번,181,107,74,0,21,36,49,45,30,0,14,22,26,24,21,0,7,14,23,21,9
20244,A,골목상권,3110163,성자초등학교,740,459,281,0,101,168,197,193,81,0,69,108,113,105,64,0,32,60,84,88,17
20244,A,골목상권,3110164,아차산역 5번,190,122,68,0,27,45,51,38,29,0,13,27,33,24,25,0,14,18,18,14,4
20244,A,골목상권,3110165,국립정신건강센터,310,186,124,0,38,64,86,76,46,0,26,38,46,44,32,0,12,26,40,32,14
20244,A,골목상권,3110166,구의1동주민센터,439,271,168,0,60,114,126,104,35,0,32,67,70,69,33,0,28,47,56,35,2
20244,A,골목상권,3110167,용마초등학교,499,300,199,0,57,101,138,125,78,0,40,61,74,67,58,0,17,40,64,58,20
20244,A,골목상권,3110168,대원고등학교,418,205,213,0,72,104,111,100,31,0,18,48,54,54,31,0,54,56,57,46,0
20244,A,골목상권,3110169,성동초등학교,603,373,230,0,79,133,153,156,82,0,50,88,96,82,57,0,29,45,57,74,25
20244,A,골목상권,3110170,동대부여고,389,239,150,0,56,101,111,90,31,0,30,59,60,60,30,0,26,42,51,30,1
20244,A,골목상권,3110171,중곡4동주민센터,222,111,111,0,37,56,57,54,18,0,9,27,28,29,18,0,28,29,29,25,0
20244,A,골목상권,3110172,광진초등학교,973,617,356,0,136,169,253,267,148,0,69,94,169,174,111,0,67,75,84,93,37
20244,A,골목상권,3110173,구남초등학교,542,330,212,0,65,115,131,135,96,0,37,80,88,70,55,0,28,35,43,65,41
20244,A,골목상권,3110174,아차산역 1번,683,354,329,0,113,158,179,167,66,0,34,74,93,95,58,0,79,84,86,72,8
20244,A,골목상권,3110175,푸른동산공원,874,535,339,0,101,188,210,222,153,0,57,132,143,117,86,0,44,56,67,105,67
20244,A,골목상권,3110176,해오름공원,782,387,395,0,133,196,205,186,62,0,33,92,100,100,62,0,100,104,105,86,0
20244,A,골목상권,3110177,동의초등학교,72,46,26,0,8,12,19,21,12,0,4,7,12,14,9,0,4,5,7,7,3
20244,A,골목상권,3110178,장로회신학대학교,293,180,113,0,93,78,57,46,19,0,45,50,39,32,14,0,48,28,18,14,5
20244,A,골목상권,3110179,광나루역 1번,1004,608,396,5,314,267,194,154,70,0,151,172,131,103,51,5,163,95,63,51,19
20244,A,골목상권,3110180,광진정보도서관,7034,4268,2766,43,2192,1858,1362,1091,488,5,1053,1196,922,730,362,38,1139,662,440,361,126
20244,A,골목상권,3110181,신설동역 9번,3149,1629,1520,0,386,699,777,771,516,0,182,404,409,353,281,0,204,295,368,418,235
20244,A,골목상권,3110182,용두희망어린이공원,652,342,310,0,78,147,160,159,108,0,39,84,85,73,61,0,39,63,75,86,47
20244,A,골목상권,3110183,한국의류시험연구원,829,426,403,0,100,184,207,203,135,0,46,106,109,92,73,0,54,78,98,111,62
20244,A,골목상권,3110184,용두사거리,367,188,179,0,43,82,90,92,60,0,19,46,47,43,33,0,24,36,43,49,27
20244,A,골목상권,3110185,용두초등학교,289,151,138,0,36,64,71,71,47,0,17,38,38,33,25,0,19,26,33,38,22
20244,A,골목상권,3110186,종암초등학교,97,57,40,0,9,24,26,23,15,0,3,14,16,13,11,0,6,10,10,10,4
20244,A,골목상권,3110187,제기동역 6번,2432,1256,1176,0,305,537,599,595,396,0,143,310,316,272,215,0,162,227,283,323,181
20244,A,골목상권,3110188,용두동신동아아파트,2128,1104,1024,0,263,474,523,519,349,0,124,274,276,238,192,0,139,200,247,281,157
20244,A,골목상권,3110189,제기동역 1번,669,362,307,0,77,155,169,161,107,0,34,90,95,79,64,0,43,65,74,82,43
20244,A,골목상권,3110190,고대앞사거리,118,77,41,0,12,33,30,26,17,0,3,20,21,17,16,0,9,13,9,9,1
20244,A,골목상권,3110191,고려대역 6번,115,75,40,0,12,29,31,25,18,0,4,18,22,16,15,0,8,11,9,9,3
20244,A,골목상권,3110192,동의보감타워,625,324,301,0,76,140,154,153,102,0,36,80,82,70,56,0,40,60,72,83,46
20244,A,골목상권,3110193,고려대역 4번,124,79,45,0,10,35,34,27,18,0,2,21,23,17,16,0,8,14,11,10,2
20244,A,골목상권,3110194,홍파초등학교,233,150,83,0,21,64,63,54,31,0,5,40,43,34,28,0,16,24,20,20,3
20244,A,골목상권,3110195,동대문구청,1604,833,771,0,195,356,395,397,261,0,93,205,208,183,144,0,102,151,187,214,117
20244,A,골목상권,3110196,홍릉근린공원,34,21,13,0,5,15,5,5,4,0,2,11,3,3,2,0,3,4,2,2,2
20244,A,골목상권,3110197,세종대왕기념관교차로,55,31,24,0,9,17,11,9,9,0,4,11,6,5,5,0,5,6,5,4,4
20244,A,골목상권,3110198,동대문중앙새마을금고본점,38,24,14,0,2,10,12,10,4,0,0,6,8,6,4,0,2,4,4,4,0
20244,A,골목상권,3110199,홍릉시장,286,166,120,0,38,84,64,57,43,0,13,50,40,33,30,0,25,34,24,24,13
20244,A,골목상권,3110200,동대문경찰서,73,39,34,0,13,25,13,12,10,0,4,14,8,7,6,0,9,11,5,5,4
20244,A,골목상권,3110201,전농119안전센터,13,12,1,0,0,1,5,6,1,0,0,1,5,5,1,0,0,0,0,1,0
20244,A,골목상권,3110202,전농1동주민센터(전농시장),8,8,0,0,0,0,4,4,0,0,0,0,4,4,0,0,0,0,0,0,0
20244,A,골목상권,3110203,떡전교사거리,344,188,156,0,57,105,68,65,49,0,19,63,38,38,30,0,38,42,30,27,19
20244,A,골목상권,3110204,간데메공원,744,367,377,0,104,150,213,203,74,0,72,102,81,61,51,0,32,48,132,142,23
20244,A,골목상권,3110206,텃골근린공원,20,20,0,0,0,0,10,10,0,0,0,0,10,10,0,0,0,0,0,0,0
20244,A,골목상권,3110207,시립대앞사거리,6,6,0,0,0,0,3,3,0,0,0,0,3,3,0,0,0,0,0,0,0
20244,A,골목상권,3110208,시조사삼거리,62,34,28,0,9,19,13,12,9,0,3,11,7,7,6,0,6,8,6,5,3
20244,A,골목상권,3110209,답십리 장령당공원,210,101,109,0,30,44,57,58,21,0,20,30,20,16,15,0,10,14,37,42,6
20244,A,골목상권,3110210,서울시립대,291,162,129,0,32,57,82,81,39,0,12,27,49,47,27,0,20,30,33,34,12
20244,A,골목상권,3110211,전곡마을마당공원,12,12,0,0,0,0,6,6,0,0,0,0,6,6,0,0,0,0,0,0,0
20244,A,골목상권,3110212,답십리초등학교,491,234,257,0,74,101,135,131,50,0,48,67,48,36,35,0,26,34,87,95,15
20244,A,골목상권,3110213,청량초등학교,93,41,52,0,16,26,28,18,5,0,1,11,14,11,4,0,15,15,14,7,1
20244,A,골목상권,3110214,경희대후문,440,191,249,0,81,120,126,82,31,0,8,43,63,50,27,0,73,77,63,32,4
20244,A,골목상권,3110215,회기역 1번,82,51,31,0,5,16,23,23,15,0,0,10,15,17,9,0,5,6,8,6,6
20244,A,골목상권,3110216,전농중학교,397,205,192,0,44,85,106,108,54,0,18,39,56,56,36,0,26,46,50,52,18
20244,A,골목상권,3110217,자동차부품상가,1233,906,327,0,193,279,290,259,212,0,152,215,208,177,154,0,41,64,82,82,58
20244,A,골목상권,3110218,답십리사거리,1022,751,271,0,159,230,241,217,175,0,126,178,172,148,127,0,33,52,69,69,48
20244,A,골목상권,3110219,삼육보건대학교,761,388,373,0,92,170,206,190,103,0,21,77,107,101,82,0,71,93,99,89,21
20244,A,골목상권,3110220,외대앞역 1번,494,216,278,0,96,132,142,95,29,0,13,48,69,59,27,0,83,84,73,36,2
20244,A,골목상권,3110221,의릉,244,154,90,0,17,43,50,59,75,0,5,23,26,37,63,0,12,20,24,22,12
20244,A,골목상권,3110222,회기역 2번,33,21,12,0,3,6,9,8,7,0,1,4,6,6,4,0,2,2,3,2,3
20244,A,골목상권,3110223,군자초등학교,684,433,251,0,94,133,150,152,155,0,56,86,94,93,104,0,38,47,56,59,51
20244,A,골목상권,3110224,외대앞역 2번,61,32,29,0,9,15,18,13,6,0,1,7,10,9,5,0,8,8,8,4,1
20244,A,골목상권,3110225,촬영소사거리,760,559,201,0,118,172,181,160,129,0,94,132,130,109,94,0,24,40,51,51,35
20244,A,골목상권,3110226,장안1동주민센터,2047,1302,745,0,272,405,444,459,467,0,165,264,280,277,316,0,107,141,164,182,151
20244,A,골목상권,3110227,답십리공원,709,447,262,0,147,152,161,149,100,0,90,100,97,87,73,0,57,52,64,62,27
20244,A,골목상권,3110228,장안근린공원,813,440,373,0,256,160,168,151,78,0,132,95,77,74,62,0,124,65,91,77,16
20244,A,골목상권,3110229,장평중학교,1285,812,473,0,175,254,280,282,294,0,105,164,175,171,197,0,70,90,105,111,97
20244,A,골목상권,3110230,장안현대홈타운1차아파트,369,199,170,0,112,73,77,72,35,0,58,41,37,35,28,0,54,32,40,37,7
20244,A,골목상권,3110231,장안교,172,93,79,0,48,35,37,34,18,0,24,20,18,17,14,0,24,15,19,17,4
20244,A,골목상권,3110232,동대부고,1194,645,549,0,375,232,243,223,121,0,194,133,114,109,95,0,181,99,129,114,26
20244,A,골목상권,3110233,중랑역 1번,38,31,7,0,0,0,12,7,19,0,0,0,6,6,19,0,0,0,6,1,0
20244,A,골목상권,3110234,중랑역 4번,59,43,16,0,0,1,22,15,21,0,0,0,11,11,21,0,0,1,11,4,0
20244,A,골목상권,3110236,신묵초등학교,581,410,171,0,83,150,138,168,42,0,50,103,89,126,42,0,33,47,49,42,0
20244,A,골목상권,3110237,메가박스 상봉,508,347,161,0,46,117,160,134,51,0,26,78,102,92,49,0,20,39,58,42,2
20244,A,골목상권,3110238,배꽃어린이공원,7,6,1,0,0,0,2,1,4,0,0,0,1,1,4,0,0,0,1,0,0
20244,A,골목상권,3110239,중랑역 2번,4,3,1,0,0,0,2,1,1,0,0,0,1,1,1,0,0,0,1,0,0
20244,A,골목상권,3110240,태릉시장 특화거리,18,15,3,0,0,0,4,3,11,0,0,0,2,2,11,0,0,0,2,1,0
20244,A,골목상권,3110241,먹골역 5번,651,461,190,0,91,163,160,188,49,0,55,113,105,139,49,0,36,50,55,49,0
20244,A,골목상권,3110242,면목5동주민센터,269,203,66,0,14,39,81,73,62,0,14,38,39,50,62,0,0,1,42,23,0
20244,A,골목상권,3110243,중랑노인종합복지관,190,117,73,0,4,29,48,69,40,0,0,13,25,40,39,0,4,16,23,29,1
20244,A,골목상권,3110244,중화역 4번,176,121,55,0,2,8,64,46,56,0,1,2,32,32,54,0,1,6,32,14,2
20244,A,골목상권,3110245,KB국민은행 중화동지점,28,21,7,0,0,0,10,7,11,0,0,0,5,5,11,0,0,0,5,2,0
20244,A,골목상권,3110246,월드순복음교회,721,511,210,0,80,182,239,173,47,0,47,129,161,127,47,0,33,53,78,46,0
20244,A,골목상권,3110247,먹골역 1번,635,297,338,0,49,158,202,160,66,0,12,74,85,74,52,0,37,84,117,86,14
20244,A,골목상권,3110248,먹골파출소,138,65,73,0,10,34,43,35,16,0,1,16,19,16,13,0,9,18,24,19,3
20244,A,골목상권,3110249,중화역 1번,792,416,376,0,72,178,215,196,131,0,20,66,96,115,119,0,52,112,119,81,12
20244,A,골목상권,3110250,화랑대역 7번,173,83,90,0,12,45,55,46,15,0,2,22,24,22,13,0,10,23,31,24,2
20244,A,골목상권,3110251,장안중학교,378,199,179,0,35,83,104,95,61,0,8,30,47,57,57,0,27,53,57,38,4
20244,A,골목상권,3110252,장안제일시장,693,517,176,0,41,102,206,187,157,0,41,94,100,125,157,0,0,8,106,62,0
20244,A,골목상권,3110253,중곡초등학교,446,376,70,0,6,57,141,189,53,0,3,43,107,170,53,0,3,14,34,19,0
20244,A,골목상권,3110254,오거리공원,300,245,55,0,3,36,93,125,43,0,0,24,68,110,43,0,3,12,25,15,0
20244,A,골목상권,3110255,상봉역 4번,789,566,223,0,82,204,282,183,38,0,48,151,189,140,38,0,34,53,93,43,0
20244,A,골목상권,3110256,면목2동체육관,307,186,121,0,8,49,72,109,69,0,0,21,36,66,63,0,8,28,36,43,6
20244,A,골목상권,3110257,상봉역 7번,256,195,61,0,22,42,58,74,60,0,16,31,34,55,59,0,6,11,24,19,1
20244,A,골목상권,3110258,면동초등학교,183,109,74,0,11,43,52,50,27,0,1,22,29,32,25,0,10,21,23,18,2
20244,A,골목상권,3110259,사가정역 1번,381,255,126,0,22,63,105,113,78,0,2,33,66,88,66,0,20,30,39,25,12
20244,A,골목상권,3110260,면목역 3번,102,60,42,0,6,27,32,27,10,0,0,14,18,18,10,0,6,13,14,9,0
20244,A,골목상권,3110261,사가정역 4번,204,149,55,0,5,26,64,78,31,0,0,15,42,61,31,0,5,11,22,17,0
20244,A,골목상권,3110262,상봉역 3번,628,445,183,0,71,166,213,146,32,0,41,121,140,111,32,0,30,45,73,35,0
20244,A,골목상권,3110263,면목역 1번,87,49,38,0,7,21,25,24,10,0,0,11,14,14,10,0,7,10,11,10,0
20244,A,골목상권,3110264,면목역 2번,264,149,115,0,16,69,77,71,31,0,0,36,41,41,31,0,16,33,36,30,0
20244,A,골목상권,3110265,망우역 1번,505,352,153,0,51,87,108,143,116,0,31,53,61,99,108,0,20,34,47,44,8
20244,A,골목상권,3110266,면목동우체국,299,199,100,0,15,52,81,95,56,0,0,26,50,73,50,0,15,26,31,22,6
20244,A,골목상권,3110267,망우역 2번,369,243,126,0,38,74,85,102,70,0,22,42,45,71,63,0,16,32,40,31,7
20244,A,골목상권,3110268,망우3동주민센터,91,52,39,0,0,5,25,39,22,0,0,0,8,22,22,0,0,5,17,17,0
20244,A,골목상권,3110269,용마문화복지센터,283,189,94,0,18,47,77,83,58,0,2,25,49,64,49,0,16,22,28,19,9
20244,A,골목상권,3110270,혜원여고,54,32,22,0,0,3,15,23,13,0,0,0,6,13,13,0,0,3,9,10,0
20244,A,골목상권,3110271,신내역 1번,178,85,93,0,32,38,32,48,28,0,8,16,15,24,22,0,24,22,17,24,6
20244,A,골목상권,3110272,신내1동주민센터,976,464,512,0,170,212,177,263,154,0,43,87,84,130,120,0,127,125,93,133,34
20244,A,골목상권,3110273,장스여성병원,349,175,174,0,50,71,69,103,56,0,12,29,33,53,48,0,38,42,36,50,8
20244,A,골목상권,3110274,서일대학교,329,217,112,0,14,48,93,106,68,0,1,25,51,79,61,0,13,23,42,27,7
20244,A,골목상권,3110275,하나은행 망우동지점,175,96,79,0,13,32,42,59,29,0,1,12,20,34,29,0,12,20,22,25,0
20244,A,골목상권,3110276,신내IC북측,253,119,134,0,44,56,46,68,39,0,11,23,21,34,30,0,33,33,25,34,9
20244,A,골목상권,3110277,러스크서울병원,357,193,164,0,22,63,88,123,61,0,0,21,41,70,61,0,22,42,47,53,0
20244,A,골목상권,3110278,망우본동주민센터,366,194,172,0,24,65,88,127,62,0,0,22,40,70,62,0,24,43,48,57,0
20244,A,골목상권,3110279,신내역 2번,1004,477,527,0,177,221,181,270,155,0,45,92,85,134,121,0,132,129,96,136,34
20244,A,골목상권,3110280,북정마을,754,574,180,0,97,184,219,221,33,0,53,128,173,195,25,0,44,56,46,26,8
20244,A,골목상권,3110281,길상사,1428,1088,340,0,188,350,416,415,59,0,103,245,329,370,41,0,85,105,87,45,18
20244,A,골목상권,3110282,국민대학교앞,62,50,12,0,8,22,14,11,7,0,6,16,12,10,6,0,2,6,2,1,1
20244,A,골목상권,3110283,성북초등학교앞,890,677,213,0,117,220,259,256,38,0,64,154,204,228,27,0,53,66,55,28,11
20244,A,골목상권,3110284,정릉북한산국립공원입구,259,162,97,0,14,38,65,88,54,0,2,19,42,60,39,0,12,19,23,28,15
20244,A,골목상권,3110285,홍대부중,1777,1352,425,0,234,437,515,514,77,0,129,305,407,457,54,0,105,132,108,57,23
20244,A,골목상권,3110286,한성대입구역 5번,4146,3136,1010,0,547,1019,1201,1194,185,0,297,709,946,1057,127,0,250,310,255,137,58
20244,A,골목상권,3110287,정릉3동주민센터,109,68,41,0,17,32,30,21,9,0,7,19,18,15,9,0,10,13,12,6,0
20244,A,골목상권,3110288,동구여중,1888,1435,453,0,247,463,548,548,82,0,136,323,432,487,57,0,111,140,116,61,25
20244,A,골목상권,3110289,북한산보국문역 2번,98,85,13,0,11,34,28,20,5,0,8,29,25,18,5,0,3,5,3,2,0
20244,A,골목상권,3110290,북한산보국문역 1번,199,124,75,0,11,30,48,67,43,0,1,15,31,46,31,0,10,15,17,21,12
20244,A,골목상권,3110291,한성대입구역 3번,462,229,233,0,47,113,146,119,37,0,10,47,70,76,26,0,37,66,76,43,11
20244,A,골목상권,3110292,정릉역 2번,161,69,92,0,22,42,46,35,16,0,1,17,18,17,16,0,21,25,28,18,0
20244,A,골목상권,3110293,삼선중학교,6443,4904,1539,0,846,1585,1869,1861,282,0,464,1107,1480,1656,197,0,382,478,389,205,85
20244,A,골목상권,3110294,서경대학교,468,257,211,0,36,88,126,143,75,0,2,38,67,88,62,0,34,50,59,55,13
20244,A,골목상권,3110295,정릉우체국,355,146,209,0,48,90,102,84,31,0,1,36,38,40,31,0,47,54,64,44,0
20244,A,골목상권,3110296,성신여대입구역 4번,624,361,263,1,93,147,186,119,78,0,40,83,119,82,37,1,53,64,67,37,41
20244,A,골목상권,3110297,경동고등학교,1389,785,604,0,135,361,396,335,162,0,48,191,216,225,105,0,87,170,180,110,57
20244,A,골목상권,3110298,솔숲어린이공원,88,50,38,0,7,16,20,27,18,0,0,5,10,17,18,0,7,11,10,10,0
20244,A,골목상권,3110299,정릉역 1번,584,312,272,0,87,127,132,148,90,0,13,49,67,93,90,0,74,78,65,55,0
20244,A,골목상권,3110300,삼선동주민센터,551,300,251,0,57,138,165,131,60,0,19,66,87,86,42,0,38,72,78,45,18
20244,A,골목상권,3110301,성신여대입구역 7번,257,135,122,0,34,55,62,64,42,0,11,26,34,39,25,0,23,29,28,25,17
20244,A,골목상권,3110302,보문역 8번,1606,1204,402,0,157,473,337,336,303,0,85,375,267,267,210,0,72,98,70,69,93
20244,A,골목상권,3110303,성신여대입구역 1번,314,156,158,0,37,64,74,82,57,0,10,27,37,45,37,0,27,37,37,37,20
20244,A,골목상권,3110304,보문역 4번,774,568,206,0,75,229,176,165,129,0,41,172,132,131,92,0,34,57,44,34,37
20244,A,골목상권,3110305,보문역 5번,1334,991,343,0,134,392,293,278,237,0,72,304,227,221,167,0,62,88,66,57,70
20244,A,골목상권,3110306,미아초등학교,776,381,395,50,275,191,128,86,46,21,119,101,64,39,37,29,156,90,64,47,9
20244,A,골목상권,3110307,길음역 7번,2566,1254,1312,166,900,634,430,280,156,67,388,335,213,129,122,99,512,299,217,151,34
20244,A,골목상권,3110308,길음역 8번,54,18,36,0,0,10,17,21,6,0,0,3,7,5,3,0,0,7,10,16,3
20244,A,골목상권,3110309,대광초등학교,266,182,84,0,33,72,80,58,23,0,17,46,52,44,23,0,16,26,28,14,0
20244,A,골목상권,3110310,길음역 10번,63,28,35,0,13,18,15,13,4,0,3,8,8,6,3,0,10,10,7,7,1
20244,A,골목상권,3110311,종암아이파크2차후문,120,63,57,0,9,32,44,34,1,0,4,12,20,26,1,0,5,20,24,8,0
20244,A,골목상권,3110312,안암역 2번,593,401,192,0,73,161,172,133,54,0,38,102,111,100,50,0,35,59,61,33,4
20244,A,골목상권,3110313,안암역 3번,442,302,140,0,57,120,131,100,34,0,29,77,88,74,34,0,28,43,43,26,0
20244,A,골목상권,3110314,종암경찰서,4425,2337,2088,0,378,1128,1570,1264,85,0,165,416,715,987,54,0,213,712,855,277,31
20244,A,골목상권,3110315,종암아이파크2차,4612,2431,2181,0,393,1173,1638,1320,88,0,169,431,748,1029,54,0,224,742,890,291,34
20244,A,골목상권,3110316,숭곡초등학교,961,609,352,0,26,105,202,211,417,0,0,50,105,142,312,0,26,55,97,69,105
20244,A,골목상권,3110317,종암중학교,1818,959,859,0,154,464,647,519,34,0,66,171,295,405,22,0,88,293,352,114,12
20244,A,골목상권,3110318,KT월곡지사,337,213,124,0,11,38,71,72,145,0,0,19,37,49,108,0,11,19,34,23,37
20244,A,골목상권,3110319,종암동주민센터,3849,2034,1815,0,331,980,1364,1102,72,0,144,362,623,860,45,0,187,618,741,242,27
20244,A,골목상권,3110320,KB국민은행 종암동지점,3150,1662,1488,0,270,803,1118,899,60,0,116,296,510,702,38,0,154,507,608,197,22
20244,A,골목상권,3110321,동덕여대,19,12,7,0,1,2,4,4,8,0,0,1,2,3,6,0,1,1,2,1,2
20244,A,골목상권,3110322,장위1동주민센터,147,80,67,0,26,32,40,32,17,0,12,20,20,14,14,0,14,12,20,18,3
20244,A,골목상권,3110323,상월곡역 1번,478,304,174,0,78,134,118,83,65,0,39,87,71,49,58,0,39,47,47,34,7
20244,A,골목상권,3110324,월곡역 4번,964,609,355,0,156,274,236,171,127,0,78,178,142,101,110,0,78,96,94,70,17
20244,A,골목상권,3110325,장곡초등학교,166,95,71,0,29,37,48,34,18,0,13,24,24,17,17,0,16,13,24,17,1
20244,A,골목상권,3110326,장위동성당,52,31,21,0,6,9,15,13,9,0,2,6,8,7,8,0,4,3,7,6,1
20244,A,골목상권,3110327,상월곡역 2번,341,226,115,0,40,87,90,69,55,0,20,56,53,43,54,0,20,31,37,26,1
20244,A,골목상권,3110328,상월곡역 3번,1784,1139,645,0,276,490,429,315,274,0,138,319,258,188,236,0,138,171,171,127,38
20244,A,골목상권,3110329,우리은행체육관,252,160,92,0,22,46,60,67,57,0,3,24,34,43,56,0,19,22,26,24,1
20244,A,골목상권,3110330,돌곶이역 1번,225,153,72,0,2,34,69,62,58,0,0,17,39,42,55,0,2,17,30,20,3
20244,A,골목상권,3110331,돌곶이역 8번,289,226,63,0,4,31,48,63,143,0,1,26,29,46,124,0,3,5,19,17,19
20244,A,골목상권,3110332,돌곶이역 3번,152,101,51,0,5,27,41,41,38,0,0,14,24,28,35,0,5,13,17,13,3
20244,A,골목상권,3110333,돌곶이역 5번,232,183,49,0,2,26,39,48,117,0,1,21,24,35,102,0,1,5,15,13,15
20244,A,골목상권,3110334,석관중앙교회,136,112,24,0,0,13,23,27,73,0,0,12,15,20,65,0,0,1,8,7,8
20244,A,골목상권,3110335,석계역 7번,350,272,78,0,2,40,62,71,175,0,1,29,40,51,151,0,1,11,22,20,24
20244,A,골목상권,3110336,석관고등학교,201,157,44,0,0,22,37,42,100,0,0,18,23,30,86,0,0,4,14,12,14
20244,A,골목상권,3110337,아카데미하우스,454,296,158,0,9,28,67,121,229,0,0,12,41,86,157,0,9,16,26,35,72
20244,A,골목상권,3110338,인수초등학교,91,56,35,0,6,18,25,29,13,0,1,10,16,18,11,0,5,8,9,11,2
20244,A,골목상권,3110339,국립4.19민주묘지,137,88,49,0,3,7,18,35,74,0,0,3,10,25,50,0,3,4,8,10,24
20244,A,골목상권,3110340,인수중학교,284,175,109,0,20,51,74,88,51,0,4,30,47,55,39,0,16,21,27,33,12
20244,A,골목상권,3110341,북한산우이역 2번,453,292,161,0,9,21,59,117,247,0,0,9,32,85,166,0,9,12,27,32,81
20244,A,골목상권,3110342,국립재활원,114,72,42,0,5,24,33,37,15,0,0,14,22,22,14,0,5,10,11,15,1
20244,A,골목상권,3110343,무너미어린이공원,186,118,68,0,8,26,44,55,53,0,1,14,27,34,42,0,7,12,17,21,11
20244,A,골목상권,3110344,화계중학교,56,25,31,0,3,8,16,21,8,0,0,2,7,9,7,0,3,6,9,12,1
20244,A,골목상권,3110345,솔밭공원역 2번,397,254,143,0,5,15,56,103,218,0,0,5,31,73,145,0,5,10,25,30,73
20244,A,골목상권,3110346,4.19민주묘지역 2번,239,155,84,0,5,11,31,60,132,0,0,5,17,44,89,0,5,6,14,16,43
20244,A,골목상권,3110347,구세군강북종합사회복지관,4,3,1,0,0,0,2,1,1,0,0,0,1,1,1,0,0,0,1,0,0
20244,A,골목상권,3110348,강북문화예술회관,401,251,150,0,26,77,110,131,57,0,4,45,72,79,51,0,22,32,38,52,6
20244,A,골목상권,3110349,화계역 2번,44,18,26,0,3,6,14,15,6,0,0,1,5,6,6,0,3,5,9,9,0
20244,A,골목상권,3110350,가오리역 2번,258,160,98,0,16,50,72,83,37,0,3,29,46,50,32,0,13,21,26,33,5
20244,A,골목상권,3110351,수유북부시장옆,368,223,145,0,23,76,101,117,51,0,3,44,63,69,44,0,20,32,38,48,7
20244,A,골목상권,3110352,수유1동주민센터,233,102,131,0,12,33,72,81,35,0,0,9,26,35,32,0,12,24,46,46,3
20244,A,골목상권,3110353,수유동우체국,246,137,109,0,0,5,46,82,113,0,0,3,32,58,44,0,0,2,14,24,69
20244,A,골목상권,3110354,삼각산119안전센터,180,97,83,0,32,51,60,26,11,0,12,28,33,13,11,0,20,23,27,13,0
20244,A,골목상권,3110355,삼양사거리역 2번,35,29,6,0,0,4,5,12,14,0,0,2,3,10,14,0,0,2,2,2,0
20244,A,골목상권,3110356,덕수교,218,118,100,0,5,8,47,72,86,0,0,3,28,48,39,0,5,5,19,24,47
20244,A,골목상권,3110357,가오리역 1번,259,142,117,0,0,3,52,83,121,0,0,2,35,58,47,0,0,1,17,25,74
20244,A,골목상권,3110358,인수동 우편취급국,632,386,246,0,44,126,174,199,89,0,10,72,108,121,75,0,34,54,66,78,14
20244,A,골목상권,3110359,수유시장옆,119,66,53,0,6,30,32,40,11,0,1,13,15,27,10,0,5,17,17,13,1
20244,A,골목상권,3110360,수유초등학교,302,138,164,0,15,44,93,103,47,0,0,12,39,44,43,0,15,32,54,59,4
20244,A,골목상권,3110361,삼양사거리역 1번,40,25,15,0,0,1,5,15,19,0,0,0,1,11,13,0,0,1,4,4,6
20244,A,골목상권,3110362,우이천 계성교,406,226,180,0,0,3,80,133,190,0,0,3,53,94,76,0,0,0,27,39,114
20244,A,골목상권,3110363,송천동주민센터,20,12,8,0,0,1,3,7,9,0,0,0,1,5,6,0,0,1,2,2,3
20244,A,골목상권,3110364,미아역 8번,92,59,33,0,3,10,37,32,10,0,0,5,22,24,8,0,3,5,15,8,2
20244,A,골목상권,3110365,미아역 5번,35,24,11,0,0,4,8,12,11,0,0,2,5,9,8,0,0,2,3,3,3
20244,A,골목상권,3110366,광산사거리,112,59,53,0,5,30,34,34,9,0,0,13,17,21,8,0,5,17,17,13,1
20244,A,골목상권,3110367,강북구청,470,242,228,0,31,120,129,135,55,0,6,50,59,85,42,0,25,70,70,50,13
20244,A,골목상권,3110368,송천초등학교,32,22,10,0,0,1,3,10,18,0,0,0,1,9,12,0,0,1,2,1,6
20244,A,골목상권,3110369,성신여대운정그린캠퍼스,270,153,117,0,18,42,90,88,32,0,5,21,48,54,25,0,13,21,42,34,7
20244,A,골목상권,3110370,도봉세무서,123,76,47,0,0,7,16,42,58,0,0,2,6,32,36,0,0,5,10,10,22
20244,A,골목상권,3110371,삼양입구사거리,61,34,27,0,0,2,8,21,30,0,0,0,2,15,17,0,0,2,6,6,13
20244,A,골목상권,3110372,강북중학교,149,79,70,0,6,39,42,45,17,0,0,16,19,29,15,0,6,23,23,16,2
20244,A,골목상권,3110373,수유역 2번,228,148,80,0,21,46,45,66,50,0,9,31,30,47,31,0,12,15,15,19,19
20244,A,골목상권,3110374,송중초등학교,218,108,110,0,7,30,73,68,40,0,0,9,31,31,37,0,7,21,42,37,3
20244,A,골목상권,3110375,서울북부고용노동지청,292,140,152,0,32,30,88,101,41,0,12,16,37,50,25,0,20,14,51,51,16
20244,A,골목상권,3110376,수송초등학교,238,153,85,0,16,50,48,69,55,0,5,34,32,48,34,0,11,16,16,21,21
20244,A,골목상권,3110377,미아사거리역 3번,50,25,25,0,1,7,18,16,8,0,0,1,8,8,8,0,1,6,10,8,0
20244,A,골목상권,3110378,송중동주민센터,59,30,29,0,1,8,22,18,10,0,0,3,9,9,9,0,1,5,13,9,1
20244,A,골목상권,3110379,KT&G 북부지사,32,21,11,0,2,7,6,9,8,0,1,5,4,6,5,0,1,2,2,3,3
20244,A,골목상권,3110380,강북문화정보도서관,3,1,2,0,0,0,1,2,0,0,0,0,0,1,0,0,0,0,1,1,0
20244,A,골목상권,3110381,번동주공2단지,262,143,119,0,26,40,65,77,54,0,8,20,36,43,36,0,18,20,29,34,18
20244,A,골목상권,3110382,솔밭공원역 1번,155,75,80,0,12,23,45,49,26,0,0,7,16,26,26,0,12,16,29,23,0
20244,A,골목상권,3110383,덕성여대시반거리,259,124,135,0,23,37,75,81,43,0,0,11,27,43,43,0,23,26,48,38,0
20244,A,골목상권,3110384,문이교,28,13,15,0,3,3,9,8,5,0,0,0,3,5,5,0,3,3,6,3,0
20244,A,골목상권,3110385,효문고등학교,28,14,14,0,1,2,8,11,6,0,0,0,2,6,6,0,1,2,6,5,0
20244,A,골목상권,3110386,연산군묘,149,92,57,0,26,34,35,34,20,0,17,20,23,17,15,0,9,14,12,17,5
20244,A,골목상권,3110387,쌍문초등학교,319,151,168,0,25,47,97,99,51,0,0,16,33,51,51,0,25,31,64,48,0
20244,A,골목상권,3110388,도봉우체국,100,44,56,0,21,24,26,26,3,0,1,11,14,15,3,0,20,13,12,11,0
20244,A,골목상권,3110389,한일병원,257,117,140,0,57,60,66,61,13,0,9,27,34,35,12,0,48,33,32,26,1
20244,A,골목상권,3110390,방학초등학교,573,333,240,0,89,129,136,132,87,0,57,73,82,64,57,0,32,56,54,68,30
20244,A,골목상권,3110391,샘말어린이공원,90,38,52,0,0,18,24,18,30,0,0,9,10,9,10,0,0,9,14,9,20
20244,A,골목상권,3110392,발바닥공원,265,141,124,0,22,64,78,72,29,0,5,31,39,39,27,0,17,33,39,33,2
20244,A,골목상권,3110393,국민은행방학지점,429,258,171,0,75,98,100,100,56,0,48,56,63,48,43,0,27,42,37,52,13
20244,A,골목상권,3110394,방학중학교,141,64,77,0,0,30,38,30,43,0,0,15,17,15,17,0,0,15,21,15,26
20244,A,골목상권,3110395,신한은행 방학동지점,321,186,135,0,32,70,78,96,45,0,18,40,40,54,34,0,14,30,38,42,11
20244,A,골목상권,3110396,쌍문역1번(쌍리단길),382,169,213,0,48,78,106,109,41,0,14,30,46,50,29,0,34,48,60,59,12
20244,A,골목상권,3110397,도봉산입구,497,370,127,0,0,25,128,207,137,0,0,15,78,153,124,0,0,10,50,54,13
20244,A,골목상권,3110398,쌍문2동우체국,415,246,169,0,35,70,102,133,75,0,2,33,54,87,70,0,33,37,48,46,5
20244,A,골목상권,3110399,창2동주민센터,715,425,290,0,72,173,206,176,88,0,32,107,114,91,81,0,40,66,92,85,7
20244,A,골목상권,3110400,도봉구보건소,330,199,131,0,26,50,83,109,62,0,2,24,44,73,56,0,24,26,39,36,6
20244,A,골목상권,3110401,도봉구민회관,689,439,250,0,78,154,169,148,140,0,40,107,115,82,95,0,38,47,54,66,45
20244,A,골목상권,3110402,도봉구 정병원,389,229,160,0,38,79,96,121,55,0,17,45,49,72,46,0,21,34,47,49,9
20244,A,골목상권,3110403,방학1동주민센터,1436,836,600,0,140,321,356,434,185,0,78,185,185,246,142,0,62,136,171,188,43
20244,A,골목상권,3110404,신창초등학교,390,219,171,0,0,70,182,132,6,0,0,48,111,54,6,0,0,22,71,78,0
20244,A,골목상권,3110405,방학역 1번,1051,631,420,0,94,208,258,334,157,0,52,121,137,198,123,0,42,87,121,136,34
20244,A,골목상권,3110406,도봉산역 1번,274,203,71,0,0,14,71,117,72,0,0,9,42,86,66,0,0,5,29,31,6
20244,A,골목상권,3110407,도봉역 2번,499,373,126,0,0,22,131,211,135,0,0,12,79,158,124,0,0,10,52,53,11
20244,A,골목상권,3110408,가인초등학교,1022,651,371,0,112,229,252,221,208,0,58,158,172,122,141,0,54,71,80,99,67
20244,A,골목상권,3110409,창동역 2번,1140,727,413,0,125,257,281,246,231,0,65,179,191,137,155,0,60,78,90,109,76
20244,A,골목상권,3110410,방학역 2번,1257,756,501,0,99,231,281,362,284,0,51,131,149,213,212,0,48,100,132,149,72
20244,A,골목상권,3110411,도봉역 3번,386,251,135,0,10,44,64,100,168,0,2,22,36,65,126,0,8,22,28,35,42
20244,A,골목상권,3110412,창동중학교,124,72,52,0,12,27,30,37,18,0,6,15,16,21,14,0,6,12,14,16,4
20244,A,골목상권,3110413,누원고등학교,219,141,78,0,6,26,37,57,93,0,2,13,20,37,69,0,4,13,17,20,24
20244,A,골목상권,3110414,장석교회,177,96,81,0,26,43,48,35,25,0,11,26,24,18,17,0,15,17,24,17,8
20244,A,골목상권,3110415,수락산역 4번,1942,1236,706,0,223,406,468,494,351,0,135,271,306,310,214,0,88,135,162,184,137
20244,A,골목상권,3110416,노원초등학교,602,384,218,0,68,126,146,152,110,0,41,85,95,95,68,0,27,41,51,57,42
20244,A,골목상권,3110417,월계역 3번,29,12,17,0,2,7,8,10,2,0,0,2,2,6,2,0,2,5,6,4,0
20244,A,골목상권,3110418,광운대학교 남단,125,68,57,0,16,32,36,24,17,0,6,20,18,12,12,0,10,12,18,12,5
20244,A,골목상권,3110419,수락산디자인거리,1062,676,386,0,123,223,252,269,195,0,75,148,165,168,120,0,48,75,87,101,75
20244,A,골목상권,3110420,광운대역 1번,398,214,184,0,64,96,104,78,56,0,27,57,52,39,39,0,37,39,52,39,17
20244,A,골목상권,3110421,석계역 1번,415,225,190,0,64,100,110,81,60,0,28,60,55,41,41,0,36,40,55,40,19
20244,A,골목상권,3110422,노원역 9번,55,27,28,0,3,8,17,17,10,0,0,6,7,7,7,0,3,2,10,10,3
20244,A,골목상권,3110423,석계역 2번,249,130,119,0,33,53,67,58,38,0,13,30,33,29,25,0,20,23,34,29,13
20244,A,골목상권,3110424,상계초등학교,145,70,75,0,12,19,44,44,26,0,2,12,20,20,16,0,10,7,24,24,10
20244,A,골목상권,3110425,계상초등학교,307,153,154,0,3,14,61,92,137,0,0,10,24,41,78,0,3,4,37,51,59
20244,A,골목상권,3110426,상계2동주민센터,222,110,112,0,19,36,62,62,43,0,2,22,30,30,26,0,17,14,32,32,17
20244,A,골목상권,3110427,노원 을지대학교병원,89,55,34,0,11,18,23,25,12,0,5,10,14,17,9,0,6,8,9,8,3
20244,A,골목상권,3110428,상계5동주민센터,594,303,291,0,1,19,104,174,296,0,0,15,42,76,170,0,1,4,62,98,126
20244,A,골목상권,3110429,공릉동 국수거리,2039,1105,934,0,216,308,450,560,505,0,99,166,224,291,325,0,117,142,226,269,180
20244,A,골목상권,3110430,중계초등학교,214,119,95,0,19,45,51,58,41,0,7,22,27,31,32,0,12,23,24,27,9
20244,A,골목상권,3110431,상계역,627,345,282,0,56,128,149,170,124,0,18,62,79,91,95,0,38,66,70,79,29
20244,A,골목상권,3110432,대진고등학교,905,575,330,0,104,187,231,257,126,0,49,109,137,181,99,0,55,78,94,76,27
20244,A,골목상권,3110433,공릉역 2번,588,320,268,0,59,92,131,161,145,0,27,51,65,84,93,0,32,41,66,77,52
20244,A,골목상권,3110434,태릉입구역 4번,280,149,131,0,29,44,61,75,71,0,12,24,30,38,45,0,17,20,31,37,26
20244,A,골목상권,3110435,서울과학기술대,132,62,70,0,22,32,32,31,15,0,7,15,15,15,10,0,15,17,17,16,5
20244,A,골목상권,3110436,상계제일중학교,355,196,159,0,31,73,85,97,69,0,10,34,45,52,55,0,21,39,40,45,14
20244,A,골목상권,3110437,당고개역 2번,254,199,55,0,1,8,72,113,60,0,0,4,48,89,58,0,1,4,24,24,2
20244,A,골목상권,3110438,경춘선숲길 우측,798,371,427,0,135,200,194,185,84,0,42,91,91,92,55,0,93,109,103,93,29
20244,A,골목상권,3110439,당고개역 5번,141,110,31,0,1,2,39,65,34,0,0,1,25,51,33,0,1,1,14,14,1
20244,A,골목상권,3110440,상계3동4동주민센터,105,83,22,0,0,6,27,45,27,0,0,3,18,36,26,0,0,3,9,9,1
20244,A,골목상권,3110441,영신여고,194,87,107,0,17,35,53,67,22,0,7,18,20,28,14,0,10,17,33,39,8
20244,A,골목상권,3110442,화랑대철도공원,101,46,55,0,18,25,24,24,10,0,6,11,11,12,6,0,12,14,13,12,4
20244,A,골목상권,3110443,수색역 1번,51,32,19,0,6,14,13,10,8,0,3,9,8,6,6,0,3,5,5,4,2
20244,A,골목상권,3110444,수색성당,375,248,127,0,47,102,104,87,35,0,22,68,69,59,30,0,25,34,35,28,5
20244,A,골목상권,3110445,덕산중학교,52,28,24,0,3,11,12,14,12,0,0,5,7,7,9,0,3,6,5,7,3
20244,A,골목상권,3110446,내를건너서숲으로도서관,256,191,65,0,24,50,68,68,46,0,22,37,40,46,46,0,2,13,28,22,0
20244,A,골목상권,3110447,구산초등학교,83,45,38,0,8,15,19,30,11,0,2,7,9,19,8,0,6,8,10,11,3
20244,A,골목상권,3110448,상신초등학교입구,77,59,18,0,6,14,21,21,15,0,6,11,12,15,15,0,0,3,9,6,0
20244,A,골목상권,3110449,증산역 3번,809,539,270,0,99,222,226,190,72,0,45,149,151,131,63,0,54,73,75,59,9
20244,A,골목상권,3110450,시립서북병원,886,442,444,0,124,175,222,238,127,0,42,79,106,127,88,0,82,96,116,111,39
20244,A,골목상권,3110451,증산역 4번,541,364,177,0,66,148,154,127,46,0,30,102,102,88,42,0,36,46,52,39,4
20244,A,골목상권,3110452,새절역 3번,602,439,163,0,58,125,163,155,101,0,49,89,95,106,100,0,9,36,68,49,1
20244,A,골목상권,3110453,신사1동주민센터,878,475,403,0,69,190,209,229,181,0,22,92,117,110,134,0,47,98,92,119,47
20244,A,골목상권,3110454,선정중학교,268,145,123,0,15,54,79,79,41,0,7,31,39,35,33,0,8,23,40,44,8
20244,A,골목상권,3110455,역촌노인복지관,588,285,303,0,90,121,155,139,83,0,29,54,75,67,60,0,61,67,80,72,23
20244,A,골목상권,3110456,구산보건지소,745,384,361,0,94,145,178,218,110,0,34,64,86,127,73,0,60,81,92,91,37
20244,A,골목상권,3110457,예일여고,582,311,271,0,66,108,133,189,86,0,26,48,62,117,58,0,40,60,71,72,28
20244,A,골목상권,3110458,선일여고,381,202,179,0,38,80,100,104,59,0,17,45,49,48,43,0,21,35,51,56,16
20244,A,골목상권,3110459,응암역 2번,616,301,315,0,91,126,162,147,90,0,30,57,78,70,66,0,61,69,84,77,24
20244,A,골목상권,3110460,구산역 4번,887,458,429,0,75,178,243,247,144,0,34,100,115,109,100,0,41,78,128,138,44
20244,A,골목상권,3110461,새절역 2번,82,40,42,0,4,20,26,22,10,0,0,10,12,10,8,0,4,10,14,12,2
20244,A,골목상권,3110462,갈현건영아파트,266,137,129,0,44,64,64,61,33,0,16,33,32,31,25,0,28,31,32,30,8
20244,A,골목상권,3110463,응암3동주민센터,135,65,70,0,6,34,46,36,13,0,0,17,20,16,12,0,6,17,26,20,1
20244,A,골목상권,3110464,연신내역 5번,535,275,260,0,47,105,145,149,89,0,22,59,68,64,62,0,25,46,77,85,27
20244,A,골목상권,3110465,연신내역 7번,356,183,173,0,51,84,91,85,45,0,18,44,45,42,34,0,33,40,46,43,11
20244,A,골목상권,3110466,구산역 2번,252,119,133,0,42,49,68,60,33,0,15,21,32,28,23,0,27,28,36,32,10
20244,A,골목상권,3110467,은평요양병원,384,191,193,0,65,92,92,90,45,0,21,46,46,46,32,0,44,46,46,44,13
20244,A,골목상권,3110468,응암역 3번,1243,589,654,0,199,252,334,293,165,0,63,111,159,139,117,0,136,141,175,154,48
20244,A,골목상권,3110469,응암정보도서관,543,266,277,0,28,142,172,145,56,0,0,71,79,66,50,0,28,71,93,79,6
20244,A,골목상권,3110470,신진과학기술고등학교,93,51,42,0,7,16,24,22,24,0,2,8,12,11,18,0,5,8,12,11,6
20244,A,골목상권,3110471,응암동우체국,451,291,160,0,36,59,127,138,91,0,20,34,71,80,86,0,16,25,56,58,5
20244,A,골목상권,3110472,연신내역 4번,254,123,131,0,21,57,76,65,35,0,1,28,37,28,29,0,20,29,39,37,6
20244,A,골목상권,3110473,구산역 1번,265,131,134,0,21,60,79,68,37,0,2,30,38,30,31,0,19,30,41,38,6
20244,A,골목상권,3110474,세명컴퓨터고등학교,309,150,159,0,5,42,49,71,142,0,0,23,19,28,80,0,5,19,30,43,62
20244,A,골목상권,3110475,백련산해모로아파트,209,126,83,0,18,31,51,53,56,0,9,16,28,29,44,0,9,15,23,24,12
20244,A,골목상권,3110476,역촌역 2번,44,21,23,0,3,10,14,11,6,0,0,5,6,5,5,0,3,5,8,6,1
20244,A,골목상권,3110477,은평세무서,847,463,384,0,86,172,221,216,152,0,39,84,110,122,108,0,47,88,111,94,44
20244,A,골목상권,3110478,응암1동주민센터,291,164,127,0,25,45,72,70,79,0,9,21,38,36,60,0,16,24,34,34,19
20244,A,골목상권,3110479,연신내역 2번,601,285,316,0,14,84,100,134,269,0,1,43,41,53,147,0,13,41,59,81,122
20244,A,골목상권,3110480,연신내역 3번,233,96,137,0,32,56,65,54,26,0,11,24,26,22,13,0,21,32,39,32,13
20244,A,골목상권,3110481,불광역 7번,394,196,198,0,34,88,114,100,58,0,7,44,56,44,45,0,27,44,58,56,13
20244,A,골목상권,3110482,연신초등학교,341,163,178,0,9,46,57,77,152,0,1,24,22,31,85,0,8,22,35,46,67
20244,A,골목상권,3110483,연천초등학교,80,33,47,0,9,19,26,18,8,0,3,8,11,7,4,0,6,11,15,11,4
20244,A,골목상권,3110484,역촌역 3번,417,221,196,0,43,99,118,111,46,0,19,47,55,66,34,0,24,52,63,45,12
20244,A,골목상권,3110485,연신내우체국,273,126,147,0,6,35,43,61,128,0,0,18,17,21,70,0,6,17,26,40,58
20244,A,골목상권,3110486,은평구청,804,427,377,0,89,188,218,216,93,0,43,90,103,129,62,0,46,98,115,87,31
20244,A,골목상권,3110487,불광역 8번,470,199,271,0,63,113,130,110,54,0,21,48,54,48,28,0,42,65,76,62,26
20244,A,골목상권,3110488,우리은행응암동지점,299,167,132,0,25,50,72,69,83,0,9,24,38,35,61,0,16,26,34,34,22
20244,A,골목상권,3110489,불광역 3번,92,49,43,0,10,21,28,24,9,0,5,10,13,15,6,0,5,11,15,9,3
20244,A,골목상권,3110490,녹번동근린공원,2101,1119,982,0,229,492,577,564,239,0,108,238,275,337,161,0,121,254,302,227,78
20244,A,골목상권,3110491,불광중학교,93,44,49,0,4,16,18,21,34,0,0,8,8,9,19,0,4,8,10,12,15
20244,A,골목상권,3110492,하나고등학교,109,57,52,0,9,28,32,26,14,0,4,18,18,10,7,0,5,10,14,16,7
20244,A,골목상권,3110493,북가좌초등학교,245,206,39,0,0,5,27,54,159,0,0,1,13,39,153,0,0,4,14,15,6
20244,A,골목상권,3110494,증산3교남측,46,39,7,0,0,0,4,11,31,0,0,0,1,7,31,0,0,0,3,4,0
20244,A,골목상권,3110495,북가좌2동주민센터,446,222,224,0,57,91,104,117,77,0,9,46,58,61,48,0,48,45,46,56,29
20244,A,골목상권,3110496,모래내우체국,431,220,211,0,56,86,101,113,75,0,9,44,59,61,47,0,47,42,42,52,28
20244,A,골목상권,3110497,가좌역 3번,704,478,226,0,33,67,109,169,326,0,21,43,64,99,251,0,12,24,45,70,75
20244,A,골목상권,3110498,증산역 1번,162,79,83,0,11,38,48,45,20,0,0,19,23,22,15,0,11,19,25,23,5
20244,A,골목상권,3110499,연가초등학교,129,63,66,0,14,28,31,34,22,0,0,14,17,18,14,0,14,14,14,16,8
20244,A,골목상권,3110500,남가좌동현대아파트,116,63,53,0,9,22,32,34,19,0,2,12,16,19,14,0,7,10,16,15,5
20244,A,골목상권,3110501,연희어린이공원,356,241,115,0,54,91,78,102,31,0,30,62,50,75,24,0,24,29,28,27,7
20244,A,골목상권,3110502,남가좌파출소,386,197,189,0,26,77,122,121,40,0,1,35,59,65,37,0,25,42,63,56,3
20244,A,골목상권,3110503,명지대학교교회,1008,636,372,0,145,269,264,234,96,0,78,169,160,152,77,0,67,100,104,82,19
20244,A,골목상권,3110504,명지전문대,75,50,25,0,11,21,19,17,7,0,7,14,12,11,6,0,4,7,7,6,1
20244,A,골목상권,3110505,홍남교남측,97,64,33,0,15,24,21,28,9,0,8,16,13,20,7,0,7,8,8,8,2
20244,A,골목상권,3110506,연희임광아파트,279,189,90,0,44,70,59,80,26,0,25,48,38,59,19,0,19,22,21,21,7
20244,A,골목상권,3110507,명지대학교,912,541,371,0,112,222,251,239,88,0,48,129,142,146,76,0,64,93,109,93,12
20244,A,골목상권,3110508,서연중학교,582,392,190,0,89,148,127,170,48,0,50,101,80,123,38,0,39,47,47,47,10
20244,A,골목상권,3110509,연희대우아파트앞,398,235,163,0,61,107,98,97,35,0,27,56,55,68,29,0,34,51,43,29,6
20244,A,골목상권,3110510,홍연시장,407,271,136,0,64,103,90,114,36,0,37,69,56,82,27,0,27,34,34,32,9
20244,A,골목상권,3110511,연희초등학교,1005,674,331,0,156,254,217,288,90,0,88,173,137,209,67,0,68,81,80,79,23
20244,A,골목상권,3110512,연희지하차도,1568,1051,517,0,242,395,341,446,144,0,136,269,217,323,106,0,106,126,124,123,38
20244,A,골목상권,3110513,연희파출소,1002,671,331,0,156,254,217,284,91,0,89,172,138,205,67,0,67,82,79,79,24
20244,A,골목상권,3110514,서대문우체국,49,27,22,0,5,17,14,11,2,0,2,7,7,9,2,0,3,10,7,2,0
20244,A,골목상권,3110515,홍은중학교,184,125,59,0,28,52,47,40,17,0,17,35,31,29,13,0,11,17,16,11,4
20244,A,골목상권,3110516,정원여중,199,131,68,0,31,55,50,43,20,0,18,36,32,30,15,0,13,19,18,13,5
20244,A,골목상권,3110517,서대문소방서,526,354,172,0,83,132,112,151,48,0,46,90,71,110,37,0,37,42,41,41,11
20244,A,골목상권,3110518,서대문구청,566,378,188,0,89,142,122,160,53,0,50,96,77,116,39,0,39,46,45,44,14
20244,A,골목상권,3110519,서대문구보건소별관,673,346,327,0,66,101,173,240,93,0,14,45,91,135,61,0,52,56,82,105,32
20244,A,골목상권,3110520,경의중앙 신촌역,56,29,27,0,9,17,14,12,4,0,2,7,7,9,4,0,7,10,7,3,0
20244,A,골목상권,3110521,홍제역 4번,210,108,102,0,21,32,53,75,29,0,6,14,28,42,18,0,15,18,25,33,11
20244,A,골목상권,3110522,홍제역 3번,349,178,171,0,33,51,92,125,48,0,7,22,48,70,31,0,26,29,44,55,17
20244,A,골목상권,3110523,홍제성원아파트,21,11,10,0,1,2,6,9,3,0,0,1,3,5,2,0,1,1,3,4,1
20244,A,골목상권,3110524,연희세브란스병원,69,37,32,0,11,18,19,15,6,0,4,7,10,10,6,0,7,11,9,5,0
20244,A,골목상권,3110525,홍은종합사회복지관,952,181,771,0,27,69,264,461,131,0,9,22,48,54,48,0,18,47,216,407,83
20244,A,골목상권,3110526,봉원사,13,7,6,0,2,3,4,3,1,0,1,1,2,2,1,0,1,2,2,1,0
20244,A,골목상권,3110527,홍제역 2번,154,77,77,0,18,27,38,39,32,0,5,16,18,20,18,0,13,11,20,19,14
20244,A,골목상권,3110528,서울여자간호대학교,170,83,87,0,6,13,35,51,65,0,0,3,14,28,38,0,6,10,21,23,27
20244,A,골목상권,3110529,홍제3동주민센터,273,133,140,0,10,23,58,79,103,0,0,7,23,42,61,0,10,16,35,37,42
20244,A,골목상권,3110530,아현역 1번,130,92,38,0,14,30,36,37,13,0,5,22,27,27,11,0,9,8,9,10,2
20244,A,골목상권,3110531,홍지문,326,80,246,0,15,34,89,145,43,0,6,14,21,22,17,0,9,20,68,123,26
20244,A,골목상권,3110532,아현역 2번,426,312,114,0,44,97,121,121,43,0,17,71,94,94,36,0,27,26,27,27,7
20244,A,골목상권,3110533,충정로역 7번,90,64,26,0,9,24,25,24,8,0,4,17,18,18,7,0,5,7,7,6,1
20244,A,골목상권,3110534,경기대학교,194,124,70,0,23,51,53,47,20,0,10,32,34,32,16,0,13,19,19,15,4
20244,A,골목상권,3110535,영천시장입구,201,106,95,0,13,31,56,74,27,0,1,14,31,43,17,0,12,17,25,31,10
20244,A,골목상권,3110536,돈의문센트레빌아파트입구,199,113,86,0,19,40,52,62,26,0,6,21,31,38,17,0,13,19,21,24,9
20244,A,골목상권,3110537,충정로현대아파트,1228,765,463,0,151,314,327,293,143,0,71,191,208,193,102,0,80,123,119,100,41
20244,A,골목상권,3110538,충정로역 3번,429,267,162,0,54,109,116,101,49,0,25,66,74,67,35,0,29,43,42,34,14
20244,A,골목상권,3110539,미근동,1289,804,485,0,158,331,342,307,151,0,74,201,217,203,109,0,84,130,125,104,42
20244,A,골목상권,3110540,망원나들목체육관,149,89,60,0,45,42,29,23,10,0,28,24,14,14,9,0,17,18,15,9,1
20244,A,골목상권,3110541,동교초등학교,958,578,380,0,119,180,208,293,158,0,67,134,147,139,91,0,52,46,61,154,67
20244,A,골목상권,3110542,마포구청역 7번,1552,936,616,0,193,287,332,480,260,0,109,214,237,225,151,0,84,73,95,255,109
20244,A,골목상권,3110543,중암중학교,4,2,2,0,0,0,2,2,0,0,0,0,1,1,0,0,0,0,1,1,0
20244,A,골목상권,3110544,망리단길,1811,1036,775,0,526,533,373,259,120,0,306,287,181,157,105,0,220,246,192,102,15
20244,A,골목상권,3110545,마포구청역 1번,909,406,503,0,65,175,252,300,117,0,19,86,114,116,71,0,46,89,138,184,46
20244,A,골목상권,3110546,양화대교북단,290,162,128,0,48,87,79,52,24,0,17,43,49,35,18,0,31,44,30,17,6
20244,A,골목상권,3110547,KB국민은행 망원동지점,963,583,380,0,120,180,207,294,162,0,67,135,147,139,95,0,53,45,60,155,67
20244,A,골목상권,3110548,마포구청역 4번,1019,683,336,0,126,212,238,198,245,0,62,133,153,140,195,0,64,79,85,58,50
20244,A,골목상권,3110549,새터산,114,50,64,0,6,21,34,39,14,0,1,10,15,15,9,0,5,11,19,24,5
20244,A,골목상권,3110550,합정역 8번,1073,602,471,0,178,310,290,196,99,0,66,153,180,130,73,0,112,157,110,66,26
20244,A,골목상권,3110551,성서초등학교,600,398,202,0,76,126,135,121,142,0,38,78,86,83,113,0,38,48,49,38,29
20244,A,골목상권,3110552,성미산체육관,1429,949,480,0,182,297,329,282,339,0,91,185,208,195,270,0,91,112,121,87,69
20244,A,골목상권,3110553,가좌역 2번,349,157,192,0,22,70,98,116,43,0,6,35,44,45,27,0,16,35,54,71,16
20244,A,골목상권,3110554,망원역 1번,1426,727,699,0,299,402,335,232,158,0,121,201,185,122,98,0,178,201,150,110,60
20244,A,골목상권,3110555,홍익지구대,275,140,135,0,59,78,64,45,29,0,24,39,35,24,18,0,35,39,29,21,11
20244,A,골목상권,3110556,절두산순교성지,146,85,61,0,22,45,38,28,13,0,9,22,25,19,10,0,13,23,13,9,3
20244,A,골목상권,3110557,홍대부속여중고앞,1045,619,426,0,170,256,241,193,185,0,77,143,143,120,136,0,93,113,98,73,49
20244,A,골목상권,3110558,경성고등학교,2058,1364,694,0,261,446,482,412,457,0,125,270,306,289,374,0,136,176,176,123,83
20244,A,골목상권,3110559,성산중학교,816,456,360,0,135,234,222,147,78,0,51,114,138,96,57,0,84,120,84,51,21
20244,A,골목상권,3110560,마포FM,421,275,146,0,56,94,101,87,83,0,26,55,62,61,71,0,30,39,39,26,12
20244,A,골목상권,3110561,상수역 4번,425,275,150,0,73,107,104,82,59,0,35,65,70,58,47,0,38,42,34,24,12
20244,A,골목상권,3110562,연트럴파크(연남동주민센터),486,312,174,0,76,119,122,104,65,0,32,65,75,75,65,0,44,54,47,29,0
20244,A,골목상권,3110563,상수역 3번,331,210,121,0,55,81,79,67,49,0,27,49,53,44,37,0,28,32,26,23,12
20244,A,골목상권,3110564,홍대입구역 3번,568,293,275,0,119,157,134,95,63,0,48,79,74,51,41,0,71,78,60,44,22
20244,A,골목상권,3110565,홍익대,237,149,88,0,41,56,57,48,35,0,20,33,38,32,26,0,21,23,19,16,9
20244,A,골목상권,3110566,경의선책거리,1765,904,861,0,371,498,410,292,194,0,152,249,226,156,121,0,219,249,184,136,73
20244,A,골목상권,3110567,광흥창역 6번,259,162,97,0,44,65,62,52,36,0,21,38,41,34,28,0,23,27,21,18,8
20244,A,골목상권,3110568,광흥창역 1번,171,109,62,0,27,43,41,33,27,0,13,25,28,23,20,0,14,18,13,10,7
20244,A,골목상권,3110569,홍대땡땡거리,661,375,286,0,126,174,157,120,84,0,57,94,94,72,58,0,69,80,63,48,26
20244,A,골목상권,3110570,KB국민은행 서강지점,429,244,185,0,54,119,119,106,31,0,20,56,69,74,25,0,34,63,50,32,6
20244,A,골목상권,3110571,신수동주민센터,1557,882,675,0,193,430,435,384,115,0,71,201,249,267,94,0,122,229,186,117,21
20244,A,골목상권,3110572,서강대역 1번,1405,774,631,0,275,373,349,309,99,0,104,178,199,211,82,0,171,195,150,98,17
20244,A,골목상권,3110573,신촌역 6번,113,55,58,0,48,26,16,15,8,0,18,13,9,9,6,0,30,13,7,6,2
20244,A,골목상권,3110574,서강대학교,232,114,118,0,96,54,33,31,18,0,36,28,19,19,12,0,60,26,14,12,6
20244,A,골목상권,3110575,대흥동주민센터,411,201,210,0,173,94,58,56,30,0,65,48,32,34,22,0,108,46,26,22,8
20244,A,골목상권,3110576,대흥역 3번,1564,951,613,2,427,359,282,299,195,0,187,222,200,203,139,2,240,137,82,96,56
20244,A,골목상권,3110577,용강동주민센터,686,410,276,0,99,170,162,137,118,0,49,101,108,80,72,0,50,69,54,57,46
20244,A,골목상권,3110578,대흥역 2번,1260,802,458,0,302,289,240,257,172,0,139,188,176,177,122,0,163,101,64,80,50
20244,A,골목상권,3110579,마포역 4번,1346,818,528,0,248,330,340,300,128,0,128,226,224,157,83,0,120,104,116,143,45
20244,A,골목상권,3110580,양원초등학교,175,86,89,0,74,39,27,24,11,0,27,20,15,15,9,0,47,19,12,9,2
20244,A,골목상권,3110581,염리초등학교,262,157,105,0,38,64,63,51,46,0,19,38,42,30,28,0,19,26,21,21,18
20244,A,골목상권,3110582,이대역 5번,317,178,139,0,103,74,52,54,34,0,43,42,34,35,24,0,60,32,18,19,10
20244,A,골목상권,3110583,공덕래미안3차아파트,493,272,221,0,93,160,140,83,17,0,41,90,78,51,12,0,52,70,62,32,5
20244,A,골목상권,3110584,아현역 4번,222,123,99,0,42,73,65,37,5,0,19,40,36,23,5,0,23,33,29,14,0
20244,A,골목상권,3110585,마포경찰서,295,163,132,0,56,95,85,50,9,0,24,53,48,31,7,0,32,42,37,19,2
20244,A,골목상권,3110586,서울서부지방법원,2505,1452,1053,0,563,694,686,439,123,0,223,367,438,331,93,0,340,327,248,108,30
20244,A,골목상권,3110587,공덕동주민센터,802,464,338,0,179,221,218,143,41,0,71,118,138,106,31,0,108,103,80,37,10
20244,A,골목상권,3110588,한겨레신문사,716,417,299,0,160,203,195,126,32,0,64,108,124,96,25,0,96,95,71,30,7
20244,A,골목상권,3110589,애오개역 3번,141,82,59,0,30,40,40,25,6,0,11,21,26,19,5,0,19,19,14,6,1
20244,A,골목상권,3110590,만리재,312,179,133,0,65,89,84,59,15,0,25,45,52,43,14,0,40,44,32,16,1
20244,A,골목상권,3110591,충정로역 6번,212,120,92,0,48,64,59,31,10,0,21,34,34,22,9,0,27,30,25,9,1
20244,A,골목상권,3110592,서울금융고등학교,352,210,142,0,27,66,82,113,64,0,7,27,43,74,59,0,20,39,39,39,5
20244,A,골목상권,3110593,신월3동주민센터,520,319,201,0,35,96,120,174,95,0,7,40,64,118,90,0,28,56,56,56,5
20244,A,골목상권,3110594,신월중학교,160,92,68,0,17,42,42,44,15,0,8,21,21,27,15,0,9,21,21,17,0
20244,A,골목상권,3110595,메디힐병원,1014,578,436,0,103,268,271,267,105,0,49,134,142,160,93,0,54,134,129,107,12
20244,A,골목상권,3110596,서서울호수공원,234,141,93,0,18,44,53,77,42,0,4,19,28,51,39,0,14,25,25,26,3
20244,A,골목상권,3110597,신월1동주민센터,523,351,172,0,32,92,126,184,89,0,18,57,76,126,74,0,14,35,50,58,15
20244,A,골목상권,3110598,신월문화체육센터,745,491,254,0,77,122,153,178,215,0,59,93,102,108,129,0,18,29,51,70,86
20244,A,골목상권,3110599,신월1파출소,348,234,114,0,23,57,83,125,60,0,12,38,50,85,49,0,11,19,33,40,11
20244,A,골목상권,3110600,신월7동주민센터,899,591,308,0,93,146,185,218,257,0,71,112,123,132,153,0,22,34,62,86,104
20244,A,골목상권,3110601,신월1동우편취급국,936,625,311,0,62,163,222,332,157,0,35,102,133,225,130,0,27,61,89,107,27
20244,A,골목상권,3110602,신월시영아파트중문,800,526,274,0,84,133,163,192,228,0,63,101,109,116,137,0,21,32,54,76,91
20244,A,골목상권,3110603,지향초등학교,860,616,244,0,67,165,219,185,224,0,32,101,148,129,206,0,35,64,71,56,18
20244,A,골목상권,3110604,신월4동주민센터,541,378,163,0,12,62,135,184,148,0,6,33,78,126,135,0,6,29,57,58,13
20244,A,골목상권,3110605,목동센트럴아이파크앞,230,135,95,0,24,43,52,61,50,0,9,22,28,35,41,0,15,21,24,26,9
20244,A,골목상권,3110606,신한은행 신월동지점,506,352,154,0,12,54,124,173,143,0,3,31,70,118,130,0,9,23,54,55,13
20244,A,골목상권,3110607,금빛새마을금고본점,145,87,58,0,12,25,37,40,31,0,6,14,20,23,24,0,6,11,17,17,7
20244,A,골목상권,3110608,신월2동주민센터,774,446,328,0,63,124,212,214,161,0,35,74,109,114,114,0,28,50,103,100,47
20244,A,골목상권,3110609,신정네거리역 2번,89,66,23,0,6,17,23,20,23,0,3,11,16,14,22,0,3,6,7,6,1
20244,A,골목상권,3110610,계남근린공원,139,103,36,0,7,29,38,27,38,0,3,18,25,21,36,0,4,11,13,6,2
20244,A,골목상권,3110611,신정역 1번,489,273,216,0,84,85,92,105,123,0,22,41,48,59,103,0,62,44,44,46,20
20244,A,골목상권,3110612,신정역 5번,677,375,302,0,114,121,130,145,167,0,29,59,66,81,140,0,85,62,64,64,27
20244,A,골목상권,3110613,신정네거리역 4번,424,248,176,2,74,107,106,91,44,2,31,66,64,53,32,0,43,41,42,38,12
20244,A,골목상권,3110614,목동로데오거리,515,285,230,0,85,93,99,110,128,0,22,46,50,60,107,0,63,47,49,50,21
20244,A,골목상권,3110615,신서초등학교,1608,938,670,7,283,404,405,343,166,7,116,252,244,199,120,0,167,152,161,144,46
20244,A,골목상권,3110616,양목초등학교,219,121,98,0,36,39,42,47,55,0,10,18,21,26,46,0,26,21,21,21,9
20244,A,골목상권,3110617,등촌역 4번,120,67,53,0,12,28,33,30,17,0,6,15,18,15,13,0,6,13,15,15,4
20244,A,골목상권,3110618,강서고등학교,499,318,181,0,52,112,157,130,48,0,18,70,95,87,48,0,34,42,62,43,0
20244,A,골목상권,3110619,목4동주민센터,202,129,73,0,21,47,64,51,19,0,8,30,38,34,19,0,13,17,26,17,0
20244,A,골목상권,3110620,목동보건지소,837,506,331,0,94,190,248,215,90,0,40,114,144,130,78,0,54,76,104,85,12
20244,A,골목상권,3110621,목동역 5번,581,375,206,0,101,158,146,118,58,0,47,103,103,85,37,0,54,55,43,33,21
20244,A,골목상권,3110622,달마을공원,615,342,273,0,84,151,166,142,72,0,39,81,91,81,50,0,45,70,75,61,22
20244,A,골목상권,3110623,갈산공원,391,236,155,0,43,92,119,91,46,0,20,52,73,57,34,0,23,40,46,34,12
20244,A,골목상권,3110624,목동문화체육센터,182,104,78,0,25,45,49,41,22,0,12,24,28,24,16,0,13,21,21,17,6
20244,A,골목상권,3110625,신정2동주민센터,6826,3922,2904,0,1238,2221,1829,1209,329,0,502,1220,1132,804,264,0,736,1001,697,405,65
20244,A,골목상권,3110626,양화초등학교,945,530,415,0,128,231,251,220,115,0,61,128,139,126,76,0,67,103,112,94,39
20244,A,골목상권,3110627,신정롯데캐슬아파트,4602,2645,1957,0,834,1500,1232,813,223,0,335,822,766,542,180,0,499,678,466,271,43
20244,A,골목상권,3110628,신목동역,538,300,238,0,74,133,142,124,65,0,34,72,79,72,43,0,40,61,63,52,22
20244,A,골목상권,3110629,송정역 4번,429,225,204,0,73,143,119,82,12,0,17,60,69,69,10,0,56,83,50,13,2
20244,A,골목상권,3110630,공항시장역 1번,213,159,54,0,8,41,52,66,46,0,6,28,37,45,43,0,2,13,15,21,3
20244,A,골목상권,3110631,방화초등학교,91,70,21,0,5,17,22,28,19,0,4,13,16,19,18,0,1,4,6,9,1
20244,A,골목상권,3110632,방화역 3번,756,588,168,0,69,165,189,219,114,0,52,129,148,179,80,0,17,36,41,40,34
20244,A,골목상권,3110633,개화산역 1번,111,84,27,0,9,23,26,32,21,0,6,17,20,24,17,0,3,6,6,8,4
20244,A,골목상권,3110634,송정역 3번,1697,894,803,0,285,562,471,332,47,0,67,236,275,277,39,0,218,326,196,55,8
20244,A,골목상권,3110635,공항시장역 3번,473,277,196,0,72,146,127,102,26,0,22,71,80,85,19,0,50,75,47,17,7
20244,A,골목상권,3110636,방화역 2번,357,290,67,0,36,76,89,104,52,0,28,65,73,88,36,0,8,11,16,16,16
20244,A,골목상권,3110637,송정역 2번,794,417,377,0,133,265,219,153,24,0,32,110,128,128,19,0,101,155,91,25,5
20244,A,골목상권,3110638,신방화역 2번,1614,1291,323,0,156,343,404,471,240,0,122,287,327,394,161,0,34,56,77,77,79
20244,A,골목상권,3110639,신방화역 8번,466,374,92,0,42,98,118,139,69,0,35,82,95,116,46,0,7,16,23,23,23
20244,A,골목상권,3110640,방화역 1번,1776,1152,624,0,179,378,452,486,281,0,90,201,281,340,240,0,89,177,171,146,41
20244,A,골목상권,3110641,공항고등학교,496,399,97,0,46,108,124,143,75,0,35,91,101,120,52,0,11,17,23,23,23
20244,A,골목상권,3110642,정곡초등학교,138,90,48,0,14,30,33,38,23,0,7,16,21,27,19,0,7,14,12,11,4
20244,A,골목상권,3110643,강서구다솔마을,1346,710,636,0,224,446,372,262,42,0,52,187,217,218,36,0,172,259,155,44,6
20244,A,골목상권,3110644,신광명마을,151,87,64,0,6,22,43,51,29,0,1,11,21,30,24,0,5,11,22,21,5
20244,A,골목상권,3110645,우장산역 4번,536,317,219,0,23,75,146,182,110,0,7,38,70,108,94,0,16,37,76,74,16
20244,A,골목상권,3110646,푸른들청소년도서관,1556,965,591,0,215,378,398,358,207,0,116,252,243,203,151,0,99,126,155,155,56
20244,A,골목상권,3110647,화곡역 5번,780,447,333,0,69,171,201,228,111,0,30,100,109,131,77,0,39,71,92,97,34
20244,A,골목상권,3110648,양천향교역 7번,975,610,365,0,103,203,225,236,208,0,41,125,136,154,154,0,62,78,89,82,54
20244,A,골목상권,3110649,우장산역 1번,698,390,308,0,153,157,150,148,90,0,57,92,91,91,59,0,96,65,59,57,31
20244,A,골목상권,3110650,우장산힐스테이트,429,236,193,0,94,98,92,90,55,0,34,56,55,54,37,0,60,42,37,36,18
20244,A,골목상권,3110651,화원중학교,502,287,215,0,39,108,127,149,79,0,18,63,69,85,52,0,21,45,58,64,27
20244,A,골목상권,3110652,양천향교역 2번,338,216,122,0,36,69,78,82,73,0,15,43,48,55,55,0,21,26,30,27,18
20244,A,골목상권,3110653,화곡역 2번,602,335,267,0,131,137,130,125,79,0,47,81,77,77,53,0,84,56,53,48,26
20244,A,골목상권,3110654,까치산역 4번,897,518,379,0,71,187,230,269,140,0,31,113,130,152,92,0,40,74,100,117,48
20244,A,골목상권,3110655,발산역 5번,1112,620,492,0,240,252,242,233,145,0,89,147,144,142,98,0,151,105,98,91,47
20244,A,골목상권,3110656,까치산역 3번,743,430,313,0,56,154,194,226,113,0,23,94,109,129,75,0,33,60,85,97,38
20244,A,골목상권,3110657,양천향교역 5번,3725,2023,1702,0,458,795,837,918,717,0,200,441,491,467,424,0,258,354,346,451,293
20244,A,골목상권,3110658,화곡초등학교,391,228,163,0,32,79,101,99,80,0,9,47,57,52,63,0,23,32,44,47,17
20244,A,골목상권,3110659,화곡역 4번,874,519,355,0,73,169,230,223,179,0,20,105,134,118,142,0,53,64,96,105,37
20244,A,골목상권,3110660,등촌3동주민센터,4819,2554,2265,0,604,1027,1079,1193,916,0,266,560,630,579,519,0,338,467,449,614,397
20244,A,골목상권,3110661,강서새말어린이공원,339,221,118,0,43,93,90,79,34,0,21,61,59,54,26,0,22,32,31,25,8
20244,A,골목상권,3110662,까치산역 1번,472,273,199,0,53,137,149,86,47,0,24,76,76,58,39,0,29,61,73,28,8
20244,A,골목상권,3110663,우장산롯데캐슬아파트앞,541,345,196,0,76,146,139,123,57,0,38,93,89,81,44,0,38,53,50,42,13
20244,A,골목상권,3110664,강서구청옆,232,149,83,0,32,63,60,53,24,0,16,40,39,35,19,0,16,23,21,18,5
20244,A,골목상권,3110665,곰달래도서관,1177,702,475,0,145,334,329,255,114,0,79,207,186,147,83,0,66,127,143,108,31
20244,A,골목상권,3110666,KC대학교,335,216,119,0,46,90,87,77,35,0,23,58,56,51,28,0,23,32,31,26,7
20244,A,골목상권,3110667,가양역 10번,580,307,273,0,73,123,130,144,110,0,32,67,76,70,62,0,41,56,54,74,48
20244,A,골목상권,3110668,화곡2동주민센터,700,437,263,0,81,199,191,166,63,0,48,133,117,93,46,0,33,66,74,73,17
20244,A,골목상권,3110669,화곡보람2차아파트,65,42,23,0,10,17,17,15,6,0,5,11,11,10,5,0,5,6,6,5,1
20244,A,골목상권,3110670,신곡초등학교,342,175,167,0,67,101,77,69,28,0,19,53,43,36,24,0,48,48,34,33,4
20244,A,골목상권,3110671,등촌1동주민센터,4274,2583,1691,0,854,1122,949,760,589,0,312,712,662,503,394,0,542,410,287,257,195
20244,A,골목상권,3110672,백석중학교,276,160,116,0,27,57,69,74,49,0,10,30,39,46,35,0,17,27,30,28,14
20244,A,골목상권,3110673,뜸부기어린이공원,723,364,359,0,137,206,165,154,61,0,37,106,91,82,48,0,100,100,74,72,13
20244,A,골목상권,3110674,강서구청가양동별관,265,171,94,0,44,58,75,56,32,0,29,39,48,33,22,0,15,19,27,23,10
20244,A,골목상권,3110675,화곡4동주민센터,509,252,257,0,94,129,112,112,62,0,20,59,60,65,48,0,74,70,52,47,14
20244,A,골목상권,3110676,등촌역 7번,629,369,260,0,75,126,154,162,112,0,31,68,91,103,76,0,44,58,63,59,36
20244,A,골목상권,3110677,등촌역 1번,368,218,150,0,73,96,86,65,48,0,27,59,56,43,33,0,46,37,30,22,15
20244,A,골목상권,3110678,염창무학아파트,865,401,464,0,134,256,259,146,70,0,48,112,104,81,56,0,86,144,155,65,14
20244,A,골목상권,3110679,염창역 2번,1154,538,616,0,179,343,346,194,92,0,65,150,140,109,74,0,114,193,206,85,18
20244,A,골목상권,3110680,온수역 5번(온수산업단지),774,536,238,0,70,145,181,227,151,0,44,94,117,155,126,0,26,51,64,72,25
20244,A,골목상권,3110681,온수역 1번,184,128,56,0,17,35,43,53,36,0,11,22,28,37,30,0,6,13,15,16,6
20244,A,골목상권,3110682,온수역 8번,26,20,6,0,2,6,6,8,4,0,2,4,4,6,4,0,0,2,2,2,0
20244,A,골목상권,3110683,오류고등학교,96,66,30,0,8,17,23,29,19,0,5,11,14,20,16,0,3,6,9,9,3
20244,A,골목상권,3110684,서울공연예술고등학교,165,113,52,0,15,29,40,48,33,0,9,19,25,33,27,0,6,10,15,15,6
20244,A,골목상권,3110685,금강수목원아파트,70,43,27,0,5,16,19,19,11,0,2,9,11,12,9,0,3,7,8,7,2
20244,A,골목상권,3110686,수궁동주민센터,487,343,144,0,38,95,117,143,94,0,25,62,77,98,81,0,13,33,40,45,13
20244,A,골목상권,3110687,"천왕역 3번(오류2동주민센터, 서울오류남초등학교)",115,73,42,0,10,27,30,30,18,0,4,16,18,19,16,0,6,11,12,11,2
20244,A,골목상권,3110688,오류지구대,225,147,78,0,27,41,59,68,30,0,20,29,36,39,23,0,7,12,23,29,7
20244,A,골목상권,3110689,오류동역 3번,634,402,232,0,77,121,157,185,94,0,56,82,95,104,65,0,21,39,62,81,29
20244,A,골목상권,3110690,오류2동버들시장,839,518,321,0,79,189,225,215,131,0,33,109,129,138,109,0,46,80,96,77,22
20244,A,골목상권,3110691,개봉중학교,871,506,365,0,68,189,211,236,167,0,35,103,108,135,125,0,33,86,103,101,42
20244,A,골목상권,3110692,큰굴다리,495,287,208,0,36,110,122,134,93,0,18,61,62,75,71,0,18,49,60,59,22
20244,A,골목상권,3110693,오류동역 4번,48,32,16,0,6,9,12,15,6,0,5,6,7,9,5,0,1,3,5,6,1
20244,A,골목상권,3110694,세곡초등학교,994,594,400,0,75,222,249,274,174,0,40,126,133,156,139,0,35,96,116,118,35
20244,A,골목상권,3110695,개봉1동주민센터,1173,714,459,0,89,255,296,328,205,0,51,150,162,189,162,0,38,105,134,139,43
20244,A,골목상권,3110696,오류동역 1번,799,395,404,0,145,195,190,191,78,0,83,125,85,62,40,0,62,70,105,129,38
20244,A,골목상권,3110697,개봉3동주민센터,98,62,36,0,12,25,27,21,13,0,6,16,16,12,12,0,6,9,11,9,1
20244,A,골목상권,3110698,개웅초등학교(개웅중학교),273,158,115,0,35,69,71,64,34,0,19,44,38,31,26,0,16,25,33,33,8
20244,A,골목상권,3110699,덕의초등학교,444,292,152,0,38,103,121,129,53,0,28,66,73,76,49,0,10,37,48,53,4
20244,A,골목상권,3110700,고척초등학교,627,438,189,0,49,128,169,188,93,0,26,85,113,136,78,0,23,43,56,52,15
20244,A,골목상권,3110701,고척동성당,455,296,159,0,40,107,122,131,55,0,28,70,74,76,48,0,12,37,48,55,7
20244,A,골목상권,3110702,개봉초등학교,1970,1243,727,0,234,503,525,434,274,0,117,323,323,254,226,0,117,180,202,180,48
20244,A,골목상권,3110703,개봉역,2078,1169,909,0,222,462,497,543,354,0,118,267,247,281,256,0,104,195,250,262,98
20244,A,골목상권,3110704,고척중학교,216,155,61,0,19,44,57,66,30,0,10,30,40,50,25,0,9,14,17,16,5
20244,A,골목상권,3110705,고산초등학교,118,84,34,0,10,24,31,36,17,0,5,16,22,27,14,0,5,8,9,9,3
20244,A,골목상권,3110706,그라운드 고척,650,467,183,0,57,132,174,197,90,0,30,90,121,150,76,0,27,42,53,47,14
20244,A,골목상권,3110707,구로창업지원센터,2454,1614,840,0,399,763,597,451,244,0,166,520,431,313,184,0,233,243,166,138,60
20244,A,골목상권,3110708,화원어린이공원,104,65,39,0,10,25,27,28,14,0,5,15,16,18,11,0,5,10,11,10,3
20244,A,골목상권,3110709,구로119안전센터,230,147,83,0,25,56,60,60,29,0,12,34,37,41,23,0,13,22,23,19,6
20244,A,골목상권,3110710,남구로역 3번,412,252,160,0,33,99,108,105,67,0,14,58,64,67,49,0,19,41,44,38,18
20244,A,골목상권,3110711,구로초등학교,910,562,348,0,102,217,232,232,127,0,46,127,137,153,99,0,56,90,95,79,28
20244,A,골목상권,3110712,남구로역 5번,147,89,58,0,2,33,44,43,25,0,0,20,23,23,23,0,2,13,21,20,2
20244,A,골목상권,3110713,구로보건소,2241,1417,824,0,313,533,583,499,313,0,176,368,385,296,192,0,137,165,198,203,121
20244,A,골목상권,3110714,구로4동주민센터,287,173,114,0,18,64,78,78,49,0,6,41,43,44,39,0,12,23,35,34,10
20244,A,골목상권,3110715,구로구민회관,160,103,57,0,21,37,42,37,23,0,13,26,27,22,15,0,8,11,15,15,8
20244,A,골목상권,3110716,구로나눔길,231,144,87,0,27,53,60,60,31,0,13,31,36,39,25,0,14,22,24,21,6
20244,A,골목상권,3110717,남구로역 2번,605,381,224,0,103,189,158,84,71,0,52,123,106,50,50,0,51,66,52,34,21
20244,A,골목상권,3110718,한국SGI본부,1266,800,466,0,178,302,329,279,178,0,101,207,218,166,108,0,77,95,111,113,70
20244,A,골목상권,3110719,영서중학교,116,76,40,0,26,39,28,15,8,0,13,26,20,11,6,0,13,13,8,4,2
20244,A,골목상권,3110720,대림역 2번,165,92,73,0,10,34,46,44,31,0,2,21,23,23,23,0,8,13,23,21,8
20244,A,골목상권,3110721,가리봉파출소,303,139,164,0,6,49,73,68,107,0,1,24,29,24,61,0,5,25,44,44,46
20244,A,골목상권,3110722,G타워,4010,2631,1379,12,834,1353,1018,498,295,8,422,899,717,348,237,4,412,454,301,150,58
20244,A,골목상권,3110723,가산디지털단지역 1번 출입구,295,193,102,0,59,93,74,43,26,0,31,62,53,28,19,0,28,31,21,15,7
20244,A,골목상권,3110724,금천구립가산도서관,265,174,91,0,51,83,66,40,25,0,27,56,47,26,18,0,24,27,19,14,7
20244,A,골목상권,3110725,가산동주민센터,298,196,102,0,60,93,73,43,29,0,32,62,53,29,20,0,28,31,20,14,9
20244,A,골목상권,3110726,금천철쭉어린이공원(금하마을),177,120,57,0,6,19,32,43,77,0,4,15,24,28,49,0,2,4,8,15,28
20244,A,골목상권,3110727,독산역 1번 출입구,516,333,183,0,38,69,87,114,208,0,23,47,56,70,137,0,15,22,31,44,71
20244,A,골목상권,3110728,두산초등학교,390,251,139,0,28,52,66,84,160,0,17,35,43,52,104,0,11,17,23,32,56
20244,A,골목상권,3110729,가산동우체국,300,198,102,0,59,93,76,43,29,0,32,62,55,28,21,0,27,31,21,15,8
20244,A,골목상권,3110730,서울축산농협 독산역지점(독산파출소),631,412,219,0,43,85,105,140,258,0,27,58,69,88,170,0,16,27,36,52,88
20244,A,골목상권,3110731,금천구청역 1번 출입구,1228,664,564,0,177,293,292,315,151,0,81,146,146,180,111,0,96,147,146,135,40
20244,A,골목상권,3110732,가산초등학교(세일중학교),634,408,226,0,46,86,105,140,257,0,29,57,67,87,168,0,17,29,38,53,89
20244,A,골목상권,3110733,금천어울림복지센터,392,211,181,0,57,94,94,99,48,0,25,47,47,56,36,0,32,47,47,43,12
20244,A,골목상권,3110734,금천파출소,100,54,46,0,13,24,24,26,13,0,6,12,12,15,9,0,7,12,12,11,4
20244,A,골목상권,3110735,말미고개,695,409,286,0,62,141,174,232,86,0,33,64,87,144,81,0,29,77,87,88,5
20244,A,골목상권,3110736,독산119안전센터,477,288,189,0,47,78,101,118,133,0,36,49,64,57,82,0,11,29,37,61,51
20244,A,골목상권,3110737,금천세무서,480,354,126,0,29,73,90,96,192,0,16,46,48,58,186,0,13,27,42,38,6
20244,A,골목상권,3110738,문성초등학교,479,354,125,0,32,73,88,95,191,0,18,46,47,57,186,0,14,27,41,38,5
20244,A,골목상권,3110739,시흥3동 우편취급국,325,192,133,0,24,48,75,85,93,0,13,31,43,46,59,0,11,17,32,39,34
20244,A,골목상권,3110740,금천해태공원,482,263,219,0,66,113,120,129,54,0,30,56,60,73,44,0,36,57,60,56,10
20244,A,골목상권,3110741,독산2동주민센터,229,136,93,0,21,50,56,74,28,0,12,23,28,46,27,0,9,27,28,28,1
20244,A,골목상권,3110742,KT금천빌딩(금천구시설관리공단),438,246,192,0,50,88,104,112,84,0,24,48,55,63,56,0,26,40,49,49,28
20244,A,골목상권,3110743,시흥초등학교(시흥1동우체국),381,208,173,0,58,92,92,97,42,0,28,46,46,55,33,0,30,46,46,42,9
20244,A,골목상권,3110744,독산동성당,429,277,152,0,39,68,87,101,134,0,28,42,54,52,101,0,11,26,33,49,33
20244,A,골목상권,3110745,독산동정훈단지,251,148,103,0,27,49,61,81,33,0,15,23,31,50,29,0,12,26,30,31,4
20244,A,골목상권,3110746,금천금빛공원(은행나무사거리서측),137,73,64,0,21,32,32,35,17,0,10,16,16,19,12,0,11,16,16,16,5
20244,A,골목상권,3110747,석수역 1번 출입구,595,352,243,0,43,89,136,155,172,0,22,57,79,85,109,0,21,32,57,70,63
20244,A,골목상권,3110748,백산초등학교,187,112,75,0,23,45,49,45,25,0,12,28,28,25,19,0,11,17,21,20,6
20244,A,골목상권,3110749,금산초등학교(금천고등학교),774,462,312,0,55,111,179,204,225,0,29,72,104,113,144,0,26,39,75,91,81
20244,A,골목상권,3110750,시흥4동주민센터(서울신흥초등학교),431,267,164,0,66,91,134,111,29,0,43,66,79,52,27,0,23,25,55,59,2
20244,A,골목상권,3110751,난곡중학교,373,279,94,0,23,57,70,75,148,0,12,38,39,45,145,0,11,19,31,30,3
20244,A,골목상권,3110752,한울중학교,655,402,253,0,98,140,194,172,51,0,62,95,116,82,47,0,36,45,78,90,4
20244,A,골목상권,3110753,시흥동 은행나무사거리,431,276,155,0,46,108,124,93,60,0,25,79,79,48,45,0,21,29,45,45,15
20244,A,골목상권,3110754,삼성산자연공원(서울금천초등학교),294,185,109,0,37,67,84,70,36,0,22,48,51,35,29,0,15,19,33,35,7
20244,A,골목상권,3110755,동일여자고등학교,1138,673,465,0,114,234,288,333,169,0,65,137,164,191,116,0,49,97,124,142,53
20244,A,골목상권,3110756,문래중학교,406,236,170,0,81,95,90,82,58,0,42,60,54,42,38,0,39,35,36,40,20
20244,A,골목상권,3110757,양평역 2번,2082,1212,870,0,413,484,465,418,302,0,211,310,279,214,198,0,202,174,186,204,104
20244,A,골목상권,3110758,문래소공원,780,566,214,0,120,255,241,123,41,0,67,194,196,83,26,0,53,61,45,40,15
20244,A,골목상권,3110759,문래예술촌(문래창작촌),23813,17294,6519,6,3684,7776,7338,3758,1251,0,2056,5915,5991,2545,787,6,1628,1861,1347,1213,464
20244,A,골목상권,3110760,선유도역 6번,6117,3508,2609,0,1114,1673,1695,1060,575,0,482,1011,962,626,427,0,632,662,733,434,148
20244,A,골목상권,3110761,문래동남성맨션,711,515,196,0,110,233,219,111,38,0,61,177,179,75,23,0,49,56,40,36,15
20244,A,골목상권,3110762,선유도역 1번,4542,2609,1933,0,826,1244,1265,784,423,0,357,754,719,464,315,0,469,490,546,320,108
20244,A,골목상권,3110763,영등포구청역 2번,1298,780,518,0,220,372,289,239,178,0,87,207,182,168,136,0,133,165,107,71,42
20244,A,골목상권,3110764,문래역 3번,367,221,146,0,63,104,82,68,50,0,25,58,52,48,38,0,38,46,30,20,12
20244,A,골목상권,3110765,문래동사거리,2977,2161,816,1,461,976,916,467,156,0,257,741,749,316,98,1,204,235,167,151,58
20244,A,골목상권,3110766,대림역 5번,474,318,156,0,43,100,126,114,91,0,22,73,92,75,56,0,21,27,34,39,35
20244,A,골목상권,3110767,도림동주민센터,40,32,8,0,0,6,12,12,10,0,0,5,9,9,9,0,0,1,3,3,1
20244,A,골목상권,3110768,도림2동유수지내체육시설,176,131,45,0,2,24,48,56,46,0,0,18,34,39,40,0,2,6,14,17,6
20244,A,골목상권,3110769,대림차이나타운(대림역 12번),204,105,99,0,37,49,46,30,42,0,15,27,19,17,27,0,22,22,27,13,15
20244,A,골목상권,3110770,영등포구청역 6번,447,271,176,0,77,128,100,78,64,0,29,73,63,56,50,0,48,55,37,22,14
20244,A,골목상권,3110771,대림역 11번,138,69,69,0,26,33,30,22,27,0,10,17,13,12,17,0,16,16,17,10,10
20244,A,골목상권,3110772,신우어린이공원,158,104,54,0,15,32,43,37,31,0,8,23,31,23,19,0,7,9,12,14,12
20244,A,골목상권,3110773,당산역 13번,285,163,122,0,52,79,80,48,26,0,23,47,45,29,19,0,29,32,35,19,7
20244,A,골목상권,3110774,당산반도유보라팰리스아파트,572,381,191,0,91,128,139,128,86,0,46,80,97,92,66,0,45,48,42,36,20
20244,A,골목상권,3110775,대동초등학교,426,217,209,0,79,102,96,65,84,0,31,54,42,36,54,0,48,48,54,29,30
20244,A,골목상권,3110776,도신초등학교,454,299,155,0,44,95,117,109,89,0,22,68,84,71,54,0,22,27,33,38,35
20244,A,골목상권,3110777,구로세무서,2788,2026,762,0,432,914,859,438,145,0,241,695,701,298,91,0,191,219,158,140,54
20244,A,골목상권,3110778,구로디지털단지역 4번,1271,646,625,0,235,305,281,197,253,0,92,162,119,109,164,0,143,143,162,88,89
20244,A,골목상권,3110779,대림갑을명가아파트,44,16,28,0,14,11,10,8,1,0,2,4,5,4,1,0,12,7,5,4,0
20244,A,골목상권,3110780,신길대성유니드아파트,229,110,119,0,13,51,81,62,22,0,4,22,31,31,22,0,9,29,50,31,0
20244,A,골목상권,3110781,대림한신아파트,225,80,145,0,78,52,54,34,7,0,12,17,27,17,7,0,66,35,27,17,0
20244,A,골목상권,3110782,영등포시장역 4번,250,141,109,0,48,61,58,50,33,0,18,35,36,30,22,0,30,26,22,20,11
20244,A,골목상권,3110783,영등포시장역 1번,484,271,213,0,90,119,116,96,63,0,33,66,73,57,42,0,57,53,43,39,21
20244,A,골목상권,3110784,신대림초등학교,146,55,91,0,49,35,32,23,7,0,9,11,16,12,7,0,40,24,16,11,0
20244,A,골목상권,3110785,영등포푸르지오아파트,297,215,82,0,19,57,80,84,57,0,7,37,58,61,52,0,12,20,22,23,5
20244,A,골목상권,3110786,당산역 8번,246,169,77,0,37,55,60,55,39,0,19,36,43,41,30,0,18,19,17,14,9
20244,A,골목상권,3110787,신길3동주민센터,270,245,25,0,0,29,66,78,97,0,0,28,57,64,96,0,0,1,9,14,1
20244,A,골목상권,3110788,영등포시장역 3번,82,46,36,0,16,19,21,16,10,0,6,11,13,10,6,0,10,8,8,6,4
20244,A,골목상권,3110789,대림성모병원,549,202,347,0,182,133,120,90,24,0,31,45,60,45,21,0,151,88,60,45,3
20244,A,골목상권,3110790,대림1동주민센터,443,195,248,0,75,104,129,102,33,0,15,42,54,51,33,0,60,62,75,51,0
20244,A,골목상권,3110791,신풍역 3번,117,56,61,0,8,27,41,30,11,0,3,12,15,15,11,0,5,15,26,15,0
20244,A,골목상권,3110792,영등포역 2번,534,326,208,0,60,125,143,142,64,0,24,68,87,92,55,0,36,57,56,50,9
20244,A,골목상권,3110793,대림썬프라자,64,24,40,0,22,15,14,10,3,0,4,5,7,5,3,0,18,10,7,5,0
20244,A,골목상권,3110794,영동초등학교,1612,1071,541,0,254,365,391,355,247,0,127,226,272,259,187,0,127,139,119,96,60
20244,A,골목상권,3110795,도림초등학교,100,87,13,0,0,10,25,30,35,0,0,10,19,23,35,0,0,0,6,7,0
20244,A,골목상권,3110796,한림대학교한강성심병원,191,107,84,0,34,47,47,37,26,0,12,26,29,22,18,0,22,21,18,15,8
20244,A,골목상권,3110797,KT대방빌딩,53,34,19,0,2,15,16,12,8,0,1,9,10,7,7,0,1,6,6,5,1
20244,A,골목상권,3110798,신풍역 2번,244,159,85,0,21,61,66,54,42,0,10,39,41,36,33,0,11,22,25,18,9
20244,A,골목상권,3110799,영등포본동주민센터,129,75,54,0,15,31,35,35,13,0,6,16,20,22,11,0,9,15,15,13,2
20244,A,골목상권,3110800,영등포동성당,660,371,289,0,120,164,158,130,88,0,43,92,99,78,59,0,77,72,59,52,29
20244,A,골목상권,3110801,신풍역 6번(신길6동공영주차장),28,18,10,0,2,7,8,6,5,0,1,4,5,4,4,0,1,3,3,2,1
20244,A,골목상권,3110802,신길동홍어거리,475,240,235,0,79,114,124,112,46,0,28,53,61,61,37,0,51,61,63,51,9
20244,A,골목상권,3110803,신길2동우편취급국,528,303,225,0,70,136,142,130,50,0,29,68,82,83,41,0,41,68,60,47,9
20244,A,골목상권,3110804,신풍역 1번,338,225,113,0,26,83,95,75,59,0,13,55,59,50,48,0,13,28,36,25,11
20244,A,골목상권,3110805,신길새마을금고신길4동지점,228,114,114,0,37,55,60,54,22,0,13,25,30,30,16,0,24,30,30,24,6
20244,A,골목상권,3110806,서울시립영등포장애인복지관,196,110,86,0,36,48,47,39,26,0,13,27,29,23,18,0,23,21,18,16,8
20244,A,골목상권,3110807,신길역 3번,108,61,47,0,21,28,25,21,13,0,8,15,17,13,8,0,13,13,8,8,5
20244,A,골목상권,3110808,신길역 1번,156,89,67,0,21,40,41,38,16,0,7,20,24,24,14,0,14,20,17,14,2
20244,A,골목상권,3110809,장훈고등학교,364,210,154,0,50,92,95,89,38,0,20,47,56,57,30,0,30,45,39,32,8
20244,A,골목상권,3110810,영신초등학교,513,212,301,0,93,131,116,97,76,0,23,59,54,38,38,0,70,72,62,59,38
20244,A,골목상권,3110811,보라매역 4번,161,109,52,0,12,40,45,38,26,0,6,26,29,25,23,0,6,14,16,13,3
20244,A,골목상권,3110812,신길6동주민센터,342,224,118,0,32,85,92,76,57,0,16,54,56,52,46,0,16,31,36,24,11
20244,A,골목상권,3110813,보라매역 6번,708,485,223,0,73,148,174,188,125,0,42,99,115,125,104,0,31,49,59,63,21
20244,A,골목상권,3110814,서울지방병무청,1161,730,431,0,146,239,259,314,203,0,74,150,164,190,152,0,72,89,95,124,51
20244,A,골목상권,3110815,공군호텔,1349,675,674,0,214,315,306,297,217,0,72,165,160,147,131,0,142,150,146,150,86
20244,A,골목상권,3110816,대방역 6번,614,398,216,0,74,123,138,170,109,0,39,80,89,106,84,0,35,43,49,64,25
20244,A,골목상권,3110817,대방역 4번,66,29,37,0,11,17,15,14,9,0,3,9,7,5,5,0,8,8,8,9,4
20244,A,골목상권,3110818,신대방역 3번,609,388,221,0,116,195,142,99,57,0,60,126,99,64,39,0,56,69,43,35,18
20244,A,골목상권,3110819,신대방역 4번,2350,1497,853,0,449,755,550,379,217,0,230,487,382,247,151,0,219,268,168,132,66
20244,A,골목상권,3110820,성남고등학교,819,553,266,0,138,219,197,184,81,0,75,152,138,135,53,0,63,67,59,49,28
20244,A,골목상권,3110821,보라매역 2번,1348,870,478,0,239,304,271,314,220,0,167,226,178,178,121,0,72,78,93,136,99
20244,A,골목상권,3110822,신대방삼거리역 4번(대림초등학교),105,71,34,0,19,30,24,23,9,0,10,20,17,17,7,0,9,10,7,6,2
20244,A,골목상권,3110823,신대방삼거리역 3번,570,362,208,0,102,122,109,133,104,0,76,93,68,68,57,0,26,29,41,65,47
20244,A,골목상권,3110824,대방역 3번,1091,733,358,0,177,298,259,245,112,0,96,205,182,178,72,0,81,93,77,67,40
20244,A,골목상권,3110825,신대방삼거리역 1번,410,256,154,0,26,83,115,101,85,0,19,66,75,51,45,0,7,17,40,50,40
20244,A,골목상권,3110826,장승배기역 4번,489,281,208,0,27,107,143,124,88,0,14,71,85,62,49,0,13,36,58,62,39
20244,A,골목상권,3110827,NH농협은행 상도동지점,453,281,172,0,48,110,123,118,54,0,23,65,75,89,29,0,25,45,48,29,25
20244,A,골목상권,3110828,노량진역 6번,1832,1111,721,0,298,521,441,395,177,0,160,299,262,273,117,0,138,222,179,122,60
20244,A,골목상권,3110829,장승배기역 5번,189,101,88,0,29,59,49,37,15,0,15,26,23,26,11,0,14,33,26,11,4
20244,A,골목상권,3110830,상도초등학교,216,129,87,0,22,53,60,56,25,0,10,31,36,38,14,0,12,22,24,18,11
20244,A,골목상권,3110831,상도4동주민센터,196,118,78,0,21,47,55,51,22,0,10,27,32,37,12,0,11,20,23,14,10
20244,A,골목상권,3110832,노량진초등학교,322,179,143,0,41,82,82,76,41,0,17,44,48,43,27,0,24,38,34,33,14
20244,A,골목상권,3110833,상도역 2번,169,87,82,0,16,43,46,45,19,0,6,23,24,23,11,0,10,20,22,22,8
20244,A,골목상권,3110834,동작구자원봉사센터,113,64,49,0,14,27,28,28,16,0,6,16,17,15,10,0,8,11,11,13,6
20244,A,골목상권,3110835,상도역 1번,367,213,154,0,58,89,90,81,49,0,25,50,55,50,33,0,33,39,35,31,16
20244,A,골목상권,3110836,상도역 5번,1000,576,424,0,159,247,243,221,130,0,69,135,147,135,90,0,90,112,96,86,40
20244,A,골목상권,3110837,숭실대입구역 1번,802,462,340,0,129,192,196,176,109,0,55,107,119,107,74,0,74,85,77,69,35
20244,A,골목상권,3110838,상도1동주민센터앞,171,98,73,0,27,42,41,38,23,0,12,23,25,23,15,0,15,19,16,15,8
20244,A,골목상권,3110839,숭실대입구역 4번,536,307,229,0,88,130,126,119,73,0,39,72,75,72,49,0,49,58,51,47,24
20244,A,골목상권,3110840,중앙대학교,61,38,23,0,0,15,21,17,8,0,0,9,12,9,8,0,0,6,9,8,0
20244,A,골목상권,3110841,중대부중,5,4,1,0,0,1,3,1,0,0,0,1,2,1,0,0,0,0,1,0,0
20244,A,골목상권,3110842,흑리단길,22,14,8,0,0,5,8,6,3,0,0,3,5,3,3,0,0,2,3,3,0
20244,A,골목상권,3110843,사당5동주민센터,589,324,265,0,66,151,184,143,45,0,29,68,96,86,45,0,37,83,88,57,0
20244,A,골목상권,3110845,사당종합체육관,210,123,87,0,24,47,56,51,32,0,9,25,34,30,25,0,15,22,22,21,7
20244,A,골목상권,3110846,남성역 1번,1000,547,453,0,102,213,278,222,185,0,44,100,136,124,143,0,58,113,142,98,42
20244,A,골목상권,3110847,예술인마을,310,167,143,0,49,80,85,56,40,0,13,39,42,36,37,0,36,41,43,20,3
20244,A,골목상권,3110848,양지어린이공원,328,174,154,0,38,68,85,61,76,0,12,33,39,32,58,0,26,35,46,29,18
20244,A,골목상권,3110849,이수역 10번,904,525,379,0,106,203,248,213,134,0,39,107,151,123,105,0,67,96,97,90,29
20244,A,골목상권,3110850,사당역 10번,808,438,370,0,128,211,222,149,98,0,32,104,112,96,94,0,96,107,110,53,4
20244,A,골목상권,3110851,경문고등학교(동작동성당),129,71,58,0,21,40,37,23,8,0,10,24,22,11,4,0,11,16,15,12,4
20244,A,골목상권,3110852,이수역 9번,337,183,154,0,55,86,95,62,39,0,16,42,49,39,37,0,39,44,46,23,2
20244,A,골목상권,3110853,KT구로지사,218,137,81,0,42,55,54,47,20,0,20,35,34,32,16,0,22,20,20,15,4
20244,A,골목상권,3110854,조원동주민센터,136,86,50,0,27,33,32,30,14,0,11,22,21,21,11,0,16,11,11,9,3
20244,A,골목상권,3110855,신대방역 2번,788,499,289,0,150,196,195,173,74,0,70,127,125,121,56,0,80,69,70,52,18
20244,A,골목상권,3110856,미성초등학교,1001,599,402,0,75,175,247,271,233,0,52,105,138,140,164,0,23,70,109,131,69
20244,A,골목상권,3110857,미성동주민센터,403,250,153,0,29,69,100,110,95,0,23,43,57,58,69,0,6,26,43,52,26
20244,A,골목상권,3110858,신대방역 1번,209,151,58,0,33,62,64,38,12,0,15,44,52,30,10,0,18,18,12,8,2
20244,A,골목상권,3110859,난향초등학교,344,166,178,0,35,79,102,73,55,0,5,36,41,37,47,0,30,43,61,36,8
20244,A,골목상권,3110860,호림박물관(성보고등학교),438,264,174,0,31,77,111,120,99,0,22,48,61,61,72,0,9,29,50,59,27
20244,A,골목상권,3110861,관악구신사동주민센터,1871,1319,552,0,301,561,570,330,109,0,133,388,455,259,84,0,168,173,115,71,25
20244,A,골목상권,3110862,난곡초등학교(난곡동벽화마을),226,132,94,0,9,49,59,78,31,0,2,25,30,46,29,0,7,24,29,32,2
20244,A,골목상권,3110863,난우초등학교,581,349,232,0,38,104,148,161,130,0,27,64,82,83,93,0,11,40,66,78,37
20244,A,골목상권,3110864,신림우방아파트,239,175,64,0,36,77,78,38,10,0,15,54,65,33,8,0,21,23,13,5,2
20244,A,골목상권,3110865,남강고등학교(남강중학교),548,323,225,0,27,111,137,188,85,0,9,60,70,110,74,0,18,51,67,78,11
20244,A,골목상권,3110866,난우중학교,249,147,102,0,8,56,64,90,31,0,0,28,32,56,31,0,8,28,32,34,0
20244,A,골목상권,3110867,국제신학대학원대학교(남서울중학교),274,178,96,0,10,59,79,77,49,0,7,37,51,47,36,0,3,22,28,30,13
20244,A,골목상권,3110868,남부초등학교,382,274,108,0,59,120,115,68,20,0,25,83,94,54,18,0,34,37,21,14,2
20244,A,골목상권,3110869,"신림역 5번(신림동주민센터, 신림동별빛거리)",218,149,69,0,2,22,60,56,78,0,0,12,35,35,67,0,2,10,25,21,11
20244,A,골목상권,3110870,신림주공2단지(광신고등학교),64,37,27,0,4,12,19,20,9,0,1,6,10,11,9,0,3,6,9,9,0
20244,A,골목상권,3110871,신원동주민센터,76,51,25,0,0,18,24,23,11,0,0,12,16,15,8,0,0,6,8,8,3
20244,A,골목상권,3110872,신림초등학교,44,28,16,0,0,12,13,13,6,0,0,7,8,8,5,0,0,5,5,5,1
20244,A,골목상권,3110873,당곡중학교,281,148,133,0,29,68,72,75,37,0,10,35,37,36,30,0,19,33,35,39,7
20244,A,골목상권,3110874,원신초등학교(구세군관악영문교회),193,114,79,0,8,34,63,61,27,0,3,17,33,34,27,0,5,17,30,27,0
20244,A,골목상권,3110875,보라매동주민센터(당곡고등학교),105,54,51,0,13,24,26,28,14,0,4,13,13,13,11,0,9,11,13,15,3
20244,A,골목상권,3110876,서원동주민센터(신관중학교),120,46,74,0,21,27,22,28,22,0,3,10,11,10,12,0,18,17,11,18,10
20244,A,골목상권,3110877,신림역 8번,557,298,259,0,55,92,127,146,137,0,16,45,68,73,96,0,39,47,59,73,41
20244,A,골목상권,3110878,미림여고,97,56,41,0,7,21,29,28,12,0,3,10,15,16,12,0,4,11,14,12,0
20244,A,골목상권,3110879,신림현대아파트,468,270,198,0,40,89,138,131,70,0,17,45,73,73,62,0,23,44,65,58,8
20244,A,골목상권,3110880,신림역 1번,438,172,266,0,80,95,80,102,81,0,14,37,40,36,45,0,66,58,40,66,36
20244,A,골목상권,3110881,구립대학경로당(관악산샘말공원),226,205,21,0,14,64,74,65,9,0,11,53,70,62,9,0,3,11,4,3,0
20244,A,골목상권,3110882,신성초등학교,666,384,282,0,90,122,170,146,138,0,45,65,92,89,93,0,45,57,78,57,45
20244,A,골목상권,3110883,은천초등학교(은천교앞),228,118,110,0,25,52,56,62,33,0,6,26,30,29,27,0,19,26,26,33,6
20244,A,골목상권,3110884,봉천역 4번(봉천110안전센터),581,278,303,0,79,110,122,163,107,0,26,52,63,74,63,0,53,58,59,89,44
20244,A,골목상권,3110885,영락고등학교,367,211,156,0,50,67,91,82,77,0,25,34,51,49,52,0,25,33,40,33,25
20244,A,골목상권,3110886,관악해태어린이공원,237,137,100,0,30,43,61,55,48,0,15,23,33,33,33,0,15,20,28,22,15
20244,A,골목상권,3110887,서울산업정보학교(서울삼성초등학교),44,40,4,0,5,11,14,13,1,0,4,10,13,12,1,0,1,1,1,1,0
20244,A,골목상권,3110888,청룡동주민센터,245,133,112,0,39,71,61,56,18,0,13,36,33,38,13,0,26,35,28,18,5
20244,A,골목상권,3110889,봉천역 6번,222,108,114,0,29,41,46,64,42,0,10,19,24,30,25,0,19,22,22,34,17
20244,A,골목상권,3110890,봉천역 1번(관악초등학교),624,345,279,0,101,181,154,144,44,0,38,92,86,95,34,0,63,89,68,49,10
20244,A,골목상권,3110891,구암초등학교,1287,484,803,0,186,227,295,393,186,0,84,118,134,107,41,0,102,109,161,286,145
20244,A,골목상권,3110892,관악구 중앙길,431,195,236,0,35,76,102,137,81,0,11,37,44,64,39,0,24,39,58,73,42
20244,A,골목상권,3110893,관악소방서(문영여고),527,291,236,0,84,152,130,122,39,0,32,77,72,81,29,0,52,75,58,41,10
20244,A,골목상권,3110894,관악동부센트레빌아파트(은천로35라길),60,21,39,0,7,10,14,19,10,0,3,5,6,5,2,0,4,5,8,14,8
20244,A,골목상권,3110895,샤로수길,3561,1965,1596,0,575,1232,762,552,440,0,260,649,396,315,345,0,315,583,366,237,95
20244,A,골목상권,3110896,관악우성아파트,389,219,170,0,59,110,107,75,38,0,27,62,60,42,28,0,32,48,47,33,10
20244,A,골목상권,3110897,서울대입구역 8번,422,236,186,0,59,105,101,99,58,0,28,61,52,51,44,0,31,44,49,48,14
20244,A,골목상권,3110898,청림동주민센터(상도중학교),344,193,151,0,52,114,112,53,13,0,21,64,66,33,9,0,31,50,46,20,4
20244,A,골목상권,3110899,낙성대역 5번(관악중학교),689,386,303,0,99,171,164,159,96,0,48,97,87,82,72,0,51,74,77,77,24
20244,A,골목상권,3110900,낙성대역 1번(관악구민 종합체육센터),817,476,341,0,168,246,211,124,68,0,76,148,127,64,61,0,92,98,84,60,7
20244,A,골목상권,3110901,인헌고등학교(인헌중학교),362,212,150,0,76,112,96,53,25,0,33,69,59,27,24,0,43,43,37,26,1
20244,A,골목상권,3110902,사당역 4번,1640,1111,529,0,272,418,447,326,177,0,152,289,320,220,130,0,120,129,127,106,47
20244,A,골목상권,3110903,방배아이파크아파트,2902,1609,1293,3,547,753,771,518,310,3,187,394,450,337,238,0,360,359,321,181,72
20244,A,골목상권,3110904,이수역 5번,1244,603,641,0,209,322,345,239,129,0,72,144,158,142,87,0,137,178,187,97,42
20244,A,골목상권,3110905,방배노인종합복지관(이수중학교),360,175,185,0,62,93,98,72,35,0,20,42,46,42,25,0,42,51,52,30,10
20244,A,골목상권,3110906,서문여고,854,529,325,0,148,236,212,163,95,0,63,140,143,114,69,0,85,96,69,49,26
20244,A,골목상권,3110907,방배초등학교,2680,1654,1026,0,463,743,668,510,296,0,196,437,452,357,212,0,267,306,216,153,84
20244,A,골목상권,3110908,구반포역,5670,3087,2583,11,936,1869,1616,972,266,7,342,1019,907,608,204,4,594,850,709,364,62
20244,A,골목상권,3110909,남태령역(서울전자고등학교),450,218,232,0,77,115,123,85,50,0,26,52,56,51,33,0,51,63,67,34,17
20244,A,골목상권,3110910,내방역 5번,1361,841,520,0,235,376,338,261,151,0,99,222,229,182,109,0,136,154,109,79,42
20244,A,골목상권,3110911,방배배수지체육공원,1274,835,439,4,202,378,346,207,137,1,103,237,248,143,103,3,99,141,98,64,34
20244,A,골목상권,3110912,방배동사이길,2199,1218,981,3,413,568,586,394,235,3,141,296,342,256,180,0,272,272,244,138,55
20244,A,골목상권,3110913,방현초등학교(방배119안전센터),5183,3394,1789,14,820,1541,1407,845,556,2,417,965,1008,584,418,12,403,576,399,261,138
20244,A,골목상권,3110914,내방역 6번,409,253,156,0,71,114,102,77,45,0,30,67,69,54,33,0,41,47,33,23,12
20244,A,골목상권,3110915,서래초등학교,1227,680,547,1,230,318,327,220,131,1,78,166,191,143,101,0,152,152,136,77,30
20244,A,골목상권,3110916,내방역 4번,5214,3459,1755,9,1035,1608,1273,946,343,9,492,981,938,779,260,0,543,627,335,167,83
20244,A,골목상권,3110917,서초소방서,2855,2518,337,0,285,607,770,1063,130,0,216,504,682,1010,106,0,69,103,88,53,24
20244,A,골목상권,3110918,방배역 3번,916,608,308,1,182,282,226,167,58,1,86,173,166,137,45,0,96,109,60,30,13
20244,A,골목상권,3110919,내방역 8번,1021,632,389,0,177,280,254,198,112,0,76,166,171,138,81,0,101,114,83,60,31
20244,A,골목상권,3110920,방배역 2번(백석예술대학교),1318,864,454,4,208,392,359,214,141,1,106,246,257,148,106,3,102,146,102,66,35
20244,A,골목상권,3110921,서울프랑스학교,952,841,111,0,95,201,257,357,42,0,72,168,228,338,35,0,23,33,29,19,7
20244,A,골목상권,3110922,내방역 1번,568,377,191,0,112,178,139,103,36,0,52,108,103,85,29,0,60,70,36,18,7
20244,A,골목상권,3110923,방배역 1번,272,178,94,1,43,80,74,45,29,0,22,50,53,31,22,1,21,30,21,14,7
20244,A,골목상권,3110924,반포4동주민센터(몽마르뜨공원),1237,1091,146,0,123,264,334,460,56,0,93,219,296,438,45,0,30,45,38,22,11
20244,A,골목상권,3110925,서초중학교,424,253,171,0,72,128,109,79,36,0,30,75,70,52,26,0,42,53,39,27,10
20244,A,골목상권,3110926,신중초등학교,765,454,311,0,131,231,195,142,66,0,56,133,124,94,47,0,75,98,71,48,19
20244,A,골목상권,3110927,잠원역,152,88,64,0,31,44,38,24,15,0,12,26,25,15,10,0,19,18,13,9,5
20244,A,골목상권,3110928,서초우방유쉘아파트,380,227,153,0,67,114,97,69,33,0,29,67,62,45,24,0,38,47,35,24,9
20244,A,골목상권,3110929,남부터미널역 1번,4151,2323,1828,0,872,1077,920,1011,271,0,312,579,532,701,199,0,560,498,388,310,72
20244,A,골목상권,3110930,서초동성당,4767,2667,2100,0,1003,1237,1053,1164,310,0,360,666,610,806,225,0,643,571,443,358,85
20244,A,골목상권,3110931,삼성전자서울R&D(서울우면초등학교),165,108,57,2,40,45,36,26,16,1,20,30,26,18,13,1,20,15,10,8,3
20244,A,골목상권,3110932,서울시인재개발원,1618,908,710,0,341,419,358,396,104,0,123,225,208,276,76,0,218,194,150,120,28
20244,A,골목상권,3110933,한국상담대학원대학교,440,246,194,0,93,114,98,107,28,0,33,61,57,74,21,0,60,53,41,33,7
20244,A,골목상권,3110934,우면주공아파트,681,442,239,4,160,190,158,103,66,2,81,128,111,70,50,2,79,62,47,33,16
20244,A,골목상권,3110935,한전아트센터,2439,1618,821,2,513,804,612,374,134,0,280,542,421,280,95,2,233,262,191,94,39
20244,A,골목상권,3110936,더케이호텔(양재리본타워2단지아파트),1292,971,321,0,171,317,363,341,100,0,103,234,279,279,76,0,68,83,84,62,24
20244,A,골목상권,3110937,방아다리근린공원(횃불트리니티신학대학원대학교),295,192,103,2,70,83,67,45,28,1,36,56,47,30,22,1,34,27,20,15,6
20244,A,골목상권,3110938,바우뫼공원,1442,933,509,17,337,398,330,215,145,8,171,268,233,144,109,9,166,130,97,71,36
20244,A,골목상권,3110939,양재역 8번(양재동우체국),6972,4515,2457,67,1636,1937,1588,1046,698,32,830,1302,1122,699,530,35,806,635,466,347,168
20244,A,골목상권,3110940,양재근린공원(양재2동주민센터),1454,1091,363,0,193,357,408,384,112,0,117,262,313,313,86,0,76,95,95,71,26
20244,A,골목상권,3110941,언남고등학교,868,651,217,0,115,212,245,230,66,0,70,156,188,187,50,0,45,56,57,43,16
20244,A,골목상권,3110942,염곡동 구룡사(포이동성당),2939,2211,728,0,386,723,832,775,223,0,233,531,639,636,172,0,153,192,193,139,51
20244,A,골목상권,3110943,법제교육센터(버들어린이공원),1410,1056,354,0,189,344,397,372,108,0,114,252,305,304,81,0,75,92,92,68,27
20244,A,골목상권,3110944,서울나래학교(염곡어린이공원),538,349,189,0,78,112,116,114,118,0,56,80,78,66,69,0,22,32,38,48,49
20244,A,골목상권,3110945,본마을노인복지센터(서초구립내곡도서관),250,162,88,0,37,50,53,54,56,0,26,37,36,31,32,0,11,13,17,23,24
20244,A,골목상권,3110946,청계산원터골,303,226,77,0,40,74,86,80,23,0,24,54,65,65,18,0,16,20,21,15,5
20244,A,골목상권,3110947,청계산입구역 2번(내곡동주민센터),479,313,166,0,71,99,99,104,106,0,50,72,69,60,62,0,21,27,30,44,44
20244,A,골목상권,3110948,헌인가구단지,104,68,36,0,15,22,22,22,23,0,11,16,15,13,13,0,4,6,7,9,10
20244,A,골목상권,3110949,한남IC,1630,972,658,0,340,493,417,248,132,0,132,300,279,163,98,0,208,193,138,85,34
20244,A,골목상권,3110950,논현역 7번,591,346,245,0,154,178,126,84,49,0,65,106,85,54,36,0,89,72,41,30,13
20244,A,골목상권,3110951,신사은행나무공원,590,353,237,0,125,180,153,89,43,0,49,109,102,59,34,0,76,71,51,30,9
20244,A,골목상권,3110952,논현목련공원,226,132,94,0,60,67,48,32,19,0,25,40,33,20,14,0,35,27,15,12,5
20244,A,골목상권,3110953,학동근린공원,1573,916,657,0,410,475,333,220,135,0,174,281,223,141,97,0,236,194,110,79,38
20244,A,골목상권,3110954,국기원,645,384,261,0,130,198,166,112,39,0,63,124,109,61,27,0,67,74,57,51,12
20244,A,골목상권,3110955,논현초등학교,1873,1101,772,0,492,567,399,258,157,0,208,337,271,170,115,0,284,230,128,88,42
20244,A,골목상권,3110956,언주역 8번,1131,673,458,0,230,345,295,196,65,0,111,214,193,107,48,0,119,131,102,89,17
20244,A,골목상권,3110957,언북중학교,2925,1875,1050,0,558,855,711,475,326,0,242,511,507,362,253,0,316,344,204,113,73
20244,A,골목상권,3110958,역삼역 4번,1181,700,481,0,241,358,309,207,66,0,115,222,202,113,48,0,126,136,107,94,18
20244,A,골목상권,3110959,신구중학교,689,388,301,2,153,216,158,103,57,0,57,122,106,68,35,2,96,94,52,35,22
20244,A,골목상권,3110960,은광여고,556,393,163,0,96,130,156,140,34,0,48,85,117,115,28,0,48,45,39,25,6
20244,A,골목상권,3110961,언주역 3번,1286,821,465,0,247,375,312,208,144,0,106,224,221,158,112,0,141,151,91,50,32
20244,A,골목상권,3110962,도산공원북측,440,249,191,0,99,138,101,67,35,0,37,78,68,44,22,0,62,60,33,23,13
20244,A,골목상권,3110963,역삼월드메르디앙아파트,501,298,203,0,102,152,131,87,29,0,49,95,85,48,21,0,53,57,46,39,8
20244,A,골목상권,3110964,싸리고개근린공원,332,234,98,0,56,78,93,83,22,0,28,51,70,68,17,0,28,27,23,15,5
20244,A,골목상권,3110965,언주역 6번,1342,795,547,0,271,411,347,235,78,0,130,258,226,127,54,0,141,153,121,108,24
20244,A,골목상권,3110966,논현2동주민센터,2153,1380,773,0,413,628,521,346,245,0,180,375,371,264,190,0,233,253,150,82,55
20244,A,골목상권,3110967,역삼역 8번,862,511,351,0,176,263,224,150,49,0,84,163,147,82,35,0,92,100,77,68,14
20244,A,골목상권,3110968,강남구청역 2번,1088,697,391,0,210,316,263,176,123,0,91,189,187,135,95,0,119,127,76,41,28
20244,A,골목상권,3110969,베르사이유1아파트,1707,1014,693,0,396,475,408,302,126,0,192,305,272,157,88,0,204,170,136,145,38
20244,A,골목상권,3110970,학동초등학교,1478,948,530,0,282,430,357,242,167,0,121,257,255,184,131,0,161,173,102,58,36
20244,A,골목상권,3110971,선정릉역 4번,2179,1295,884,1,442,661,564,381,130,0,212,414,369,207,93,1,230,247,195,174,37
20244,A,골목상권,3110972,강남세브란스병원미래의학연구센터,280,165,115,0,65,77,66,50,22,0,31,49,44,26,15,0,34,28,22,24,7
20244,A,골목상권,3110973,강남구청역 4번,2762,1584,1178,0,575,915,690,415,167,0,217,523,453,274,117,0,358,392,237,141,50
20244,A,골목상권,3110974,언주중학교,793,458,335,0,160,258,204,111,60,0,66,153,137,63,39,0,94,105,67,48,21
20244,A,골목상권,3110975,매봉역 1번,1446,1025,421,1,247,337,404,368,89,1,125,221,304,301,73,0,122,116,100,67,16
20244,A,골목상권,3110976,언북초등학교,1088,623,465,0,224,362,272,164,66,0,84,206,179,108,46,0,140,156,93,56,20
20244,A,골목상권,3110977,논현로18길,144,105,39,0,16,33,42,35,18,0,8,22,32,27,16,0,8,11,10,8,2
20244,A,골목상권,3110978,도곡2동주민센터(대치중학교),1943,1329,614,9,371,764,558,201,40,6,198,523,429,147,26,3,173,241,129,54,14
20244,A,골목상권,3110979,청담초등학교,759,436,323,0,160,250,187,114,48,0,60,143,124,76,33,0,100,107,63,38,15
20244,A,골목상권,3110980,개포지구대옆,576,415,161,0,73,131,163,137,72,0,36,87,124,107,61,0,37,44,39,30,11
20244,A,골목상권,3110981,국악고교사거리,899,652,247,0,111,203,256,214,115,0,54,137,194,169,98,0,57,66,62,45,17
20244,A,골목상권,3110982,강남구보훈회관,364,209,155,0,76,119,93,50,26,0,32,69,61,29,18,0,44,50,32,21,8
20244,A,골목상권,3110983,국립국악고등학교,621,450,171,0,74,142,177,147,81,0,37,95,133,117,68,0,37,47,44,30,13
20244,A,골목상권,3110984,포이초등학교(개포목련어린이공원),1589,1158,431,0,190,365,452,379,203,0,94,246,347,299,172,0,96,119,105,80,31
20244,A,골목상권,3110985,청담근린공원,931,539,392,0,195,308,233,141,54,0,74,178,154,94,39,0,121,130,79,47,15
20244,A,골목상권,3110986,삼성중앙역 7번,291,168,123,0,58,94,74,43,22,0,24,55,50,24,15,0,34,39,24,19,7
20244,A,골목상권,3110987,영동대교남단,332,190,142,0,69,110,83,49,21,0,26,63,55,32,14,0,43,47,28,17,7
20244,A,골목상권,3110988,청담역 3번,863,581,282,0,174,259,232,155,43,0,93,171,171,121,25,0,81,88,61,34,18
20244,A,골목상권,3110989,대치동아우편취급국,1431,881,550,2,230,426,390,244,139,0,99,258,267,171,86,2,131,168,123,73,53
20244,A,골목상권,3110990,청담역 12번,369,211,158,0,77,121,92,56,23,0,29,69,60,37,16,0,48,52,32,19,7
20244,A,골목상권,3110991,삼성중앙역 5번,2236,1508,728,6,450,671,599,397,113,3,242,443,442,311,67,3,208,228,157,86,46
20244,A,골목상권,3110992,도곡초등학교,1383,854,529,0,221,414,381,235,132,0,95,251,261,164,83,0,126,163,120,71,49
20244,A,골목상권,3110993,개포지하차도 북측,3433,2110,1323,12,538,910,895,710,368,5,243,503,617,480,262,7,295,407,278,230,106
20244,A,골목상권,3110994,개포고등학교,3211,2109,1102,0,563,916,772,596,364,0,301,613,531,381,283,0,262,303,241,215,81
20244,A,골목상권,3110995,봉은사역 4번,2937,1984,953,4,592,882,788,525,146,2,319,584,582,410,87,2,273,298,206,115,59
20244,A,골목상권,3110996,대치2동주민센터,1505,844,661,6,273,413,349,284,180,3,127,253,225,146,90,3,146,160,124,138,90
20244,A,골목상권,3110997,대청초등학교,1822,1008,814,0,221,342,428,401,430,0,93,184,220,210,301,0,128,158,208,191,129
20244,A,골목상권,3110998,은곡마을(은곡마을공원),93,55,38,0,2,17,20,29,25,0,0,9,12,17,17,0,2,8,8,12,8
20244,A,골목상권,3110999,윗방죽마을공원,99,62,37,0,1,17,20,33,28,0,0,9,12,21,20,0,1,8,8,12,8
20244,A,골목상권,3111000,대왕초등학교(세곡동사거리서남측),19,14,5,0,0,3,3,7,6,0,0,2,2,5,5,0,0,1,1,2,1
20244,A,골목상권,3111001,아래방죽마을공원(율현초등학교),66,41,25,0,1,11,14,22,18,0,0,6,9,13,13,0,1,5,5,9,5
20244,A,골목상권,3111002,한국교통안전공단 강남자동차검사소,102,61,41,0,1,18,22,33,28,0,0,9,13,20,19,0,1,9,9,13,9
20244,A,골목상권,3111003,삼전역 4번,2463,1581,882,0,334,476,575,552,526,0,144,288,364,381,404,0,190,188,211,171,122
20244,A,골목상권,3111004,삼전역 1번,2313,1486,827,0,310,443,546,513,501,0,136,269,343,355,383,0,174,174,203,158,118
20244,A,골목상권,3111005,삼전역 3번,892,604,288,0,105,204,203,180,200,0,60,133,133,109,169,0,45,71,70,71,31
20244,A,골목상권,3111006,석촌고분역 1번,1249,850,399,0,143,283,282,254,287,0,83,186,185,157,239,0,60,97,97,97,48
20244,A,골목상권,3111007,석촌고분역 4번,875,590,285,0,103,199,199,179,195,0,58,129,129,109,165,0,45,70,70,70,30
20244,A,골목상권,3111008,석촌고분역 3번,481,318,163,0,59,110,110,100,102,0,34,80,74,58,72,0,25,30,36,42,30
20244,A,골목상권,3111009,송파책박물관,236,156,80,0,28,54,56,48,50,0,16,39,38,28,35,0,12,15,18,20,15
20244,A,골목상권,3111010,석촌역 7번,1639,1094,545,0,196,375,385,336,347,0,117,274,260,197,246,0,79,101,125,139,101
20244,A,골목상권,3111011,잠실나루역,4438,3563,875,22,593,1392,1289,940,202,9,426,1142,1063,767,156,13,167,250,226,173,46
20244,A,골목상권,3111012,석촌역 6번,536,354,182,0,64,124,124,110,114,0,38,90,83,63,80,0,26,34,41,47,34
20244,A,골목상권,3111013,송파나루역 1번(송리단길),4799,3013,1786,0,678,1075,1201,1047,798,0,289,636,785,707,596,0,389,439,416,340,202
20244,A,골목상권,3111014,송파나루역 2번,714,409,305,0,114,184,162,153,101,0,64,120,98,72,55,0,50,64,64,81,46
20244,A,골목상권,3111015,석촌역 3번,1249,787,462,0,177,280,312,276,204,0,77,166,203,187,154,0,100,114,109,89,50
20244,A,골목상권,3111016,송파역 2번,3278,2068,1210,2,524,817,857,780,298,2,256,517,619,486,188,0,268,300,238,294,110
20244,A,골목상권,3111017,송파나루역 3번,712,410,302,0,114,184,160,152,102,0,64,120,98,71,57,0,50,64,62,81,45
20244,A,골목상권,3111018,풍납초등학교(풍납백제문화공원),84,51,33,0,10,19,23,24,8,0,7,11,12,13,8,0,3,8,11,11,0
20244,A,골목상권,3111019,한성백제역 3번,2218,1273,945,0,362,568,498,473,317,0,203,369,303,223,175,0,159,199,195,250,142
20244,A,골목상권,3111020,방이동고분군(방산고등학교),546,399,147,0,56,108,143,146,93,0,27,68,107,117,80,0,29,40,36,29,13
20244,A,골목상권,3111021,방이역 4번,4665,3424,1241,0,480,913,1231,1245,796,0,229,583,920,1002,690,0,251,330,311,243,106
20244,A,골목상권,3111022,석촌중학교(방이육교),888,535,353,0,123,212,204,173,176,0,58,133,136,100,108,0,65,79,68,73,68
20244,A,골목상권,3111023,문정역 1번,5173,3999,1174,0,467,964,1493,1955,294,0,275,696,1162,1676,190,0,192,268,331,279,104
20244,A,골목상권,3111024,경찰병원역 4번(건너말공원),564,341,223,0,78,137,129,110,110,0,37,85,87,64,68,0,41,52,42,46,42
20244,A,골목상권,3111025,경찰병원역 3번,404,272,132,0,54,85,80,78,107,0,33,58,53,45,83,0,21,27,27,33,24
20244,A,골목상권,3111026,문정역 2번,5581,4251,1330,0,519,1021,1574,2039,428,0,304,732,1207,1718,290,0,215,289,367,321,138
20244,A,골목상권,3111027,문정초등학교,5720,4421,1299,0,519,1067,1647,2160,327,0,306,770,1282,1852,211,0,213,297,365,308,116
20244,A,골목상권,3111028,문현중학교(장지역 1번),780,530,250,0,84,124,184,206,182,0,46,82,122,144,136,0,38,42,62,62,46
20244,A,골목상권,3111029,오금역 4번,738,495,243,0,98,155,148,139,198,0,57,105,98,83,152,0,41,50,50,56,46
20244,A,골목상권,3111030,방이역 2번,4814,3363,1451,0,636,1144,1220,1163,651,0,374,770,900,877,442,0,262,374,320,286,209
20244,A,골목상권,3111031,장지동주민센터(한림연예예술고교),1816,1233,583,0,196,287,434,479,420,0,109,192,288,333,311,0,87,95,146,146,109
20244,A,골목상권,3111032,방이역 1번,5922,4141,1781,0,784,1407,1502,1428,801,0,460,950,1108,1079,544,0,324,457,394,349,257
20244,A,골목상권,3111033,문정동성당,256,173,83,0,28,40,61,68,59,0,15,27,40,47,44,0,13,13,21,21,15
20244,A,골목상권,3111034,오동나무공원(송파레미니스1단지),2421,1692,729,0,324,573,612,582,330,0,190,386,451,440,225,0,134,187,161,142,105
20244,A,골목상권,3111035,오금공원(오주중학교),1085,758,327,0,145,258,277,261,144,0,84,174,203,199,98,0,61,84,74,62,46
20244,A,골목상권,3111036,투구봉어린이공원,449,301,148,0,59,95,89,86,120,0,35,65,59,51,91,0,24,30,30,35,29
20244,A,골목상권,3111037,Sh수협은행 오금동금융센터(아랫말어린이공원),402,280,122,0,54,96,101,97,54,0,32,64,74,73,37,0,22,32,27,24,17
20244,A,골목상권,3111038,보인중학교,2429,1697,732,0,321,577,618,585,328,0,189,389,456,441,222,0,132,188,162,144,106
20244,A,골목상권,3111039,벌말어린이공원,810,566,244,0,108,192,204,195,111,0,63,130,151,147,75,0,45,62,53,48,36
20244,A,골목상권,3111040,거여초등학교,578,402,176,0,77,137,145,142,77,0,45,92,106,106,53,0,32,45,39,36,24
20244,A,골목상권,3111041,거여역 8번,143,109,34,0,36,43,34,18,12,0,25,35,27,13,9,0,11,8,7,5,3
20244,A,골목상권,3111042,거여역 1번(거여공원),1845,1391,454,0,470,540,448,237,150,0,324,435,348,167,117,0,146,105,100,70,33
20244,A,골목상권,3111043,마천공원,170,116,54,0,9,39,52,49,21,0,8,26,31,30,21,0,1,13,21,19,0
20244,A,골목상권,3111044,남천초등학교,563,382,181,0,30,139,170,157,67,0,20,94,102,99,67,0,10,45,68,58,0
20244,A,골목상권,3111045,개미어린이공원,93,47,46,0,10,14,25,31,13,0,5,9,13,13,7,0,5,5,12,18,6
20244,A,골목상권,3111046,마천역(마천초등학교),782,434,348,0,32,188,260,243,59,0,10,100,136,129,59,0,22,88,124,114,0
20244,A,골목상권,3111047,마천1치안센터,102,48,54,0,2,20,41,36,3,0,0,9,20,16,3,0,2,11,21,20,0
20244,A,골목상권,3111048,천호역 1번(천호문구완구거리),107,57,50,0,7,21,33,28,18,0,1,9,16,14,17,0,6,12,17,14,1
20244,A,골목상권,3111049,천호지구대(천호동자전거거리),247,130,117,0,20,56,67,62,42,0,6,26,33,31,34,0,14,30,34,31,8
20244,A,골목상권,3111050,강동구청(강동구청역 2번),485,329,156,0,59,101,106,123,96,0,33,64,69,89,74,0,26,37,37,34,22
20244,A,골목상권,3111051,천호역 6번,447,318,129,0,67,97,109,88,86,0,55,66,66,66,65,0,12,31,43,22,21
20244,A,골목상권,3111052,암사역 3번(천호동자전거거리),440,178,262,0,40,77,111,128,84,0,13,35,49,42,39,0,27,42,62,86,45
20244,A,골목상권,3111053,성내천어린이공원(하니사랑길),2412,1642,770,0,288,503,522,624,475,0,165,315,343,452,367,0,123,188,179,172,108
20244,A,골목상권,3111054,암사역 4번(삼성광나루아파트),195,72,123,0,21,32,46,58,38,0,7,15,19,17,14,0,14,17,27,41,24
20244,A,골목상권,3111055,선사초등학교,209,76,133,0,21,34,50,62,42,0,7,16,20,18,15,0,14,18,30,44,27
20244,A,골목상권,3111056,천호태영아파트,265,153,112,0,10,27,44,47,137,0,3,12,22,24,92,0,7,15,22,23,45
20244,A,골목상권,3111057,천호공원(해공체육문화센터),170,91,79,0,14,39,46,44,27,0,4,19,23,22,23,0,10,20,23,22,4
20244,A,골목상권,3111058,성내중학교,685,465,220,0,81,143,149,177,135,0,47,89,97,128,104,0,34,54,52,49,31
20244,A,골목상권,3111059,강동역 4번(강풀만화거리),830,576,254,0,130,176,202,164,158,0,101,120,120,120,115,0,29,56,82,44,43
20244,A,골목상권,3111060,암사역 2번(서울강동초등학교),471,244,227,0,40,100,126,124,81,0,11,44,63,62,64,0,29,56,63,62,17
20244,A,골목상권,3111061,암사역 1번,801,497,304,0,102,174,166,161,198,0,49,116,108,108,116,0,53,58,58,53,82
20244,A,골목상권,3111062,둔촌동역 3번(성내3동주민센터),503,304,199,0,71,112,128,105,87,0,38,71,77,60,58,0,33,41,51,45,29
20244,A,골목상권,3111063,강동구립 천호도서관,215,127,88,0,4,19,32,35,125,0,1,8,16,18,84,0,3,11,16,17,41
20244,A,골목상권,3111064,둔촌동역 4번,170,104,66,0,22,39,43,37,29,0,11,25,27,21,20,0,11,14,16,16,9
20244,A,골목상권,3111065,천일초등학교,108,65,43,0,5,14,24,23,42,0,1,7,12,15,30,0,4,7,12,8,12
20244,A,골목상권,3111066,암사동성당(효정하나플러스아파트),553,345,208,0,70,120,117,111,135,0,35,79,76,76,79,0,35,41,41,35,56
20244,A,골목상권,3111067,강동구립성내도서관,605,371,234,0,79,140,157,128,101,0,41,91,97,72,70,0,38,49,60,56,31
20244,A,골목상권,3111068,강동성심병원,1023,519,504,0,141,205,234,253,190,0,54,110,125,115,115,0,87,95,109,138,75
20244,A,골목상권,3111069,천호1동주민센터,259,155,104,0,16,47,64,63,69,0,4,24,32,40,55,0,12,23,32,23,14
20244,A,골목상권,3111070,천호초등학교,111,69,42,0,8,18,26,29,30,0,2,9,13,20,25,0,6,9,13,9,5
20244,A,골목상권,3111071,천동초등학교,64,32,32,0,10,14,14,14,12,0,4,7,7,7,7,0,6,7,7,7,5
20244,A,골목상권,3111072,굽은다리역 1번(십자성마을),445,262,183,0,21,59,95,93,177,0,5,29,47,54,127,0,16,30,48,39,50
20244,A,골목상권,3111073,둔촌동역 1번(한산중학교),1392,625,767,0,264,371,308,291,158,0,71,154,154,137,109,0,193,217,154,154,49
20244,A,골목상권,3111074,명일역 1번,226,132,94,0,31,55,53,41,46,0,15,34,34,25,24,0,16,21,19,16,22
20244,A,골목상권,3111075,굽은다리역 2번,304,182,122,0,18,56,78,78,74,0,4,29,40,49,60,0,14,27,38,29,14
20244,A,골목상권,3111076,둔촌2동주민센터,481,217,264,0,90,127,106,100,58,0,24,53,53,47,40,0,66,74,53,53,18
20244,A,골목상권,3111077,길동주민센터(강동도서관),1820,919,901,0,249,365,417,451,338,0,91,195,223,205,205,0,158,170,194,246,133
20244,A,골목상권,3111078,굽은다리역 4번,1965,996,969,0,269,399,450,483,364,0,102,215,242,219,218,0,167,184,208,264,146
20244,A,골목상권,3111079,둔촌고등학교(둔촌중학교),152,69,83,0,28,40,34,32,18,0,7,17,17,15,13,0,21,23,17,17,5
20244,A,골목상권,3111080,굽은다리역 3번,554,310,244,0,82,150,142,98,82,0,37,92,94,50,37,0,45,58,48,48,45
20244,A,골목상권,3111081,둔촌푸르지오아파트,140,64,76,0,27,37,30,29,17,0,8,15,15,14,12,0,19,22,15,15,5
20244,A,골목상권,3111082,중앙보훈병원,48,21,27,0,10,13,10,9,6,0,3,5,5,4,4,0,7,8,5,5,2
20244,A,골목상권,3111083,GS강동자이아파트,405,208,197,0,51,82,94,103,75,0,20,44,50,47,47,0,31,38,44,56,28
20244,A,골목상권,3111084,길동신동아아파트,106,53,53,0,15,21,25,26,19,0,6,11,14,11,11,0,9,10,11,15,8
20244,A,골목상권,3111085,묘곡초등학교(고덕아이파크아파트),845,437,408,0,96,186,218,201,144,0,42,106,107,91,91,0,54,80,111,110,53
20244,A,골목상권,3111086,한영중고,523,360,163,0,62,150,140,110,61,0,31,106,102,72,49,0,31,44,38,38,12
20244,A,골목상권,3111087,고덕중학교(고덕2동주민센터),348,219,129,0,17,42,80,124,85,0,1,18,46,85,69,0,16,24,34,39,16
20244,A,골목상권,3111088,고덕동성당,550,346,204,0,26,67,123,195,139,0,0,28,71,134,113,0,26,39,52,61,26
20244,A,골목상권,3111089,상일여고(상일초등학교),1291,653,638,0,193,290,316,338,154,0,69,145,191,152,96,0,124,145,125,186,58
20244,A,골목상권,3111090,강일동주민센터,143,97,46,0,18,32,41,36,16,0,9,23,27,24,14,0,9,9,14,12,2
20244,D,발달상권,3120001,서대문역,4645,2733,1912,5,702,1221,1202,1025,490,1,257,668,766,678,363,4,445,553,436,347,127
20244,D,발달상권,3120002,서촌(경복궁역),3194,2040,1154,0,516,922,924,598,234,0,222,572,661,427,158,0,294,350,263,171,76
20244,D,발달상권,3120003,광화문역,43594,26963,16631,66,6081,12446,13020,8468,3513,25,2559,7496,8786,5916,2181,41,3522,4950,4234,2552,1332
20244,D,발달상권,3120004,종로구청,5275,2909,2366,72,1068,1610,1447,826,252,31,466,808,849,583,172,41,602,802,598,243,80
20244,D,발달상권,3120005,삼청동,3310,2755,555,0,392,890,1053,792,183,0,253,694,913,718,177,0,139,196,140,74,6
20244,D,발달상권,3120006,종각역,51748,28516,23232,684,10489,15783,14198,8115,2479,284,4570,7927,8323,5722,1690,400,5919,7856,5875,2393,789
20244,D,발달상권,3120007,북촌(안국역),12202,9169,3033,1,1309,4155,3680,2342,715,1,692,3061,2908,1943,564,0,617,1094,772,399,151
20244,D,발달상권,3120008,인사동,10364,5711,4653,137,2101,3163,2843,1623,497,57,915,1590,1666,1144,339,80,1186,1573,1177,479,158
20244,D,발달상권,3120009,종로3가역,21862,12060,9802,276,4441,6670,5995,3423,1057,115,1943,3353,3520,2414,715,161,2498,3317,2475,1009,342
20244,D,발달상권,3120010,원남동사거리,3838,2146,1692,53,795,1163,1043,598,186,16,345,602,628,428,127,37,450,561,415,170,59
20244,D,발달상권,3120011,종로4가,4831,2666,2165,63,980,1473,1326,758,231,26,428,740,778,535,159,37,552,733,548,223,72
20244,D,발달상권,3120012,대학로(혜화역),2991,1501,1490,0,468,806,747,611,359,0,151,385,409,336,220,0,317,421,338,275,139
20244,D,발달상권,3120013,이화사거리,3008,1861,1147,56,683,865,749,471,184,10,277,542,537,362,133,46,406,323,212,109,51
20244,D,발달상권,3120014,종로5가역,5154,3224,1930,111,1215,1495,1274,783,276,20,502,963,935,608,196,91,713,532,339,175,80
20244,D,발달상권,3120015,종로6가,1620,1015,605,32,382,469,401,246,90,3,158,303,293,193,65,29,224,166,108,53,25
20244,D,발달상권,3120016,동대문역,487,206,281,0,10,78,173,141,85,0,0,14,58,64,70,0,10,64,115,77,15
20244,D,발달상권,3120017,동묘앞역(동묘),705,311,394,0,32,119,232,192,130,0,7,33,84,92,95,0,25,86,148,100,35
20244,D,발달상권,3120018,중림동,4265,2424,1841,0,851,1349,1121,630,314,0,388,738,641,421,236,0,463,611,480,209,78
20244,D,발달상권,3120019,경찰청앞교차로,8770,4779,3991,41,2312,2690,1989,1301,437,11,775,1376,1391,928,298,30,1537,1314,598,373,139
20244,D,발달상권,3120020,시청역_1번,5078,2697,2381,26,1468,1603,1117,673,191,7,477,798,797,491,127,19,991,805,320,182,64
20244,D,발달상권,3120021,시청역_8번,20839,11064,9775,108,6030,6578,4584,2760,779,27,1961,3273,3269,2015,519,81,4069,3305,1315,745,260
20244,D,발달상권,3120022,북창동(시청역_6번),21464,11388,10076,110,6212,6772,4716,2848,806,24,2020,3368,3364,2076,536,86,4192,3404,1352,772,270
20244,D,발달상권,3120023,서울시청,15371,8900,6471,2,2514,5184,4172,2737,762,0,1003,2670,2691,2019,517,2,1511,2514,1481,718,245
20244,D,발달상권,3120024,회현역,2868,1771,1097,3,539,1013,788,417,108,0,252,604,512,328,75,3,287,409,276,89,33
20244,D,발달상권,3120025,롯데백화점(시청광장 지하쇼핑센터),24494,13084,11410,120,6876,7768,5474,3318,938,30,2256,3874,3874,2424,626,90,4620,3894,1600,894,312
20244,D,발달상권,3120026,을지로입구역,43168,24988,18180,4,7064,14552,11722,7684,2142,0,2818,7496,7554,5666,1454,4,4246,7056,4168,2018,688
20244,D,발달상권,3120027,명동역(명동재미로),10825,6561,4264,17,1950,3767,2958,1682,451,3,872,2158,1921,1294,313,14,1078,1609,1037,388,138
20244,D,발달상권,3120028,명동(명동거리),37526,21314,16212,44,7202,12458,9766,6298,1758,12,2692,6368,6420,4632,1190,32,4510,6090,3346,1666,568
20244,D,발달상권,3120029,을지로2가,13574,7858,5716,2,2220,4576,3688,2414,674,0,886,2358,2376,1780,458,2,1334,2218,1312,634,216
20244,D,발달상권,3120030,중부경찰서(영화인의거리),8058,4176,3882,0,1470,2137,2181,1573,697,0,457,1109,1212,923,475,0,1013,1028,969,650,222
20244,D,발달상권,3120031,을지로3가역,13468,7604,5864,3,2642,4033,3371,2371,1048,1,883,2128,2177,1695,720,2,1759,1905,1194,676,328
20244,D,발달상권,3120032,충무로역,12883,6187,6696,25,2317,3300,3627,2623,991,9,888,1707,1796,1200,587,16,1429,1593,1831,1423,404
20244,D,발달상권,3120033,을지로4가역,3944,2143,1801,2,970,961,864,685,462,1,268,534,557,461,322,1,702,427,307,224,140
20244,D,발달상권,3120034,중구청(퇴계로4가),5288,2629,2659,45,1517,1392,1089,835,410,16,735,809,628,285,156,29,782,583,461,550,254
20244,D,발달상권,3120035,퇴계로5가,1983,992,991,13,563,524,415,322,146,4,270,304,241,116,57,9,293,220,174,206,89
20244,D,발달상권,3120036,장충동족발거리(남소영길),1466,776,690,0,337,403,379,283,64,0,120,225,225,163,43,0,217,178,154,120,21
20244,D,발달상권,3120037,동대문역사문화공원역,23881,11932,11949,192,6819,6262,4933,3806,1869,74,3271,3635,2859,1350,743,118,3548,2627,2074,2456,1126
20244,D,발달상권,3120038,약수역,8665,3900,4765,8,1426,3103,2323,1287,518,0,475,1324,975,754,372,8,951,1779,1348,533,146
20244,D,발달상권,3120039,신당역,2321,1226,1095,0,612,509,485,439,276,0,252,243,248,282,201,0,360,266,237,157,75
20244,D,발달상권,3120040,용산전자상가(용산역),15346,8340,7006,13,2974,4745,4348,2337,929,6,1306,2476,2396,1500,656,7,1668,2269,1952,837,273
20244,D,발달상권,3120041,신용산역(용산역),36527,18042,18485,37,7472,11434,10457,5367,1760,15,3044,5351,5205,3266,1161,22,4428,6083,5252,2101,599
20244,D,발달상권,3120042,"숙대입구역(남영역, 남영동)",5031,2117,2914,36,1916,1242,960,648,229,0,360,665,569,349,174,36,1556,577,391,299,55
20244,D,발달상권,3120043,서울역,27333,16309,11024,70,5702,9344,7243,3918,1056,10,2348,5530,4685,2992,744,60,3354,3814,2558,926,312
20244,D,발달상권,3120044,삼각지역,3985,1968,2017,2,814,1251,1141,585,192,1,331,585,568,357,126,1,483,666,573,228,66
20244,D,발달상권,3120045,남영동 먹자골목,3277,1378,1899,23,1250,808,625,421,150,0,236,434,370,226,112,23,1014,374,255,195,38
20244,D,발달상권,3120046,이태원(이태원역),22140,13244,8896,6,4962,7421,5141,3748,862,6,1726,3981,3650,3183,698,0,3236,3440,1491,565,164
20244,D,발달상권,3120047,한남오거리,13257,9700,3557,6,2196,3926,3485,3043,601,6,1042,2614,2820,2731,487,0,1154,1312,665,312,114
20244,D,발달상권,3120048,금호역,376,226,150,0,42,82,108,91,53,0,12,40,70,58,46,0,30,42,38,33,7
20244,D,발달상권,3120049,왕십리역(왕십리),1450,923,527,0,175,295,372,414,194,0,77,183,249,286,128,0,98,112,123,128,66
20244,D,발달상권,3120050,서울숲역,1428,892,536,0,177,302,320,386,243,0,80,188,204,263,157,0,97,114,116,123,86
20244,D,발달상권,3120051,뚝섬역,6598,4397,2201,4,1058,1496,1510,1397,1133,4,608,993,994,931,867,0,450,503,516,466,266
20244,D,발달상권,3120052,성수역,11354,7271,4083,15,1877,2898,2836,2273,1455,15,1037,1932,1907,1375,1005,0,840,966,929,898,450
20244,D,발달상권,3120053,건대입구역(건대),1689,1253,436,0,172,362,469,477,209,0,96,250,349,363,195,0,76,112,120,114,14
20244,D,발달상권,3120054,어린이대공원역,362,221,141,0,37,68,91,99,67,0,11,35,58,64,53,0,26,33,33,35,14
20244,D,발달상권,3120055,군자역,3475,1914,1561,1,656,719,809,806,484,0,307,407,446,394,360,1,349,312,363,412,124
20244,D,발달상권,3120056,구의역,7498,5606,1892,0,638,1273,2055,2746,786,0,303,799,1519,2299,686,0,335,474,536,447,100
20244,D,발달상권,3120057,아차산역,2527,1511,1016,0,362,495,662,648,360,0,171,270,401,397,272,0,191,225,261,251,88
20244,D,발달상권,3120058,구의사거리,1201,743,458,0,160,272,322,297,150,0,85,164,197,187,110,0,75,108,125,110,40
20244,D,발달상권,3120059,구삼강변맛길,3984,2438,1546,0,468,843,963,1006,704,0,265,592,656,522,403,0,203,251,307,484,301
20244,D,발달상권,3120060,강변역(테크노마트),4425,2704,1721,0,517,932,1073,1118,785,0,295,654,729,578,448,0,222,278,344,540,337
20244,D,발달상권,3120061,올림픽대교북단,1505,916,589,3,276,345,340,330,211,0,143,234,230,183,126,3,133,111,110,147,85
20244,D,발달상권,3120062,신설동역,6339,3272,3067,0,794,1377,1564,1552,1052,0,355,783,830,732,572,0,439,594,734,820,480
20244,D,발달상권,3120063,청량리역(청량리),1560,894,666,0,244,442,330,324,220,0,89,262,205,204,134,0,155,180,125,120,86
20244,D,발달상권,3120064,경희대학교(경희대),33,14,19,0,1,8,10,8,6,0,0,2,4,2,6,0,1,6,6,6,0
20244,D,발달상권,3120065,회기역,814,482,332,0,69,171,217,213,144,0,16,100,132,142,92,0,53,71,85,71,52
20244,D,발달상권,3120066,장한평역(장한평),7238,4591,2647,3,1193,1597,1557,1486,1402,0,658,1050,1004,913,966,3,535,547,553,573,436
20244,D,발달상권,3120067,장안동사거리,3227,1824,1403,0,847,632,670,637,441,0,447,378,344,333,322,0,400,254,326,304,119
20244,D,발달상권,3120068,사가정역,299,188,111,0,21,49,81,91,57,0,3,24,47,63,51,0,18,25,34,28,6
20244,D,발달상권,3120069,상봉역,2554,1821,733,0,286,595,771,626,276,0,176,415,505,460,265,0,110,180,266,166,11
20244,D,발달상권,3120070,한성대입구역,3799,2756,1043,0,484,930,1114,1081,190,0,254,616,829,928,129,0,230,314,285,153,61
20244,D,발달상권,3120071,성북구청,2185,1093,1092,0,219,530,673,552,211,0,68,225,323,350,127,0,151,305,350,202,84
20244,D,발달상권,3120072,성신여대,1439,714,725,0,184,302,341,362,250,0,61,130,167,201,155,0,123,172,174,161,95
20244,D,발달상권,3120073,미아사거리,231,85,146,0,8,45,73,79,26,0,1,13,35,23,13,0,7,32,38,56,13
20244,D,발달상권,3120074,안암역,182,126,56,0,22,50,54,40,16,0,12,32,35,31,16,0,10,18,19,9,0
20244,D,발달상권,3120075,월곡역,1144,724,420,0,184,324,279,205,152,0,92,211,168,122,131,0,92,113,111,83,21
20244,D,발달상권,3120076,수유역,3443,1978,1465,0,279,765,839,1001,559,0,87,402,460,644,385,0,192,363,379,357,174
20244,D,발달상권,3120077,미아역,354,203,151,0,16,59,117,112,50,0,2,27,62,70,42,0,14,32,55,42,8
20244,D,발달상권,3120078,미아사거리역,576,284,292,0,27,82,194,171,102,0,3,28,82,82,89,0,24,54,112,89,13
20244,D,발달상권,3120079,창동역,3247,2057,1190,0,356,690,801,770,630,0,170,445,520,462,460,0,186,245,281,308,170
20244,D,발달상권,3120080,마들역,1635,970,665,0,211,433,409,432,150,0,101,274,216,270,109,0,110,159,193,162,41
20244,D,발달상권,3120081,노원역,5934,2681,3253,0,802,1299,1546,1545,742,0,203,544,699,806,429,0,599,755,847,739,313
20244,D,발달상권,3120082,상계백병원,578,256,322,0,81,135,150,148,64,0,21,51,68,80,36,0,60,84,82,68,28
20244,D,발달상권,3120083,등나무근린공원,1099,611,488,0,145,288,281,281,104,0,86,169,145,147,64,0,59,119,136,134,40
20244,D,발달상권,3120084,공릉역,1133,615,518,0,120,171,248,314,280,0,55,94,123,164,179,0,65,77,125,150,101
20244,D,발달상권,3120085,은행사거리,1811,951,860,0,216,385,520,492,198,0,96,205,255,251,144,0,120,180,265,241,54
20244,D,발달상권,3120086,태릉입구역,1207,656,551,0,129,184,265,332,297,0,59,100,132,174,191,0,70,84,133,158,106
20244,D,발달상권,3120087,응암역,457,248,209,0,41,91,111,112,102,0,14,45,59,55,75,0,27,46,52,57,27
20244,D,발달상권,3120088,구산역,1239,643,596,0,131,241,316,358,193,0,51,121,150,186,135,0,80,120,166,172,58
20244,D,발달상권,3120089,구파발역,1107,580,527,0,90,281,314,273,149,0,39,177,177,112,75,0,51,104,137,161,74
20244,D,발달상권,3120090,연신내역,1147,529,618,0,133,252,290,268,204,0,42,118,128,119,122,0,91,134,162,149,82
20244,D,발달상권,3120091,본서부병원,1212,670,542,0,114,216,299,290,293,0,47,104,153,152,214,0,67,112,146,138,79
20244,D,발달상권,3120092,불광역,361,185,176,0,38,84,99,93,47,0,13,40,48,50,34,0,25,44,51,43,13
20244,D,발달상권,3120093,연희동,2613,1743,870,0,406,659,566,742,240,0,228,444,358,536,177,0,178,215,208,206,63
20244,D,발달상권,3120094,"신촌역(신촌역, 신촌로터리)",2782,1419,1363,0,737,736,580,476,253,0,284,355,312,286,182,0,453,381,268,190,71
20244,D,발달상권,3120095,홍제역,988,499,489,0,97,147,250,309,185,0,24,73,123,167,112,0,73,74,127,142,73
20244,D,발달상권,3120096,"이화여대(이대역, 이대)",552,313,239,0,136,137,117,110,52,0,54,74,70,73,42,0,82,63,47,37,10
20244,D,발달상권,3120097,충정로역,3793,2363,1430,0,468,972,1008,903,442,0,220,590,640,594,319,0,248,382,368,309,123
20244,D,발달상권,3120098,DMC(디지털미디어시티),15261,9419,5842,11,3232,5610,4174,1704,530,3,1415,3551,2782,1214,454,8,1817,2059,1392,490,76
20244,D,발달상권,3120100,망원역,1960,1065,895,0,495,560,428,301,176,0,257,293,221,171,123,0,238,267,207,130,53
20244,D,발달상권,3120101,합정역,4035,2158,1877,0,760,1160,1006,695,414,0,299,577,592,415,275,0,461,583,414,280,139
20244,D,발달상권,3120102,서교동(홍대),4770,2439,2331,0,998,1344,1111,787,530,0,408,672,613,415,331,0,590,672,498,372,199
20244,D,발달상권,3120103,홍대입구역(홍대),7185,3693,3492,0,1486,2032,1681,1187,799,0,607,1018,931,636,501,0,879,1014,750,551,298
20244,D,발달상권,3120104,연남동(홍대),6380,3594,2786,0,1195,1687,1543,1199,756,0,500,868,885,738,603,0,695,819,658,461,153
20244,D,발달상권,3120105,상수역(홍대),1416,901,515,0,240,351,342,281,202,0,117,210,229,189,156,0,123,141,113,92,46
20244,D,발달상권,3120106,마포역,14017,8414,5603,0,2230,3450,3396,2908,2033,0,1119,2162,2247,1628,1258,0,1111,1288,1149,1280,775
20244,D,발달상권,3120107,공덕역(공덕오거리),16135,9411,6724,0,3038,4431,4254,3090,1322,0,1379,2611,2661,1888,872,0,1659,1820,1593,1202,450
20244,D,발달상권,3120108,신정네거리역,4014,2443,1571,7,535,819,976,906,771,7,217,488,572,533,626,0,318,331,404,373,145
20244,D,발달상권,3120109,서울남부지방법원,9625,5584,4041,34,1685,2322,2343,2048,1193,34,669,1416,1387,1177,901,0,1016,906,956,871,292
20244,D,발달상권,3120110,목동역 8번출구,2332,1306,1026,0,390,426,457,495,564,0,114,213,241,273,465,0,276,213,216,222,99
20244,D,발달상권,3120111,목동사거리,1559,864,695,0,239,370,400,366,184,0,68,193,228,227,148,0,171,177,172,139,36
20244,D,발달상권,3120112,등촌역,3539,2002,1537,0,517,832,900,784,506,0,211,465,510,467,349,0,306,367,390,317,157
20244,D,발달상권,3120113,오목교역,5101,3167,1934,0,903,1495,1312,985,406,0,402,912,883,691,279,0,501,583,429,294,127
20244,D,발달상권,3120114,목동신시가지,27985,17536,10449,42,4697,7424,6886,5788,3148,22,2180,4654,4591,3958,2131,20,2517,2770,2295,1830,1017
20244,D,발달상권,3120115,김포공항역(김포공항),900,638,262,0,65,171,209,262,193,0,40,114,146,172,166,0,25,57,63,90,27
20244,D,발달상권,3120116,송정역,791,414,377,0,131,261,219,154,26,0,31,108,128,128,19,0,100,153,91,26,7
20244,D,발달상권,3120117,강서농산물도매시장,754,443,311,0,38,107,206,254,149,0,15,54,99,149,126,0,23,53,107,105,23
20244,D,발달상권,3120118,마곡역(마곡),3866,2309,1557,0,243,610,1019,1217,777,0,97,328,516,728,640,0,146,282,503,489,137
20244,D,발달상권,3120119,발산역(마곡),7795,4494,3301,0,780,1525,1854,2083,1553,0,328,860,1044,1181,1081,0,452,665,810,902,472
20244,D,발달상권,3120120,화곡역,2475,1481,994,0,315,560,624,602,374,0,150,356,369,338,268,0,165,204,255,264,106
20244,D,발달상권,3120121,까치산역,846,478,368,0,81,207,231,211,116,0,35,118,122,124,79,0,46,89,109,87,37
20244,D,발달상권,3120122,강서구청,5982,3790,2192,0,855,1592,1518,1349,668,0,410,1010,974,885,511,0,445,582,544,464,157
20244,D,발달상권,3120123,오류동역,2184,1387,797,0,282,412,538,632,320,0,204,281,322,356,224,0,78,131,216,276,96
20244,D,발달상권,3120124,개봉동 현대아파트,3301,1698,1603,0,562,808,800,780,351,0,317,518,376,286,201,0,245,290,424,494,150
20244,D,발달상권,3120125,구로역,12431,7796,4635,0,1588,3045,3146,2966,1686,0,749,1902,1974,1938,1233,0,839,1143,1172,1028,453
20244,D,발달상권,3120126,디지털단지오거리,71,30,41,0,0,9,18,16,28,0,0,4,6,4,16,0,0,5,12,12,12
20244,D,발달상권,3120127,구로구청,4193,2613,1580,0,557,978,1092,950,616,0,304,663,704,556,386,0,253,315,388,394,230
20244,D,발달상권,3120128,신도림역,8504,5498,3006,0,1316,2385,2128,1684,991,0,617,1630,1484,1091,676,0,699,755,644,593,315
20244,D,발달상권,3120129,구로디지털단지,56132,36841,19291,180,11670,18950,14245,6958,4129,124,5902,12578,10050,4863,3324,56,5768,6372,4195,2095,805
20244,D,발달상권,3120130,구로디지털단지역,2310,1508,802,4,475,744,584,323,180,4,237,494,406,225,142,0,238,250,178,98,38
20244,D,발달상권,3120131,가산디지털단지,104860,69020,35840,305,20669,32629,25975,15351,9931,200,10970,21927,18745,10204,6974,105,9699,10702,7230,5147,2957
20244,D,발달상권,3120132,독산동,7998,5164,2834,0,615,1106,1363,1758,3156,0,369,740,876,1077,2102,0,246,366,487,681,1054
20244,D,발달상권,3120133,서울시흥동우체국(홈플러스시흥점),454,246,208,0,66,108,107,117,56,0,31,54,54,66,41,0,35,54,53,51,15
20244,D,발달상권,3120134,구로전화국,1630,1107,523,0,216,336,355,340,383,0,102,217,215,221,352,0,114,119,140,119,31
20244,D,발달상권,3120135,양평역,2793,1629,1164,0,555,648,620,564,406,0,283,417,373,290,266,0,272,231,247,274,140
20244,D,발달상권,3120136,영등포구청역,8473,5020,3453,0,1577,2179,1889,1630,1198,0,731,1305,1160,979,845,0,846,874,729,651,353
20244,D,발달상권,3120137,문래역(문래로데오거리),2644,1920,724,1,409,864,816,416,138,0,228,657,666,282,87,1,181,207,150,134,51
20244,D,발달상권,3120138,당산2동(영등포우체국),9848,6586,3262,0,1539,2217,2398,2185,1509,0,781,1384,1670,1599,1152,0,758,833,728,586,357
20244,D,발달상권,3120139,대림3동사거리,2290,1495,795,0,222,479,597,552,440,0,113,342,431,349,260,0,109,137,166,203,180
20244,D,발달상권,3120140,문래동주민센터,25596,18583,7013,13,3958,8365,7889,4031,1340,3,2206,6360,6440,2731,843,10,1752,2005,1449,1300,497
20244,D,발달상권,3120141,영등포청과시장교차로,2597,1701,896,0,424,788,674,448,263,0,196,513,490,310,192,0,228,275,184,138,71
20244,D,발달상권,3120142,대림역,2012,1144,868,0,301,457,484,391,379,0,121,273,279,235,236,0,180,184,205,156,143
20244,D,발달상권,3120143,당산역,4255,2755,1500,0,688,1000,1073,899,595,0,337,620,713,634,451,0,351,380,360,265,144
20244,D,발달상권,3120144,영중로,2392,1345,1047,0,439,593,575,473,312,0,161,331,360,281,212,0,278,262,215,192,100
20244,D,발달상권,3120145,영등포역(영등포),4867,2721,2146,0,884,1214,1165,965,639,0,317,676,727,568,433,0,567,538,438,397,206
20244,D,발달상권,3120146,한강성심병원,3893,2182,1711,0,711,967,932,772,511,0,258,541,582,455,346,0,453,426,350,317,165
20244,D,발달상권,3120147,보라매역,2307,1533,774,0,339,604,559,517,288,0,186,411,378,361,197,0,153,193,181,156,91
20244,D,발달상권,3120148,국회의사당역(국회의사당),75584,53644,21940,168,13897,27097,19437,11592,3393,62,7672,19368,15013,9228,2301,106,6225,7729,4424,2364,1092
20244,D,발달상권,3120149,여의도역(여의도),166492,118153,48339,370,30616,59687,42817,25531,7471,133,16900,42663,33068,20322,5067,237,13716,17024,9749,5209,2404
20244,D,발달상권,3120150,63빌딩,8821,6260,2561,20,1622,3162,2268,1353,396,7,895,2260,1752,1077,269,13,727,902,516,276,127
20244,D,발달상권,3120151,보라매공원,10160,6339,3821,12,1791,2144,1961,2407,1845,6,1305,1585,1217,1213,1013,6,486,559,744,1194,832
20244,D,발달상권,3120152,신대방삼거리역,3098,2064,1034,0,517,819,715,699,348,0,296,572,497,484,215,0,221,247,218,215,133
20244,D,발달상권,3120153,노량진역(노량진),5349,2875,2474,0,777,1473,1330,1175,594,0,374,718,695,704,384,0,403,755,635,471,210
20244,D,발달상권,3120154,장승배기역,551,285,266,0,54,139,152,146,60,0,23,73,79,73,37,0,31,66,73,73,23
20244,D,발달상권,3120155,총신대학교,323,176,147,0,34,85,102,78,24,0,14,40,53,45,24,0,20,45,49,33,0
20244,D,발달상권,3120156,"총신대입구역(이수, 총신대)",7436,4120,3316,0,1247,2023,1979,1400,787,0,480,1083,1123,870,564,0,767,940,856,530,223
20244,D,발달상권,3120157,신림역(신림),1622,826,796,0,172,285,361,381,423,0,28,126,190,181,301,0,144,159,171,200,122
20244,D,발달상권,3120158,녹두거리(대학동),395,305,90,0,42,95,121,105,32,0,27,67,96,84,31,0,15,28,25,21,1
20244,D,발달상권,3120159,서울대입구역,6550,3546,3004,0,1001,1919,1515,1386,729,0,410,999,802,822,513,0,591,920,713,564,216
20244,D,발달상권,3120160,사당역(사당),12897,6682,6215,0,2174,3310,3556,2481,1376,0,812,1611,1787,1505,967,0,1362,1699,1769,976,409
20244,D,발달상권,3120161,방배동가구거리(사당동가구거리),6540,3622,2918,12,1227,1689,1742,1171,699,12,417,880,1017,761,535,0,810,809,725,410,164
20244,D,발달상권,3120162,방배동카페골목,7381,4087,3294,13,1385,1910,1967,1321,785,13,471,996,1147,859,601,0,914,914,820,462,184
20244,D,발달상권,3120163,사당역 11번(사당역먹자골목),980,481,499,0,168,252,272,186,102,0,58,114,127,113,69,0,110,138,145,73,33
20244,D,발달상권,3120164,내방역,12182,7764,4418,13,2240,3533,3013,2275,1108,13,1000,2116,2115,1710,810,0,1240,1417,898,565,298
20244,D,발달상권,3120165,서래마을카페거리(서래마을),11545,10190,1355,0,1152,2453,3118,4293,529,0,875,2041,2766,4079,429,0,277,412,352,214,100
20244,D,발달상권,3120166,방배역,10702,7057,3645,31,1901,3236,2757,1843,934,16,932,2002,2005,1398,704,15,969,1234,752,445,230
20244,D,발달상권,3120167,고속터미널(고속터미널역),26897,21611,5286,11,3140,6236,7072,8666,1772,4,2007,4717,5870,7779,1234,7,1133,1519,1202,887,538
20244,D,발달상권,3120168,서울고교교차로,2243,1334,909,0,386,672,576,410,199,0,164,392,369,267,142,0,222,280,207,143,57
20244,D,발달상권,3120169,서초역,15721,9334,6387,1,2706,4713,4034,2873,1394,0,1145,2744,2579,1872,994,1,1561,1969,1455,1001,400
20244,D,발달상권,3120170,삼호가든사거리,13848,12132,1716,1,1415,2986,3730,5071,645,0,1056,2462,3291,4798,525,1,359,524,439,273,120
20244,D,발달상권,3120171,서초3동사거리,11164,6636,4528,0,1923,3347,2863,2043,988,0,815,1951,1832,1331,707,0,1108,1396,1031,712,281
20244,D,발달상권,3120172,교대입구교차로,16919,9811,7108,0,3177,4794,4097,3515,1336,0,1254,2712,2526,2358,961,0,1923,2082,1571,1157,375
20244,D,발달상권,3120173,교대역(법원.검찰청),33675,19287,14388,37,6576,9724,8152,6787,2399,14,2505,5480,5094,4478,1716,23,4071,4244,3058,2309,683
20244,D,발달상권,3120174,논현역 5번,1175,682,493,0,246,347,290,183,109,0,97,204,192,115,74,0,149,143,98,68,35
20244,D,발달상권,3120175,남부터미널역,21560,12178,9382,0,4403,5732,4888,5060,1477,0,1620,3126,2881,3478,1073,0,2783,2606,2007,1582,404
20244,D,발달상권,3120176,논현역 4번,1058,657,401,0,189,357,270,160,82,0,90,233,182,89,63,0,99,124,88,71,19
20244,D,발달상권,3120177,신논현역 1번,1661,1029,632,0,300,562,422,249,128,0,140,368,285,139,97,0,160,194,137,110,31
20244,D,발달상권,3120178,신사역,19438,11368,8070,0,4433,5806,4592,2894,1713,0,1804,3445,3065,1845,1209,0,2629,2361,1527,1049,504
20244,D,발달상권,3120179,양재역,27837,18877,8960,84,5554,7838,7158,5347,1856,42,2911,5236,5138,4133,1417,42,2643,2602,2020,1214,439
20244,D,발달상권,3120180,양재화물트럭터미널앞,5021,3770,1251,0,667,1231,1414,1326,383,0,403,906,1086,1083,292,0,264,325,328,243,91
20244,D,발달상권,3120181,교육개발원입구사거리,5630,3642,1988,62,1320,1562,1280,842,564,30,669,1048,903,564,428,32,651,514,377,278,136
20244,D,발달상권,3120182,"양재시민의숲역(양재동꽃시장, aT센터)",8588,6448,2140,0,1139,2103,2418,2270,658,0,688,1547,1858,1855,500,0,451,556,560,415,158
20244,D,발달상권,3120183,양재천카페거리,13817,9372,4445,75,2727,5202,3852,1521,440,44,1443,3555,2932,1090,308,31,1284,1647,920,431,132
20244,D,발달상권,3120184,포이사거리(삼호물산),15262,11370,3892,0,1981,3683,4305,3951,1342,0,1154,2660,3299,3198,1059,0,827,1023,1006,753,283
20244,D,발달상권,3120185,논현역,16908,9930,6978,0,4023,5125,3846,2451,1463,0,1699,3070,2575,1539,1047,0,2324,2055,1271,912,416
20244,D,발달상권,3120186,가로수길,11262,6730,4532,0,2340,3412,2882,1725,903,0,911,2082,1929,1132,676,0,1429,1330,953,593,227
20244,D,발달상권,3120187,신논현역,25051,14657,10394,34,5291,7746,6090,4098,1792,13,2226,4632,4011,2487,1288,21,3065,3114,2079,1611,504
20244,D,발달상권,3120188,압구정역,14682,8499,6183,18,3170,4523,3554,2225,1192,1,1205,2642,2382,1461,808,17,1965,1881,1172,764,384
20244,D,발달상권,3120189,강남역,87191,53684,33507,124,17773,27424,22167,14571,5132,30,8691,17426,14740,9164,3633,94,9082,9998,7427,5407,1499
20244,D,발달상권,3120190,강남을지병원,15495,9174,6321,14,3451,4694,3631,2332,1373,2,1388,2761,2467,1577,979,12,2063,1933,1164,755,394
20244,D,발달상권,3120191,학동역,19064,11678,7386,0,4322,5642,4341,2877,1882,0,1854,3363,3012,2032,1417,0,2468,2279,1329,845,465
20244,D,발달상권,3120192,뱅뱅사거리,48560,31409,17151,60,9636,14533,12605,8901,2825,22,4944,9478,8695,6197,2073,38,4692,5055,3910,2704,752
20244,D,발달상권,3120193,도산공원교차로,11206,6705,4501,18,2340,3386,2636,1750,1076,3,935,1958,1822,1234,753,15,1405,1428,814,516,323
20244,D,발달상권,3120194,언주역(차병원),14060,8506,5554,4,2975,4214,3434,2301,1132,0,1348,2571,2316,1436,835,4,1627,1643,1118,865,297
20244,D,발달상권,3120195,성수대교남단,10838,6092,4746,28,2410,3388,2493,1636,883,3,895,1904,1675,1069,546,25,1515,1484,818,567,337
20244,D,발달상권,3120196,서울세관,8018,5138,2880,0,1540,2331,1944,1299,904,0,670,1395,1384,990,699,0,870,936,560,309,205
20244,D,발달상권,3120197,역삼역,84399,49979,34420,92,17389,25404,21554,14783,5177,19,8338,15901,14107,7970,3644,73,9051,9503,7447,6813,1533
20244,D,발달상권,3120198,구역삼세무서,17986,10656,7330,20,3821,5312,4512,3159,1162,4,1837,3342,2966,1689,818,16,1984,1970,1546,1470,344
20244,D,발달상권,3120199,경복아파트교차로,6656,4049,2607,4,1322,1998,1683,1137,512,0,615,1230,1130,696,378,4,707,768,553,441,134
20244,D,발달상권,3120200,학동사거리,19111,11150,7961,20,4028,6016,4582,2927,1538,4,1553,3447,3093,1996,1057,16,2475,2569,1489,931,481
20244,D,발달상권,3120201,도곡1동,14638,9654,4984,17,2775,3786,3898,3228,934,11,1374,2436,2786,2331,716,6,1401,1350,1112,897,218
20244,D,발달상권,3120202,압구정로데오역(압구정로데오),15957,9020,6937,29,3497,5063,3749,2405,1214,1,1306,2860,2505,1578,770,28,2191,2203,1244,827,444
20244,D,발달상권,3120203,강남구청역,15763,9606,6157,2,3122,4861,3889,2434,1455,0,1301,2867,2680,1684,1074,2,1821,1994,1209,750,381
20244,D,발달상권,3120204,르네상스호텔사거리,29100,17237,11863,43,6216,8552,7272,5118,1899,11,2986,5390,4782,2732,1336,32,3230,3162,2490,2386,563
20244,D,발달상권,3120205,매봉역,67744,46289,21455,322,12990,26500,19402,7066,1464,204,6935,18147,14899,5134,970,118,6055,8353,4503,1932,494
20244,D,발달상권,3120206,개나리아파트,6788,4023,2765,10,1567,1886,1618,1206,501,1,757,1207,1074,631,353,9,810,679,544,575,148
20244,D,발달상권,3120207,선정릉역,21784,12804,8980,9,4367,6901,5509,3256,1742,1,1864,4105,3704,1929,1201,8,2503,2796,1805,1327,541
20244,D,발달상권,3120208,청담사거리(청담동명품거리),18696,10724,7972,0,3904,6195,4661,2812,1124,0,1470,3541,3067,1860,786,0,2434,2654,1594,952,338
20244,D,발달상권,3120209,"강남구청(청담역_8번, 강남세무서)",8856,5329,3527,6,1823,2849,2258,1389,531,2,776,1701,1543,952,355,4,1047,1148,715,437,176
20244,D,발달상권,3120210,선릉역,59959,35525,24434,82,11925,18187,15313,9805,4647,16,5354,11107,10240,5714,3094,66,6571,7080,5073,4091,1553
20244,D,발달상권,3120211,도성초등학교,4206,2586,1620,9,677,1254,1145,717,404,0,290,758,783,503,252,9,387,496,362,214,152
20244,D,발달상권,3120212,한티역,9550,6008,3542,26,1731,3310,2613,1309,561,13,816,2073,1836,900,370,13,915,1237,777,409,191
20244,D,발달상권,3120213,삼성중앙역,19227,12235,6992,31,3873,5954,5049,3151,1169,15,1900,3759,3592,2236,733,16,1973,2195,1457,915,436
20244,D,발달상권,3120214,영동대교남단교차로,7844,4498,3346,2,1638,2600,1954,1180,470,0,617,1486,1285,780,330,2,1021,1114,669,400,140
20244,D,발달상권,3120215,포스코사거리,94741,57282,37459,301,17890,28122,23951,16310,8167,121,8398,17422,16388,10303,4650,180,9492,10700,7563,6007,3517
20244,D,발달상권,3120216,경기고교사거리(경기고교앞사거리),6909,4076,2833,5,1434,2253,1742,1071,404,2,577,1318,1170,732,277,3,857,935,572,339,127
20244,D,발달상권,3120217,대치사거리,6420,3777,2643,19,1096,1843,1622,1152,688,7,489,1122,1078,698,383,12,607,721,544,454,305
20244,D,발달상권,3120218,코엑스,52540,35446,17094,134,10586,15754,14068,9328,2670,66,5688,10412,10372,7312,1596,68,4898,5342,3696,2016,1074
20244,D,발달상권,3120219,은마아파트,10976,6082,4894,24,1963,3373,2720,1842,1054,8,802,1833,1654,1122,663,16,1161,1540,1066,720,391
20244,D,발달상권,3120220,대치역,12518,6721,5797,18,2288,3992,3089,2012,1119,5,888,2044,1779,1241,764,13,1400,1948,1310,771,355
20244,D,발달상권,3120221,봉은사역,24393,16455,7938,61,4914,7313,6535,4328,1242,30,2640,4833,4816,3394,742,31,2274,2480,1719,934,500
20244,D,발달상권,3120222,삼성역,109259,68425,40834,424,21105,31631,27543,19904,8652,192,10702,20287,19310,13290,4644,232,10403,11344,8233,6614,4008
20244,D,발달상권,3120223,휘문고교사거리,13930,7791,6139,79,2527,3833,3211,2628,1652,34,1164,2345,2064,1357,827,45,1363,1488,1147,1271,825
20244,D,발달상권,3120224,수서역,19403,10244,9159,15,2762,5225,5216,3859,2326,9,1236,2810,2735,2056,1398,6,1526,2415,2481,1803,928
20244,D,발달상권,3120225,잠실새내역(신천),12478,8189,4289,10,2007,2917,3071,2614,1859,6,1056,1929,2044,1791,1363,4,951,988,1027,823,496
20244,D,발달상권,3120226,석촌고분역,3609,2408,1201,0,430,820,832,740,787,0,250,572,555,439,592,0,180,248,277,301,195
20244,D,발달상권,3120227,잠실역,110575,63846,46729,272,18389,28859,30323,25995,6737,99,8870,18400,18880,12728,4869,173,9519,10459,11443,13267,1868
20244,D,발달상권,3120228,석촌역(석촌호수),6934,4451,2483,0,913,1570,1686,1475,1290,0,442,1016,1115,941,937,0,471,554,571,534,353
20244,D,발달상권,3120229,방이동먹자골목,16204,9311,6893,0,2620,4160,3663,3460,2301,0,1472,2709,2243,1621,1266,0,1148,1451,1420,1839,1035
20244,D,발달상권,3120230,송파사거리(송파역),2117,1378,739,0,279,488,538,501,311,0,145,331,379,312,211,0,134,157,159,189,100
20244,D,발달상권,3120231,가락시장,5755,4027,1728,0,391,1068,1586,1649,1061,0,264,817,1168,1083,695,0,127,251,418,566,366
20244,D,발달상권,3120232,송파나루역,1569,937,632,0,239,381,370,339,240,0,122,240,233,188,154,0,117,141,137,151,86
20244,D,발달상권,3120233,몽촌토성역,15928,9153,6775,0,2577,4088,3595,3403,2265,0,1447,2662,2202,1594,1248,0,1130,1426,1393,1809,1017
20244,D,발달상권,3120234,가락시장역,11587,7034,4553,1,1587,2881,2760,2243,2115,0,759,1770,1854,1346,1305,1,828,1111,906,897,810
20244,D,발달상권,3120235,문정역,66136,41774,24362,94,9417,20004,20266,11963,4392,34,4525,11330,13924,9217,2744,60,4892,8674,6342,2746,1648
20244,D,발달상권,3120236,장지역(가든파이브),12402,7824,4578,17,1762,3708,3772,2238,905,6,848,2102,2583,1707,578,11,914,1606,1189,531,327
20244,D,발달상권,3120237,경찰병원역,11113,6851,4262,0,1504,2625,2489,2157,2338,0,750,1658,1664,1257,1522,0,754,967,825,900,816
20244,D,발달상권,3120238,방이역,1298,935,363,0,150,276,335,333,204,0,80,181,249,261,164,0,70,95,86,72,40
20244,D,발달상권,3120239,오금역,8853,5633,3220,0,1187,2106,2062,1840,1658,0,613,1350,1421,1173,1076,0,574,756,641,667,582
20244,D,발달상권,3120240,개롱역,2563,1727,836,0,335,542,514,484,688,0,199,370,342,289,527,0,136,172,172,195,161
20244,D,발달상권,3120241,거여역,2362,1439,923,0,409,503,585,557,308,0,261,356,355,281,186,0,148,147,230,276,122
20244,D,발달상권,3120242,강동구청역,8831,5909,2922,0,1090,1910,1926,2228,1677,0,592,1174,1245,1607,1291,0,498,736,681,621,386
20244,D,발달상권,3120243,천호역,1986,1113,873,0,223,420,503,461,379,0,109,212,260,250,282,0,114,208,243,211,97
20244,D,발달상권,3120244,암사역,1399,655,744,0,154,265,319,359,302,0,62,146,157,149,141,0,92,119,162,210,161
20244,D,발달상권,3120245,둔촌역,2095,1225,870,0,299,486,520,442,348,0,141,294,311,247,232,0,158,192,209,195,116
20244,D,발달상권,3120246,길동역,4487,2312,2175,0,617,910,1039,1091,830,0,240,497,563,506,506,0,377,413,476,585,324
20244,D,발달상권,3120247,굽은다리역,1214,689,525,0,142,280,308,254,230,0,57,161,181,142,148,0,85,119,127,112,82
20244,D,발달상권,3120248,명일역,2489,1408,1081,0,348,656,635,458,392,0,157,399,410,242,200,0,191,257,225,216,192
20244,D,발달상권,3120249,고덕역,2311,1579,732,0,278,656,617,487,273,0,142,461,447,314,215,0,136,195,170,173,58
20244,R,전통시장,3130001,통인시장,799,518,281,0,146,232,221,145,55,0,64,146,164,105,39,0,82,86,57,40,16
20244,R,전통시장,3130002,세종마을음식문화거리(금천교시장),746,467,279,0,100,211,226,146,63,0,43,129,155,101,39,0,57,82,71,45,24
20244,R,전통시장,3130004,낙원시장(낙원지하시장(대일상가)),409,225,184,5,83,125,113,64,19,2,36,63,66,45,13,3,47,62,47,19,6
20244,R,전통시장,3130005,세운상가가동,1034,570,464,14,210,314,284,162,50,6,92,158,166,114,34,8,118,156,118,48,16
20244,R,전통시장,3130007,광장시장(광장전통시장),6074,3402,2672,86,1256,1842,1648,948,294,32,544,956,992,676,202,54,712,886,656,272,92
20244,R,전통시장,3130009,마전교지하쇼핑센터(구 한일상가),356,222,134,8,84,102,88,54,20,2,34,66,64,42,14,6,50,36,24,12,6
20244,R,전통시장,3130010,종로신진시장,2692,1684,1008,54,638,776,668,412,144,8,266,500,488,318,104,46,372,276,180,94,40
20244,R,전통시장,3130011,충신시장,401,250,151,10,93,116,100,60,22,1,38,75,73,47,16,9,55,41,27,13,6
20244,R,전통시장,3130012,"동대문종합시장(동대문종합시장 신관, 동대문종합시장D동상가)",3532,2210,1322,76,832,1024,874,536,190,14,344,660,640,416,136,62,488,364,234,120,54
20244,R,전통시장,3130014,동문시장,134,56,78,0,4,24,44,38,24,0,0,6,14,18,18,0,4,18,30,20,6
20244,R,전통시장,3130015,창신골목시장,18,3,15,0,0,1,6,9,2,0,0,0,1,1,1,0,0,1,5,8,1
20244,R,전통시장,3130017,동대문상가C동,6,3,3,0,0,1,2,2,1,0,0,0,1,1,1,0,0,1,1,1,0
20244,R,전통시장,3130018,동대문문구완구거리(동대문문구완구시장),318,142,176,0,0,54,112,94,58,0,0,10,40,44,48,0,0,44,72,50,10
20244,R,전통시장,3130019,동대문상가D동,7,3,4,0,0,1,3,2,1,0,0,0,1,1,1,0,0,1,2,1,0
20244,R,전통시장,3130020,동묘시장(동묘벼룩시장),157,78,79,0,23,29,37,37,31,0,6,14,20,21,17,0,17,15,17,16,14
20244,R,전통시장,3130021,신설종합시장,50,25,25,0,7,9,12,12,10,0,2,4,7,7,5,0,5,5,5,5,5
20244,R,전통시장,3130022,숭례문수입상가(남대문시장),1992,1230,762,4,374,704,546,290,74,0,174,420,356,228,52,4,200,284,190,62,22
20244,R,전통시장,3130024,남대문시장(자유상가),26964,16668,10296,52,5064,9528,7382,3920,1018,10,2366,5686,4806,3090,710,42,2698,3842,2576,830,308
20244,R,전통시장,3130025,삼익패션타운(남대문시장),5304,3280,2024,10,994,1874,1454,772,200,2,464,1118,948,608,140,8,530,756,506,164,60
20244,R,전통시장,3130031,청계천공구상가,710,396,314,0,156,193,168,124,69,0,45,104,109,89,49,0,111,89,59,35,20
20244,R,전통시장,3130032,인현시장,1762,876,886,14,507,464,364,276,137,4,246,270,209,94,53,10,261,194,155,182,84
20244,R,전통시장,3130033,대림상가(청계상가),90,49,41,0,21,22,20,16,11,0,5,12,13,11,8,0,16,10,7,5,3
20244,R,전통시장,3130034,필동 골목형상점가,92,44,48,0,14,24,28,19,7,0,5,12,13,9,5,0,9,12,15,10,2
20244,R,전통시장,3130035,방산종합시장(방산시장),2783,1524,1259,0,675,673,613,487,335,0,177,372,399,339,237,0,498,301,214,148,98
20244,R,전통시장,3130036,중부시장(신중부시장),3023,1544,1479,19,829,779,632,493,271,8,359,447,376,218,136,11,470,332,256,275,135
20244,R,전통시장,3130038,"평화시장(통일상가, 동화상가)",13080,6531,6549,112,3738,3436,2696,2074,1024,44,1796,1997,1562,728,404,68,1942,1439,1134,1346,620
20244,R,전통시장,3130042,약수시장,3917,1515,2402,7,632,1465,1086,535,192,0,193,516,361,307,138,7,439,949,725,228,54
20244,R,전통시장,3130046,team204(팀204),116,64,52,0,36,24,22,20,14,0,16,12,12,14,10,0,20,12,10,6,4
20244,R,전통시장,3130047,테크노상가(엘리시움),328,178,150,0,102,68,64,58,36,0,44,36,32,40,26,0,58,32,32,18,10
20244,R,전통시장,3130048,동평화시장,126,68,58,0,38,26,24,24,14,0,16,14,12,16,10,0,22,12,12,8,4
20244,R,전통시장,3130049,신당 미래유산 먹거리 골목형상점가,14,8,6,0,6,2,2,3,1,0,3,1,1,2,1,0,3,1,1,1,0
20244,R,전통시장,3130050,청평화시장,274,146,128,0,84,58,52,48,32,0,36,30,26,32,22,0,48,28,26,16,10
20244,R,전통시장,3130051,동화동 골목형상점가,691,310,381,0,112,164,181,149,85,0,31,54,90,81,54,0,81,110,91,68,31
20244,R,전통시장,3130052,서울중앙시장(신중앙시장),407,285,122,0,75,114,103,73,42,0,46,74,65,62,38,0,29,40,38,11,4
20244,R,전통시장,3130053,백학시장,206,106,100,0,12,48,63,52,31,0,3,16,32,28,27,0,9,32,31,24,4
20244,R,전통시장,3130054,황학동주방가구거리상점가,220,155,65,0,36,64,58,38,24,0,23,40,37,33,22,0,13,24,21,5,2
20244,R,전통시장,3130055,"황학시장(서울중앙시장, 신중앙시장)",153,119,34,0,16,51,45,24,17,0,15,34,30,23,17,0,1,17,15,1,0
20244,R,전통시장,3130056,용산용문시장,909,540,369,0,177,247,252,167,66,0,77,148,154,114,47,0,100,99,98,53,19
20244,R,전통시장,3130057,만리시장,97,52,45,0,15,25,24,21,12,0,5,11,13,13,10,0,10,14,11,8,2
20244,R,전통시장,3130058,이촌종합시장,2891,1850,1041,5,468,782,811,592,233,5,231,481,572,398,163,0,237,301,239,194,70
20244,R,전통시장,3130059,후암시장,200,119,81,0,29,47,58,48,18,0,9,28,38,28,16,0,20,19,20,20,2
20244,R,전통시장,3130060,신흥시장,153,115,38,0,2,26,62,61,2,0,0,14,50,49,2,0,2,12,12,12,0
20244,R,전통시장,3130061,이태원시장,754,334,420,0,220,292,150,72,20,0,58,122,84,52,18,0,162,170,66,20,2
20244,R,전통시장,3130062,보광시장,34,18,16,0,3,7,11,10,3,0,0,3,6,6,3,0,3,4,5,4,0
20244,R,전통시장,3130063,신금호역 골목형상점가,48,28,20,0,3,8,12,12,13,0,0,2,6,7,13,0,3,6,6,5,0
20244,R,전통시장,3130064,금남시장,39,24,15,0,2,4,10,11,12,0,0,0,5,7,12,0,2,4,5,4,0
20244,R,전통시장,3130065,무학봉상점가,689,428,261,0,74,191,207,161,56,0,37,104,126,105,56,0,37,87,81,56,0
20244,R,전통시장,3130066,행당시장상점가,625,411,214,0,70,153,176,166,60,0,35,89,116,119,52,0,35,64,60,47,8
20244,R,전통시장,3130067,왕십리도선동상점가,1834,840,994,0,303,354,381,455,341,0,102,198,207,190,143,0,201,156,174,265,198
20244,R,전통시장,3130068,마장축산물시장,3134,2246,888,0,242,554,721,1055,562,0,145,388,530,753,430,0,97,166,191,302,132
20244,R,전통시장,3130069,"한양대앞상점가(한양시장, 왕십리맛골목)",176,128,48,0,3,30,62,59,22,0,0,19,43,45,21,0,3,11,19,14,1
20244,R,전통시장,3130070,뚝섬역상점가,1725,1187,538,0,275,353,365,377,355,0,164,234,235,268,286,0,111,119,130,109,69
20244,R,전통시장,3130071,성수역 골목형상점가,885,567,318,1,146,225,221,178,114,1,81,150,149,107,79,0,65,75,72,71,35
20244,R,전통시장,3130072,성동용답상가시장,453,287,166,0,118,135,94,68,38,0,49,93,66,45,34,0,69,42,28,23,4
20244,R,전통시장,3130073,뚝도시장,477,307,170,0,110,138,114,79,36,0,48,90,78,57,34,0,62,48,36,22,2
20244,R,전통시장,3130074,영동교골목시장,5,5,0,0,0,0,1,1,3,0,0,0,1,1,3,0,0,0,0,0,0
20244,R,전통시장,3130075,노룬산시장(노룬산골목시장),11,11,0,0,0,0,3,4,4,0,0,0,3,4,4,0,0,0,0,0,0
20244,R,전통시장,3130076,능동로골목시장,30,25,5,0,0,1,9,10,10,0,0,1,6,8,10,0,0,0,3,2,0
20244,R,전통시장,3130077,조양시장,15,13,2,0,0,1,4,5,5,0,0,1,3,4,5,0,0,0,1,1,0
20244,R,전통시장,3130078,화양제일골목시장,30,21,9,0,3,4,7,11,5,0,1,2,5,8,5,0,2,2,2,3,0
20244,R,전통시장,3130079,한아름시장,26,18,8,0,3,4,7,8,4,0,1,2,5,6,4,0,2,2,2,2,0
20244,R,전통시장,3130080,자양종합시장(기능상실),91,57,34,0,13,20,24,24,10,0,9,13,14,13,8,0,4,7,10,11,2
20244,R,전통시장,3130081,자양골목전통시장(자양골목시장),565,447,118,0,38,83,154,231,59,0,18,54,122,199,54,0,20,29,32,32,5
20244,R,전통시장,3130082,면곡골목시장,22,16,6,0,1,6,9,5,1,0,1,5,5,4,1,0,0,1,4,1,0
20244,R,전통시장,3130083,"중곡제일시장(중곡제일골목시장, 광성시장)",736,360,376,1,198,141,147,176,73,0,85,76,73,70,56,1,113,65,74,106,17
20244,R,전통시장,3130084,신성시장(신성골목시장),315,155,160,0,55,77,83,75,25,0,14,35,41,41,24,0,41,42,42,34,1
20244,R,전통시장,3130085,용두시장,86,45,41,0,11,19,21,21,14,0,5,11,11,10,8,0,6,8,10,11,6
20244,R,전통시장,3130086,서울약령시장,1535,954,581,0,164,400,396,336,239,0,60,242,263,203,186,0,104,158,133,133,53
20244,R,전통시장,3130087,경동광성상가(경동시장),111,72,39,0,11,29,29,25,17,0,4,18,20,16,14,0,7,11,9,9,3
20244,R,전통시장,3130088,경동시장,297,184,113,0,33,77,76,65,46,0,12,47,50,39,36,0,21,30,26,26,10
20244,R,전통시장,3130089,청량리수산시장,202,105,97,0,24,45,50,50,33,0,11,26,27,23,18,0,13,19,23,27,15
20244,R,전통시장,3130090,청량리종합시장,139,88,51,0,13,39,39,29,19,0,3,25,27,17,16,0,10,14,12,12,3
20244,R,전통시장,3130091,청량종합도매시장,155,100,55,0,13,43,42,33,24,0,5,26,29,21,19,0,8,17,13,12,5
20244,R,전통시장,3130092,청량리농수산물시장,178,112,66,0,17,47,47,40,27,0,6,28,30,24,24,0,11,19,17,16,3
20244,R,전통시장,3130093,동서시장,25,15,10,0,3,7,6,5,4,0,1,4,4,3,3,0,2,3,2,2,1
20244,R,전통시장,3130094,청량리청과물시장,234,139,95,0,29,66,55,48,36,0,10,39,35,29,26,0,19,27,20,19,10
20244,R,전통시장,3130095,청량리전통시장,274,157,117,0,42,76,62,53,41,0,15,46,38,31,27,0,27,30,24,22,14
20244,R,전통시장,3130096,동부시장,58,28,30,0,9,12,16,15,6,0,6,8,6,4,4,0,3,4,10,11,2
20244,R,전통시장,3130097,답십리 건축자재시장,276,135,141,0,39,54,79,77,27,0,29,36,30,20,20,0,10,18,49,57,7
20244,R,전통시장,3130098,회기시장,48,20,28,0,7,13,14,10,4,0,1,4,6,5,4,0,6,9,8,5,0
20244,R,전통시장,3130099,전농로터리시장,20,17,3,0,1,1,8,8,2,0,1,1,7,7,1,0,0,0,1,1,1
20244,R,전통시장,3130100,답십리시장,519,380,139,0,80,117,123,110,89,0,63,90,88,75,64,0,17,27,35,35,25
20244,R,전통시장,3130101,답십리현대시장,303,223,80,0,46,68,72,64,53,0,37,52,52,44,38,0,9,16,20,20,15
20244,R,전통시장,3130102,이문제일시장,119,63,56,0,12,27,27,31,22,0,3,13,13,17,17,0,9,14,14,14,5
20244,R,전통시장,3130103,이경시장,37,23,14,0,3,8,9,10,7,0,1,5,6,7,4,0,2,3,3,3,3
20244,R,전통시장,3130104,전곡시장,217,116,101,0,70,42,44,40,21,0,36,24,20,19,17,0,34,18,24,21,4
20244,R,전통시장,3130105,장미제일시장(중화동제일시장),29,22,7,0,2,6,7,9,5,0,2,4,4,7,5,0,0,2,3,2,0
20244,R,전통시장,3130106,중랑동부시장,341,232,109,0,35,83,110,86,27,0,19,56,71,60,26,0,16,27,39,26,1
20244,R,전통시장,3130107,중랑동부시장(중랑교종합상가),61,42,19,0,7,16,21,14,3,0,4,11,14,10,3,0,3,5,7,4,0
20244,R,전통시장,3130108,태능엔터피아(태릉시장),25,17,8,0,0,2,8,6,9,0,0,1,4,4,8,0,0,1,4,2,1
20244,R,전통시장,3130109,묵1동도깨비시장,143,67,76,0,11,36,43,36,17,0,2,16,20,16,13,0,9,20,23,20,4
20244,R,전통시장,3130110,면목골목시장(면목시장),186,110,76,0,10,29,50,64,33,0,0,11,26,40,33,0,10,18,24,24,0
20244,R,전통시장,3130111,"동원전통종합시장(동원시장, 동원전통시장 상점가)",199,113,86,0,13,50,59,54,23,0,0,26,32,32,23,0,13,24,27,22,0
20244,R,전통시장,3130112,사가정시장,351,228,123,0,22,59,100,100,70,0,3,31,59,76,59,0,19,28,41,24,11
20244,R,전통시장,3130113,신아타운,1164,649,515,0,153,292,286,290,143,0,64,138,148,188,111,0,89,154,138,102,32
20244,R,전통시장,3130114,유영시장,15,10,5,0,0,1,4,6,4,0,0,0,2,4,4,0,0,1,2,2,0
20244,R,전통시장,3130115,우림골목시장,334,181,153,0,25,61,79,113,56,0,2,23,38,63,55,0,23,38,41,50,1
20244,R,전통시장,3130116,동성타워프라자,39,19,20,0,7,9,7,10,6,0,2,4,3,5,5,0,5,5,4,5,1
20244,R,전통시장,3130117,정릉시장,336,182,154,0,41,83,92,81,39,0,8,42,49,49,34,0,33,41,43,32,5
20244,R,전통시장,3130118,정릉골 골목형상점가,179,111,68,0,10,28,44,59,38,0,1,14,28,41,27,0,9,14,16,18,11
20244,R,전통시장,3130119,정릉아리랑시장,159,68,91,0,22,41,44,37,15,0,0,17,18,18,15,0,22,24,26,19,0
20244,R,전통시장,3130120,돈암시장(돈암제일시장),319,162,157,0,30,78,100,80,31,0,9,34,48,52,19,0,21,44,52,28,12
20244,R,전통시장,3130121,길음시장,430,210,220,28,151,106,72,47,26,11,65,56,36,22,20,17,86,50,36,25,6
20244,R,전통시장,3130122,밤나무골시장,31,20,11,0,1,2,8,5,15,0,0,1,4,4,11,0,1,1,4,1,4
20244,R,전통시장,3130123,꿈의숲 장곡 골목형상점가,44,25,19,0,7,9,12,10,6,0,3,6,6,5,5,0,4,3,6,5,1
20244,R,전통시장,3130124,번동시장,31,19,12,0,4,6,7,8,6,0,1,3,4,5,6,0,3,3,3,3,0
20244,R,전통시장,3130125,장위전통시장,106,76,30,0,1,16,30,31,28,0,0,8,19,22,27,0,1,8,11,9,1
20244,R,전통시장,3130126,새석관시장,41,30,11,0,1,5,7,9,19,0,0,4,4,6,16,0,1,1,3,3,3
20244,R,전통시장,3130127,석관시장,23,18,5,0,0,3,3,5,12,0,0,2,2,4,10,0,0,1,1,1,2
20244,R,전통시장,3130128,돌곶이시장(석관황금시장),79,63,16,0,0,6,12,17,44,0,0,5,7,12,39,0,0,1,5,5,5
20244,R,전통시장,3130129,장미원골목시장,210,134,76,0,10,26,44,61,69,0,1,14,28,40,51,0,9,12,16,21,18
20244,R,전통시장,3130130,수유북부골목시장,16,10,6,0,1,3,5,5,2,0,0,2,3,3,2,0,1,1,2,2,0
20244,R,전통시장,3130131,동북프라자,20,15,5,0,1,2,5,6,6,0,0,1,3,5,6,0,1,1,2,1,0
20244,R,전통시장,3130132,삼양골목시장(삼양시장),65,48,17,0,2,5,17,20,21,0,0,2,9,17,20,0,2,3,8,3,1
20244,R,전통시장,3130133,우이골목시장(우이시장),232,126,106,0,1,2,44,79,106,0,0,1,30,54,41,0,1,1,14,25,65
20244,R,전통시장,3130134,"솔샘시장(미아6,7동골목시장)",194,104,90,0,33,55,65,30,11,0,11,31,36,15,11,0,22,24,29,15,0
20244,R,전통시장,3130135,수유중앙골목시장(수유중앙시장),104,54,50,0,6,27,28,32,11,0,0,12,13,20,9,0,6,15,15,12,2
20244,R,전통시장,3130136,수유재래시장,56,25,31,0,3,9,16,20,8,0,0,3,6,9,7,0,3,6,10,11,1
20244,R,전통시장,3130137,"수유전통시장(수유시장, 수유골목시장)",156,70,86,0,8,24,46,54,24,0,0,7,17,24,22,0,8,17,29,30,2
20244,R,전통시장,3130138,수유프라자,20,9,11,0,1,3,6,7,3,0,0,1,2,3,3,0,1,2,4,4,0
20244,R,전통시장,3130139,강북종합전통시장(강북종합골목시장),278,144,134,0,16,73,79,77,33,0,3,31,37,47,26,0,13,42,42,30,7
20244,R,전통시장,3130140,숭인시장,62,35,27,0,0,4,11,21,26,0,0,1,4,14,16,0,0,3,7,7,10
20244,R,전통시장,3130141,강북북부골목시장,43,29,14,0,2,9,9,14,9,0,0,6,6,11,6,0,2,3,3,3,3
20244,R,전통시장,3130142,강북북부시장,15,10,5,0,2,3,3,4,3,0,1,2,2,3,2,0,1,1,1,1,1
20244,R,전통시장,3130143,방천골목시장,41,21,20,0,1,5,14,13,8,0,0,2,6,6,7,0,1,3,8,7,1
20244,R,전통시장,3130144,백운시장,36,17,19,0,3,5,11,11,6,0,0,1,4,6,6,0,3,4,7,5,0
20244,R,전통시장,3130145,쌍문역둘리상점가,172,76,96,0,39,41,43,41,8,0,6,19,22,22,7,0,33,22,21,19,1
20244,R,전통시장,3130146,쌍문시장(쌍문역골목시장),529,238,291,0,115,124,138,129,23,0,17,55,71,74,21,0,98,69,67,55,2
20244,R,전통시장,3130147,쌍문역동측상점가,403,182,221,0,53,83,110,111,46,0,18,33,48,52,31,0,35,50,62,59,15
20244,R,전통시장,3130148,방학동도깨비시장,107,48,59,0,0,24,27,24,32,0,0,12,12,12,12,0,0,12,15,12,20
20244,R,전통시장,3130149,창동신창시장,355,208,147,0,40,82,101,87,45,0,17,51,56,44,40,0,23,31,45,43,5
20244,R,전통시장,3130150,창동골목시장,101,56,45,0,0,20,44,34,3,0,0,13,26,14,3,0,0,7,18,20,0
20244,R,전통시장,3130151,신도봉시장,28,20,8,0,0,2,7,11,8,0,0,1,4,8,7,0,0,1,3,3,1
20244,R,전통시장,3130152,오!도봉거리 상점가,64,43,21,0,0,6,11,17,30,0,0,3,6,11,23,0,0,3,5,6,7
20244,R,전통시장,3130153,창동역상점가,694,437,257,0,73,132,172,193,124,0,30,70,102,131,104,0,43,62,70,62,20
20244,R,전통시장,3130154,상계주공1단지(가)상가,45,20,25,0,7,11,11,11,5,0,2,4,5,6,3,0,5,7,6,5,2
20244,R,전통시장,3130155,시영B상가(중계 그린아파트 B 상가),48,26,22,0,7,12,12,12,5,0,4,7,6,6,3,0,3,5,6,6,2
20244,R,전통시장,3130156,시영2단지 무지개종합상가(중계 무지개2단지아파트상가),47,26,21,0,6,12,12,12,5,0,4,7,6,6,3,0,2,5,6,6,2
20244,R,전통시장,3130157,상계중앙시장,224,111,113,0,6,18,49,66,85,0,0,12,21,29,49,0,6,6,28,37,36
20244,R,전통시장,3130158,상계역전종합상가,386,193,193,0,3,20,69,112,182,0,0,13,29,49,102,0,3,7,40,63,80
20244,R,전통시장,3130159,공릉동 도깨비시장,818,443,375,0,87,122,181,225,203,0,39,67,90,116,131,0,48,55,91,109,72
20244,R,전통시장,3130160,수일시장,125,81,44,0,16,34,30,25,20,0,8,22,19,16,16,0,8,12,11,9,4
20244,R,전통시장,3130161,증산종합시장,65,43,22,0,8,18,18,15,6,0,4,12,12,10,5,0,4,6,6,5,1
20244,R,전통시장,3130162,증산골목시장,77,50,27,0,10,21,21,18,7,0,4,14,14,12,6,0,6,7,7,6,1
20244,R,전통시장,3130163,응암오거리상점가,266,128,138,0,14,66,86,71,29,0,0,33,39,32,24,0,14,33,47,39,5
20244,R,전통시장,3130164,역촌중앙시장,34,17,17,0,3,7,9,9,6,0,1,4,4,4,4,0,2,3,5,5,2
20244,R,전통시장,3130165,"대림골목시장(대림시장, 양지시장)",199,96,103,0,10,52,64,51,22,0,1,26,29,22,18,0,9,26,35,29,4
20244,R,전통시장,3130166,응암시장(신응암시장),76,51,25,0,9,9,18,23,17,0,5,5,11,14,16,0,4,4,7,9,1
20244,R,전통시장,3130167,연신내상점가(연빛거리),1492,761,731,0,207,336,378,368,203,0,77,177,185,177,145,0,130,159,193,191,58
20244,R,전통시장,3130168,연서시장,691,330,361,0,22,96,116,153,304,0,4,49,47,62,168,0,18,47,69,91,136
20244,R,전통시장,3130169,대조시장,191,95,96,0,14,44,56,48,29,0,2,22,26,22,23,0,12,22,30,26,6
20244,R,전통시장,3130170,제일시장,298,148,150,0,28,66,86,73,45,0,7,33,41,32,35,0,21,33,45,41,10
20244,R,전통시장,3130171,불광먹자골목 골목형상점가,469,200,269,0,63,113,130,110,53,0,23,48,55,47,27,0,40,65,75,63,26
20244,R,전통시장,3130172,모래내시장(서중시장),802,483,319,0,56,102,141,202,301,0,37,69,89,108,180,0,19,33,52,94,121
20244,R,전통시장,3130173,백련시장,14,7,7,0,1,3,4,5,1,0,0,1,2,3,1,0,1,2,2,2,0
20244,R,전통시장,3130174,연희사러가,47,31,16,0,7,12,10,14,4,0,4,8,6,10,3,0,3,4,4,4,1
20244,R,전통시장,3130175,신촌 상인회(신촌상점가),55,29,26,0,8,16,14,12,5,0,3,7,7,8,4,0,5,9,7,4,1
20244,R,전통시장,3130176,유진상가,892,170,722,0,25,64,246,431,126,0,8,20,45,51,46,0,17,44,201,380,80
20244,R,전통시장,3130177,인왕시장(홍제골목형상점가),131,64,67,0,6,12,27,38,48,0,0,4,11,20,29,0,6,8,16,18,19
20244,R,전통시장,3130178,이대 앞 스타트업 상점가,19,10,9,0,2,6,6,4,1,0,0,3,3,3,1,0,2,3,3,1,0
20244,R,전통시장,3130179,"이화여대 3,5,7길 상점가",173,91,82,0,25,51,46,38,13,0,7,22,23,26,13,0,18,29,23,12,0
20244,R,전통시장,3130180,포방터시장,979,184,795,0,26,70,270,476,137,0,7,23,48,56,50,0,19,47,222,420,87
20244,R,전통시장,3130181,아현가구거리상점가,271,202,69,0,26,63,76,78,28,0,10,47,60,61,24,0,16,16,16,17,4
20244,R,전통시장,3130182,영천시장,352,190,162,0,23,56,96,129,48,0,4,25,55,75,31,0,19,31,41,54,17
20244,R,전통시장,3130183,상암동상점가,928,577,351,0,194,347,257,104,26,0,86,218,171,76,26,0,108,129,86,28,0
20244,R,전통시장,3130184,마포농수산물시장,135,60,75,0,10,26,38,44,17,0,3,13,17,17,10,0,7,13,21,27,7
20244,R,전통시장,3130185,망원월드컵시장,474,286,188,0,59,89,101,146,79,0,33,67,72,68,46,0,26,22,29,78,33
20244,R,전통시장,3130186,망원시장,329,188,141,0,94,94,69,48,24,0,55,51,34,29,19,0,39,43,35,19,5
20244,R,전통시장,3130187,영진시장,15,7,8,0,3,4,4,2,2,0,1,2,2,1,1,0,2,2,2,1,1
20244,R,전통시장,3130188,합정시장,9,5,4,0,2,2,2,2,1,0,1,1,1,1,1,0,1,1,1,1,0
20244,R,전통시장,3130189,서교시장,137,70,67,0,29,38,32,23,15,0,12,19,18,12,9,0,17,19,14,11,6
20244,R,전통시장,3130190,홍대소상공인상점가,475,244,231,0,99,134,111,78,53,0,41,67,62,41,33,0,58,67,49,37,20
20244,R,전통시장,3130191,홍대 걷고싶은 거리,882,452,430,0,183,248,206,146,99,0,75,124,114,77,62,0,108,124,92,69,37
20244,R,전통시장,3130192,동진시장,36,23,13,0,5,9,9,8,5,0,2,5,5,6,5,0,3,4,4,2,0
20244,R,전통시장,3130193,신수시장,455,259,196,0,57,127,127,111,33,0,21,60,73,78,27,0,36,67,54,33,6
20244,R,전통시장,3130194,용강동 상점가,1613,961,652,0,234,399,384,320,276,0,114,238,254,187,168,0,120,161,130,133,108
20244,R,전통시장,3130195,도화동 상점가,2623,1594,1029,0,484,641,662,588,248,0,252,440,435,307,160,0,232,201,227,281,88
20244,R,전통시장,3130196,공덕시장,473,275,198,0,106,130,130,83,24,0,42,69,83,63,18,0,64,61,47,20,6
20244,R,전통시장,3130197,마포시장,149,86,63,0,33,42,39,27,8,0,13,22,25,20,6,0,20,20,14,7,2
20244,R,전통시장,3130198,아현시장,564,310,254,0,112,182,162,95,13,0,50,101,89,59,11,0,62,81,73,36,2
20244,R,전통시장,3130199,신월3동 골목시장,72,43,29,0,5,13,17,24,13,0,0,5,9,16,13,0,5,8,8,8,0
20244,R,전통시장,3130200,"신월7동 골목시장(약수시장, 우성상가)",166,109,57,0,18,27,34,40,47,0,14,21,22,24,28,0,4,6,12,16,19
20244,R,전통시장,3130201,월정로시장,74,48,26,0,5,13,18,25,13,0,3,9,10,16,10,0,2,4,8,9,3
20244,R,전통시장,3130202,신영시장,227,149,78,0,16,40,55,78,38,0,9,24,32,53,31,0,7,16,23,25,7
20244,R,전통시장,3130203,서서울 골목형상점가,112,75,37,0,7,20,27,39,19,0,4,12,16,27,16,0,3,8,11,12,3
20244,R,전통시장,3130204,경창시장,420,254,166,0,28,64,109,123,96,0,15,38,57,71,73,0,13,26,52,52,23
20244,R,전통시장,3130205,신곡종합시장(신월6동 골목시장),245,145,100,0,24,46,57,67,51,0,9,24,31,38,43,0,15,22,26,29,8
20244,R,전통시장,3130206,신정3동 골목시장,123,89,34,0,9,24,31,27,32,0,4,15,21,19,30,0,5,9,10,8,2
20244,R,전통시장,3130207,신정1동 골목시장(신정제일시장),989,577,412,3,175,248,249,211,103,3,72,155,150,122,75,0,103,93,99,89,28
20244,R,전통시장,3130208,목동깨비시장(목3동시장),465,258,207,0,58,101,128,115,63,0,29,59,69,59,42,0,29,42,59,56,21
20244,R,전통시장,3130209,목사랑시장(목4동시장),220,141,79,0,24,51,68,56,21,0,10,32,41,37,21,0,14,19,27,19,0
20244,R,전통시장,3130210,목2동시장,1016,568,448,0,140,250,270,234,122,0,66,136,150,135,81,0,74,114,120,99,41
20244,R,전통시장,3130211,신정2동 골목시장(오목교중앙시장),803,459,344,0,145,263,216,142,37,0,58,143,134,93,31,0,87,120,82,49,6
20244,R,전통시장,3130212,공항시장,35,26,9,0,1,7,9,11,7,0,1,5,6,7,7,0,0,2,3,4,0
20244,R,전통시장,3130213,방신전통시장,504,402,102,0,49,108,126,147,74,0,38,89,102,123,50,0,11,19,24,24,24
20244,R,전통시장,3130214,송화벽화시장(송화골목시장),244,144,100,0,12,36,67,82,47,0,5,18,32,49,40,0,7,18,35,33,7
20244,R,전통시장,3130215,대원종합시장,21,13,8,0,3,5,5,5,3,0,2,3,3,3,2,0,1,2,2,2,1
20244,R,전통시장,3130216,화곡중앙시장,186,106,80,0,17,39,46,54,30,0,8,23,25,31,19,0,9,16,21,23,11
20244,R,전통시장,3130217,화곡본동시장,217,127,90,0,20,43,53,55,46,0,6,26,31,29,35,0,14,17,22,26,11
20244,R,전통시장,3130218,신월중앙시장,258,137,121,0,32,55,58,64,49,0,14,30,34,31,28,0,18,25,24,33,21
20244,R,전통시장,3130219,까치산시장,519,289,230,0,65,147,158,91,58,0,30,79,79,58,43,0,35,68,79,33,15
20244,R,전통시장,3130220,등마루시장,117,71,46,0,24,30,26,21,16,0,9,19,18,14,11,0,15,11,8,7,5
20244,R,전통시장,3130221,"남부골목시장(남부화곡시장, 남부시장)",642,282,360,0,150,179,134,122,57,0,27,76,66,66,47,0,123,103,68,56,10
20244,R,전통시장,3130222,오류시장,281,180,101,0,38,52,68,82,41,0,27,36,41,47,29,0,11,16,27,35,12
20244,R,전통시장,3130223,고척근린시장,428,261,167,0,37,95,108,119,69,0,21,57,59,68,56,0,16,38,49,51,13
20244,R,전통시장,3130224,개봉프라자(고척근린시장),32,21,11,0,3,8,8,9,4,0,2,5,5,5,4,0,1,3,3,4,0
20244,R,전통시장,3130225,개봉중앙시장,3096,1535,1561,0,550,752,738,739,317,0,314,482,328,247,164,0,236,270,410,492,153
20244,R,전통시장,3130226,고척프라자,212,151,61,0,19,43,56,64,30,0,10,29,39,48,25,0,9,14,17,16,5
20244,R,전통시장,3130227,고척골목시장상점가(그라운드 고척),365,261,104,0,31,74,96,112,52,0,16,50,67,85,43,0,15,24,29,27,9
20244,R,전통시장,3130228,구로시장,96,55,41,0,3,22,27,27,17,0,0,13,14,14,14,0,3,9,13,13,3
20244,R,전통시장,3130229,남구로시장,290,167,123,0,26,63,73,75,53,0,8,37,41,43,38,0,18,26,32,32,15
20244,R,전통시장,3130230,가리봉시장,31,15,16,0,0,6,7,7,11,0,0,3,3,3,6,0,0,3,4,4,5
20244,R,전통시장,3130231,독산동 우시장,871,561,310,0,65,117,145,193,351,0,39,79,94,119,230,0,26,38,51,74,121
20244,R,전통시장,3130232,독산동 맛나는거리상점가(독산동 맛나는거리),96,57,39,0,11,17,19,22,27,0,8,10,11,11,17,0,3,7,8,11,10
20244,R,전통시장,3130233,남문시장,244,177,67,0,14,37,44,51,98,0,8,23,23,30,93,0,6,14,21,21,5
20244,R,전통시장,3130234,푸른터시장(기능상실),17,13,4,0,2,3,3,3,6,0,1,2,2,2,6,0,1,1,1,1,0
20244,R,전통시장,3130235,대명여울빛거리시장(대명시장),727,391,336,0,104,174,174,187,88,0,47,87,87,106,64,0,57,87,87,81,24
20244,R,전통시장,3130236,비단길현대시장(현대시장),461,250,211,0,64,110,110,120,57,0,28,55,55,69,43,0,36,55,55,51,14
20244,R,전통시장,3130237,박미시장(기능상실),65,39,26,0,5,9,15,17,19,0,3,6,9,9,12,0,2,3,6,8,7
20244,R,전통시장,3130238,은행나무시장,118,75,43,0,13,28,33,26,18,0,7,21,21,14,12,0,6,7,12,12,6
20244,R,전통시장,3130240,영등포유통상가,1053,634,419,0,181,299,235,193,145,0,72,167,148,136,111,0,109,132,87,57,34
20244,R,전통시장,3130241,선유도역 골목형상점가,2951,1695,1256,0,537,809,818,511,276,0,233,489,464,303,206,0,304,320,354,208,70
20244,R,전통시장,3130242,대림중앙 골목형상점가,166,85,81,0,31,40,37,26,32,0,12,21,16,15,21,0,19,19,21,11,11
20244,R,전통시장,3130243,도림시장,48,36,12,0,1,7,13,14,13,0,0,5,10,10,11,0,1,2,3,4,2
20244,R,전통시장,3130244,대림중앙시장,361,185,176,0,66,87,81,57,70,0,25,46,35,33,46,0,41,41,46,24,24
20244,R,전통시장,3130245,영일시장,4794,3477,1317,2,743,1566,1475,756,252,0,413,1190,1204,511,159,2,330,376,271,245,93
20244,R,전통시장,3130246,영등포청과시장(조광시장),544,321,223,0,100,144,127,101,72,0,39,82,79,66,55,0,61,62,48,35,17
20244,R,전통시장,3130247,우리시장,78,30,48,0,21,18,20,16,3,0,3,7,9,8,3,0,18,11,11,8,0
20244,R,전통시장,3130248,영등포역지하도상점가,1605,921,684,0,215,408,424,397,161,0,87,207,244,253,130,0,128,201,180,144,31
20244,R,전통시장,3130250,삼구시장(로타리상가),37,21,16,0,7,9,9,7,5,0,3,5,6,4,3,0,4,4,3,3,2
20244,R,전통시장,3130253,영신상가(제일상가),45,25,20,0,8,11,11,9,6,0,3,6,7,5,4,0,5,5,4,4,2
20244,R,전통시장,3130254,남서울상가,9,5,4,0,2,2,2,2,1,0,1,1,1,1,1,0,1,1,1,1,0
20244,R,전통시장,3130255,영등포전통시장,221,129,92,0,42,58,53,43,25,0,14,34,36,28,17,0,28,24,17,15,8
20244,R,전통시장,3130256,신동시장,12,12,0,0,0,0,4,4,4,0,0,0,4,4,4,0,0,0,0,0,0
20244,R,전통시장,3130257,영등포시장기계공구상가,279,157,122,0,50,69,68,54,38,0,18,39,42,32,26,0,32,30,26,22,12
20244,R,전통시장,3130258,영진시장A동,22,14,8,0,2,5,6,5,4,0,1,3,4,3,3,0,1,2,2,2,1
20244,R,전통시장,3130259,대신시장,28,11,17,0,5,7,7,5,4,0,1,3,3,2,2,0,4,4,4,3,2
20244,R,전통시장,3130260,신대방1동골목상권,452,288,164,0,85,146,105,74,42,0,44,94,73,48,29,0,41,52,32,26,13
20244,R,전통시장,3130261,성대전통시장(성대시장),389,237,152,0,13,79,118,94,85,0,9,61,74,47,46,0,4,18,44,47,39
20244,R,전통시장,3130262,상도도깨비 골목형상점가,58,34,24,0,6,15,17,14,6,0,3,8,10,10,3,0,3,7,7,4,3
20244,R,전통시장,3130263,신노량진시장(기능상실),60,32,28,0,9,18,15,12,6,0,5,8,7,8,4,0,4,10,8,4,2
20244,R,전통시장,3130264,상도약수골목형상점가,134,82,52,0,15,32,37,34,16,0,7,19,22,26,8,0,8,13,15,8,8
20244,R,전통시장,3130265,노량진중앙시장,107,62,45,0,13,26,27,27,14,0,5,16,17,15,9,0,8,10,10,12,5
20244,R,전통시장,3130266,만양로상점가,73,41,32,0,10,17,18,18,10,0,4,10,11,10,6,0,6,7,7,8,4
20244,R,전통시장,3130267,본동인정시장(기능상실),72,39,33,0,9,17,19,17,10,0,4,9,11,9,6,0,5,8,8,8,4
20244,R,전통시장,3130268,상도전통시장,564,324,240,0,90,137,137,125,75,0,39,76,83,75,51,0,51,61,54,50,24
20244,R,전통시장,3130269,강남시장(동작구 강남시장),82,47,35,0,13,20,20,18,11,0,6,11,12,11,7,0,7,9,8,7,4
20244,R,전통시장,3130270,흑석시장,3,3,0,0,0,1,1,1,0,0,0,1,1,1,0,0,0,0,0,0,0
20244,R,전통시장,3130271,남성역골목시장,267,140,127,0,23,37,61,50,96,0,9,19,24,23,65,0,14,18,37,27,31
20244,R,전통시장,3130272,사당시장,112,58,54,0,10,16,25,21,40,0,4,8,10,9,27,0,6,8,15,12,13
20244,R,전통시장,3130273,남성사계시장(남성시장),380,210,170,0,61,114,105,71,29,0,29,70,64,32,15,0,32,44,41,39,14
20244,R,전통시장,3130274,사당1동먹자골목상점가(사당1동먹자골목),492,265,227,0,79,126,135,90,62,0,22,61,68,57,57,0,57,65,67,33,5
20244,R,전통시장,3130275,강남골목시장,88,56,32,0,17,22,22,18,9,0,8,14,14,13,7,0,9,8,8,5,2
20244,R,전통시장,3130276,신림중앙시장(조원동 펭귄시장),50,33,17,0,9,13,13,10,5,0,4,9,9,7,4,0,5,4,4,3,1
20244,R,전통시장,3130277,조원동 펭귄시장(신림중앙시장),173,109,64,0,34,43,43,36,17,0,15,28,28,25,13,0,19,15,15,11,4
20244,R,전통시장,3130278,미성동 도깨비시장 골목형상점가,195,117,78,0,13,36,49,53,44,0,10,22,27,27,31,0,3,14,22,26,13
20244,R,전통시장,3130279,관악신사시장,373,266,107,0,60,111,114,65,23,0,27,77,91,52,19,0,33,34,23,13,4
20244,R,전통시장,3130280,신림종합시장,63,44,19,0,10,19,19,11,4,0,4,13,15,9,3,0,6,6,4,2,1
20244,R,전통시장,3130281,우림시장,66,38,28,0,4,14,16,23,9,0,1,7,8,14,8,0,3,7,8,9,1
20244,R,전통시장,3130282,난곡 골목형상점가,58,33,25,0,3,14,14,20,7,0,0,7,7,12,7,0,3,7,7,8,0
20244,R,전통시장,3130283,신원시장,103,68,35,0,0,24,34,32,13,0,0,13,23,21,11,0,0,11,11,11,2
20244,R,전통시장,3130284,관악종합시장(신원시장),12,8,4,0,0,3,4,3,2,0,0,2,3,2,1,0,0,1,1,1,1
20244,R,전통시장,3130285,서원동상점가,988,395,593,0,179,216,180,227,186,0,34,84,91,82,104,0,145,132,89,145,82
20244,R,전통시장,3130286,신신림시장(삼성동시장),51,29,22,0,4,10,15,15,7,0,1,5,8,8,7,0,3,5,7,7,0
20244,R,전통시장,3130287,삼성동 시장(삼성동시장),30,18,12,0,0,8,9,9,4,0,0,4,5,5,4,0,0,4,4,4,0
20244,R,전통시장,3130288,신림현대종합상가,56,32,24,0,8,10,14,12,12,0,4,5,8,7,8,0,4,5,6,5,4
20244,R,전통시장,3130289,봉일시장,157,75,82,0,21,30,33,44,29,0,7,14,17,20,17,0,14,16,16,24,12
20244,R,전통시장,3130290,영림시장,868,476,392,0,137,252,214,202,63,0,50,127,119,133,47,0,87,125,95,69,16
20244,R,전통시장,3130291,봉천제일종합시장,48,26,22,0,8,14,11,11,4,0,3,7,6,7,3,0,5,7,5,4,1
20244,R,전통시장,3130292,봉천현대시장,53,26,27,0,7,10,11,15,10,0,2,5,6,7,6,0,5,5,5,8,4
20244,R,전통시장,3130293,봉천중앙시장,127,58,69,0,12,22,29,39,25,0,4,11,13,18,12,0,8,11,16,21,13
20244,R,전통시장,3130294,관악중부시장,454,253,201,0,67,113,107,104,63,0,32,64,57,54,46,0,35,49,50,50,17
20244,R,전통시장,3130295,인헌시장(원당종합시장),528,308,220,0,109,157,138,81,43,0,49,97,83,41,38,0,60,60,55,40,5
20244,R,전통시장,3130296,남부종합시장,413,229,184,1,77,107,110,74,44,1,26,56,64,48,34,0,51,51,46,26,10
20244,R,전통시장,3130301,양재시장,408,265,143,4,96,113,93,61,41,2,49,76,66,41,31,2,47,37,27,20,10
20244,R,전통시장,3130302,강남시장(강남구 강남시장),97,59,38,0,20,29,25,15,8,0,8,18,17,10,6,0,12,11,8,5,2
20244,R,전통시장,3130303,영동전통시장,996,585,411,0,260,300,212,138,86,0,112,178,143,89,63,0,148,122,69,49,23
20244,R,전통시장,3130304,신사상가,128,72,56,0,29,39,30,20,10,0,11,22,20,13,6,0,18,17,10,7,4
20244,R,전통시장,3130305,논현종합시장,137,88,49,0,26,40,34,22,15,0,11,24,24,17,12,0,15,16,10,5,3
20244,R,전통시장,3130306,강남언주로,940,558,382,0,190,285,243,165,57,0,91,178,159,90,40,0,99,107,84,75,17
20244,R,전통시장,3130307,도곡시장,149,88,61,0,35,41,35,27,11,0,17,26,23,14,8,0,18,15,12,13,3
20244,R,전통시장,3130309,은마종합상점가,1533,857,676,9,278,422,353,289,182,4,128,258,227,149,91,5,150,164,126,140,91
20244,R,전통시장,3130310,강남개포시장,5643,3703,1940,2,992,1610,1354,1047,638,0,530,1078,932,669,494,2,462,532,422,378,144
20244,R,전통시장,3130311,새마을시장,1020,654,366,0,136,197,240,228,219,0,59,120,152,157,166,0,77,77,88,71,53
20244,R,전통시장,3130312,석촌시장,739,489,250,0,89,168,175,151,156,0,51,123,116,88,111,0,38,45,59,63,45
20244,R,전통시장,3130313,방이시장,3965,2278,1687,0,639,1019,897,846,564,0,359,663,549,397,310,0,280,356,348,449,254
20244,R,전통시장,3130314,풍납시장,567,343,224,0,52,127,167,168,53,0,32,75,92,93,51,0,20,52,75,75,2
20244,R,전통시장,3130315,문정동 로데오거리 상점가(문정동 로데오거리),7986,5972,2014,0,779,1554,2230,2802,621,0,441,1094,1706,2336,395,0,338,460,524,466,226
20244,R,전통시장,3130316,마천시장,69,45,24,0,5,16,21,19,8,0,3,10,12,12,8,0,2,6,9,7,0
20244,R,전통시장,3130317,마천중앙시장,212,141,71,0,11,50,66,59,26,0,8,33,37,37,26,0,3,17,29,22,0
20244,R,전통시장,3130318,로데오거리상점가,625,345,280,0,41,100,135,131,218,0,13,46,66,67,153,0,28,54,69,64,65
20244,R,전통시장,3130319,성내전통시장,95,69,26,0,16,20,23,18,18,0,13,14,14,14,14,0,3,6,9,4,4
20244,R,전통시장,3130320,암사종합시장,989,613,376,0,123,214,211,196,245,0,61,142,134,134,142,0,62,72,77,62,103
20244,R,전통시장,3130321,장신구 특화거리 상점가,1249,849,400,0,145,263,271,322,248,0,83,165,178,233,190,0,62,98,93,89,58
20244,R,전통시장,3130322,고분다리전통시장,82,49,33,0,3,12,18,18,31,0,1,6,9,11,22,0,2,6,9,7,9
20244,R,전통시장,3130323,둔촌역전통시장,262,160,102,0,35,61,66,54,46,0,19,39,40,31,31,0,16,22,26,23,15
20244,R,전통시장,3130324,길동복조리시장,147,75,72,0,20,29,34,37,27,0,7,16,18,17,17,0,13,13,16,20,10
20244,R,전통시장,3130325,명일전통시장,377,212,165,0,56,101,96,68,56,0,26,62,63,35,26,0,30,39,33,33,30
20244,R,전통시장,3130326,고덕 골목형상점가,278,175,103,0,14,35,62,97,70,0,1,15,36,67,56,0,13,20,26,30,14
20244,R,전통시장,3130327,"평화시장(남평화시장, 제일평화시장, 신평화패션타운)",894,486,408,0,276,192,168,156,102,0,120,102,86,106,72,0,156,90,82,50,30
